Analysis of Variance Table

Response: Distances
           Df Sum Sq  Mean Sq F value  Pr(>F)   
Groups     60 0.8371 0.013952  1.6647 0.00223 **
Residuals 454 3.8050 0.008381                   
---
Signif. codes:  0 ‘***’ 0.001 ‘**’ 0.01 ‘*’ 0.05 ‘.’ 0.1 ‘ ’ 1 

Permutation test for homogeneity of multivariate dispersions

No. of permutations: 999  

**** STRATA ****
Permutations are unstratified

**** SAMPLES ****
Permutation type: free 
Mirrored permutations for Samples?: No 

Response: Distances
           Df Sum Sq  Mean Sq      F N.Perm Pr(>F)    
Groups     60 0.8371 0.013952 1.6647    999  0.001 ***
Residuals 454 3.8050 0.008381                         
---
Signif. codes:  0 ‘***’ 0.001 ‘**’ 0.01 ‘*’ 0.05 ‘.’ 0.1 ‘ ’ 1 

Pairwise comparisons:
(Observed p-value below diagonal, permuted p-value above diagonal)
           CUB000     CUB003     CUB004     CUB007     CUB008     CUB009
CUB000            0.03000000 0.04900000 0.06500000 0.78700000 0.90200000
CUB003 0.02025986            0.95600000 0.74400000 0.04800000 0.00600000
CUB004 0.04333618 0.95563007            0.81000000 0.09100000 0.03200000
CUB007 0.07060064 0.73696882 0.80795511            0.13400000 0.04100000
CUB008 0.79782644 0.05099870 0.09062231 0.13936084            0.84700000
CUB009 0.89701495 0.00698942 0.02770635 0.03486525 0.84569715           
CUB010 0.05852702 0.81806619 0.87997835 0.92537275 0.11876038 0.02748915
CUB011 0.34851548 0.17206907 0.26447272 0.35510899 0.52702562 0.24424463
CUB012 0.57795565 0.14598047 0.19815628 0.29646655 0.75810092 0.59890174
CUB015 0.04936755 0.51064751 0.62129042 0.82476979 0.11498407 0.01050085
CUB016 0.17696548 0.32865435 0.43806118 0.57447836 0.30750051 0.08152510
CUB017 0.38455764 0.09101538 0.16118413 0.23296924 0.58869972 0.30186129
CUB019 0.41732360 0.07019297 0.13489323 0.19445154 0.63286141 0.32740628
CUB026 0.46337145 0.00333273 0.01207535 0.01655031 0.35111643 0.23204498
CUB027 0.66199191 0.05458108 0.10113519 0.15178299 0.87778017 0.66892139
CUB028 0.53606507 0.04925058 0.11557688 0.14718480 0.76624571 0.37730064
CUB029 0.69782750 0.00735885 0.02083373 0.03177127 0.53550679 0.51116538
CUB033 0.14610057 0.45004378 0.53126485 0.70590779 0.25511782 0.11404328
CUB037 0.34288767 0.24397486 0.31799272 0.44369579 0.50434764 0.31528169
CUB038 0.53946017 0.04985481 0.10828472 0.14848011 0.76820372 0.44863328
CUB040 0.28251060 0.21177159 0.28893155 0.41523465 0.44448574 0.24333608
CUB042 0.94774745 0.00676234 0.02388705 0.03372971 0.80363000 0.92504914
CUB044 0.08796357 0.44669890 0.54946915 0.73199857 0.17782173 0.03788253
CUB048 0.79118735 0.03267720 0.06544829 0.10384692 0.98854343 0.84244809
CUB050 0.46620246 0.07680092 0.13859368 0.20247770 0.67879072 0.40788091
CUB051 0.98640574 0.08846935 0.12895182 0.18991468 0.84271322 0.91746777
CUB052 0.31560453 0.36225012 0.42646278 0.57460198 0.45730855 0.31241100
CUB053 0.57963046 0.07393304 0.12768015 0.19017823 0.78965373 0.56732254
CUB056 0.76609435 0.00444744 0.01892661 0.02265887 0.57350798 0.46748682
NAU101 0.70214849 0.00459306 0.01623289 0.02282226 0.52676961 0.47031419
NAU105 0.60248539 0.28830126 0.34544713 0.45879742 0.74819756 0.61979191
NAU106 0.45216336 0.00162666 0.00850896 0.00980469 0.33111419 0.14067433
NAU109 0.28980534 0.45179125 0.51967797 0.66692911 0.42076575 0.27168724
NAU110 0.95818663 0.03080764 0.06071254 0.09483023 0.84655686 0.95417204
NAU121 0.07564140 0.53330147 0.63497342 0.82294882 0.15581285 0.02478259
NAU123 0.03656712 0.64275798 0.73914003 0.95852634 0.08856562 0.00746406
NAU132 0.22500845 0.00430089 0.00908968 0.01756535 0.18537135 0.14962353
NAU133 0.46459730 0.04071881 0.10183783 0.13337352 0.70268244 0.28715047
NAU134 0.29547410 0.48924133 0.55748188 0.70050008 0.42358741 0.27065657
NAU136 0.27014643 0.21367707 0.31570076 0.42035474 0.43307906 0.15695247
NAU147 0.33500348 0.14604617 0.24099873 0.32155098 0.51943577 0.20324546
NAU148 0.43544995 0.15244091 0.23485858 0.31866725 0.62113705 0.36043799
NAU149 0.82310614 0.01489905 0.04319788 0.06023788 0.93245826 0.87476492
NAU150 0.83893915 0.00843845 0.03179106 0.04049366 0.89975587 0.89607056
NAU154 0.04709766 0.88712303 0.86554926 0.69676306 0.09364371 0.02397958
NAU155 0.09215408 0.93049406 0.97022705 0.86743875 0.16026263 0.07879649
NAU157 0.19107152 0.23489907 0.33180939 0.46277873 0.33462388 0.11587706
NAU160 0.06846915 0.83176911 0.89133626 0.92255790 0.13351198 0.03037660
NAU164 0.65246479 0.27701186 0.33104383 0.44164542 0.79526133 0.67657857
NCS203 0.31725033 0.07690548 0.15197324 0.21506836 0.52224612 0.18678744
NCS204 0.81526252 0.04676378 0.09507108 0.13059631 0.98140337 0.85059121
NCS210 0.37687673 0.00129173 0.00689044 0.00801541 0.27665598 0.10029648
NCS212 0.88692410 0.00462097 0.02142849 0.02418770 0.66438914 0.59525715
NCS213 0.74190177 0.00568558 0.02364235 0.02663991 0.56331369 0.40662255
NCS214 0.31222910 0.26354814 0.34650071 0.47129260 0.46928315 0.26293965
NCS233 0.24406776 0.10473743 0.19237097 0.27150055 0.42682013 0.11707402
NCS234 0.74584380 0.02244155 0.04452104 0.06988854 0.60331858 0.61723108
NCS243 0.81530173 0.01054355 0.03035381 0.04230543 0.63373048 0.62649055
NCS248 0.51322380 0.00158305 0.00790063 0.00992092 0.37094794 0.21703662
NCS253 0.00722730 0.67333100 0.67836801 0.47210863 0.02142490 0.00101713
NCS263 0.82542995 0.01589712 0.03830769 0.05645334 0.65367477 0.67121237
           CUB010     CUB011     CUB012     CUB015     CUB016     CUB017
CUB000 0.05700000 0.36900000 0.59500000 0.05300000 0.19500000 0.38100000
CUB003 0.83500000 0.16500000 0.13400000 0.54900000 0.33800000 0.08700000
CUB004 0.88300000 0.27000000 0.20600000 0.63500000 0.44500000 0.17400000
CUB007 0.92800000 0.38200000 0.30400000 0.81600000 0.61700000 0.25000000
CUB008 0.12300000 0.52200000 0.75100000 0.13500000 0.33300000 0.58400000
CUB009 0.02700000 0.25400000 0.60300000 0.00600000 0.07600000 0.30700000
CUB010            0.33500000 0.25600000 0.75500000 0.54600000 0.20800000
CUB011 0.31041144            0.80400000 0.36700000 0.72000000 0.86600000
CUB012 0.26161593 0.80426491            0.31600000 0.58600000 0.90300000
CUB015 0.73724943 0.33942630 0.30324151            0.64000000 0.23900000
CUB016 0.51130217 0.67208191 0.55989788 0.62814027            0.54800000
CUB017 0.19687476 0.85590382 0.89473417 0.20845950 0.51417969           
CUB019 0.16262030 0.78509348 0.94590839 0.16130393 0.44572061 0.92571979
CUB026 0.01358007 0.09147625 0.26839430 0.00512902 0.03532561 0.09053668
CUB027 0.12828670 0.59695687 0.85259556 0.12401834 0.34097850 0.68332905
CUB028 0.12293533 0.62429269 0.93710458 0.08565963 0.31088859 0.74970926
CUB029 0.02603801 0.17949368 0.38824323 0.01512015 0.07777252 0.18922677
CUB033 0.63858432 0.59581289 0.45695443 0.81405870 0.87322787 0.44853273
CUB037 0.39506219 0.93454069 0.74920437 0.47650845 0.78236725 0.80321764
CUB038 0.12379958 0.63758973 0.93343523 0.10207740 0.33345137 0.75611952
CUB040 0.36402514 0.90201957 0.70671445 0.44901460 0.78235559 0.75497383
CUB042 0.02656188 0.24639371 0.56183488 0.01334785 0.08929257 0.29439907
CUB044 0.65474055 0.47225243 0.38640098 0.86152098 0.77599833 0.32342653
CUB048 0.08642721 0.47532245 0.72932689 0.07980394 0.25341542 0.54021815
CUB050 0.17100807 0.76483025 0.97693891 0.17539900 0.45018517 0.89091541
CUB051 0.16945946 0.51183349 0.66883350 0.16763897 0.34733310 0.53688616
CUB052 0.52262962 0.83834840 0.66671915 0.63788271 0.91329836 0.71257347
CUB053 0.16203061 0.68794493 0.93459855 0.16672942 0.41304695 0.78807797
CUB056 0.01820755 0.13686669 0.42359881 0.00541136 0.04521597 0.15692055
NAU101 0.01837136 0.14564109 0.38061988 0.00812298 0.05454506 0.15833120
NAU105 0.42170772 0.90903841 0.93923965 0.47705417 0.70959978 0.98762888
NAU106 0.00787954 0.05807188 0.25846296 0.00161666 0.01748376 0.06056680
NAU109 0.61379006 0.76657820 0.61727704 0.73901341 0.99940023 0.64067893
NAU110 0.07999573 0.40202846 0.62897830 0.06983749 0.21866063 0.44221333
NAU121 0.74360183 0.40548952 0.35259322 0.97621245 0.68402476 0.26823831
NAU123 0.86875041 0.26876656 0.24778753 0.82969570 0.51245801 0.15631155
NAU132 0.01501116 0.08130226 0.13552950 0.00991308 0.04296343 0.06627392
NAU133 0.10929726 0.64800015 0.97295839 0.07698646 0.30720836 0.79138984
NAU134 0.64836248 0.75317022 0.61493230 0.77288391 0.97749393 0.62981816
NAU136 0.36880309 0.87617771 0.70918463 0.42129334 0.78167604 0.71987274
NAU147 0.27809672 0.98332969 0.81070620 0.29124815 0.63262415 0.86391717
NAU148 0.27909861 0.90212446 0.88843010 0.29846380 0.60095231 0.97207054
NAU149 0.04865066 0.35190755 0.67240380 0.02957338 0.14820599 0.41821879
NAU150 0.03199569 0.27801790 0.63831919 0.01330593 0.09623357 0.34455189
NAU154 0.75929652 0.23470176 0.19997374 0.50757243 0.37532058 0.14242144
NAU155 0.92823695 0.37672315 0.27845816 0.71759499 0.54914126 0.26118872
NAU157 0.40362588 0.76567749 0.60291309 0.50206030 0.88193391 0.59993864
NAU160 0.99409207 0.32381609 0.28338491 0.73801955 0.52038829 0.20981924
NAU164 0.40648083 0.87229758 0.98079711 0.45640406 0.68150876 0.94256010
NCS203 0.17864755 0.88860890 0.85122195 0.17774102 0.50174993 0.94361214
NCS204 0.11147090 0.48821181 0.75186337 0.08879916 0.26867719 0.55137402
NCS210 0.00645845 0.04671959 0.22048303 0.00128144 0.01416119 0.04675964
NCS212 0.01925454 0.15220578 0.48481201 0.00479403 0.04598352 0.18462261
NCS213 0.02176373 0.13652724 0.43008689 0.00579945 0.04652892 0.15519280
NCS214 0.42045839 0.88918710 0.71569242 0.50335561 0.81982458 0.75165351
NCS233 0.22720466 0.97423734 0.75008637 0.24446109 0.61593133 0.79345405
NCS234 0.05978913 0.27796397 0.45339613 0.04713076 0.15313137 0.28516959
NCS243 0.03490693 0.21814138 0.46871515 0.01892724 0.09479066 0.23828412
NCS248 0.00785728 0.06959811 0.27505095 0.00201315 0.02099787 0.07413152
NCS253 0.54181032 0.07258670 0.08065220 0.24377497 0.15536322 0.03146603
NCS263 0.04728986 0.26063753 0.48630674 0.03155988 0.12707317 0.27902815
           CUB019     CUB026     CUB027     CUB028     CUB029     CUB033
CUB000 0.42300000 0.46400000 0.67000000 0.57000000 0.72600000 0.15500000
CUB003 0.06800000 0.00400000 0.04500000 0.05400000 0.01000000 0.46000000
CUB004 0.13600000 0.01300000 0.09600000 0.12500000 0.02400000 0.52300000
CUB007 0.18600000 0.01400000 0.15700000 0.15200000 0.02700000 0.70000000
CUB008 0.63400000 0.36800000 0.86800000 0.78700000 0.54000000 0.26000000
CUB009 0.33400000 0.23700000 0.65300000 0.40000000 0.51800000 0.12600000
CUB010 0.17100000 0.01500000 0.13300000 0.14200000 0.03000000 0.66600000
CUB011 0.79100000 0.10100000 0.60000000 0.64500000 0.17700000 0.61100000
CUB012 0.94600000 0.25400000 0.84400000 0.94100000 0.37900000 0.46900000
CUB015 0.16700000 0.00400000 0.11800000 0.10600000 0.01700000 0.84200000
CUB016 0.45900000 0.03200000 0.37700000 0.34600000 0.08200000 0.88200000
CUB017 0.93600000 0.08300000 0.66300000 0.77800000 0.19500000 0.43500000
CUB019            0.09800000 0.72300000 0.81000000 0.20100000 0.39000000
CUB026 0.09348178            0.25200000 0.11100000 0.72000000 0.04100000
CUB027 0.73661442 0.23945450            0.88900000 0.39800000 0.29200000
CUB028 0.81428063 0.11114809 0.88383481            0.28600000 0.33600000
CUB029 0.20292793 0.71115828 0.40454737 0.26552261            0.06100000
CUB033 0.39682042 0.04278457 0.29268047 0.32963465 0.07475406           
CUB037 0.74453541 0.12646396 0.57415773 0.63895650 0.20266158 0.67161612
CUB038 0.82039553 0.13078454 0.88795543 0.99676672 0.27941627 0.32121859
CUB040 0.69004453 0.08454849 0.51362260 0.57291720 0.15023720 0.66506995
CUB042 0.32198675 0.29442256 0.63319358 0.40451669 0.57245246 0.10267789
CUB044 0.26884331 0.01476333 0.19888343 0.18349806 0.03419109 0.93202558
CUB048 0.58588811 0.30957750 0.85395896 0.72621240 0.50529346 0.21184422
CUB050 0.95889762 0.12741373 0.78471228 0.87356717 0.24738219 0.39210815
CUB051 0.56697667 0.63058404 0.74641852 0.67483499 0.80102739 0.27923177
CUB052 0.66275532 0.13930936 0.51846795 0.59042203 0.20207299 0.80055039
CUB053 0.84622359 0.20244191 0.90211072 0.99557184 0.34541085 0.35136213
CUB056 0.16330260 0.52941871 0.41370092 0.16095265 0.87810778 0.07183111
NAU101 0.16861334 0.64689391 0.38371589 0.20767482 0.96825991 0.06345725
NAU105 0.97139274 0.34912955 0.81961098 0.88699633 0.45047665 0.61269391
NAU106 0.05972982 0.94007246 0.20793777 0.04820729 0.72156541 0.03325501
NAU109 0.59324592 0.13008207 0.47078615 0.52933774 0.18680153 0.89568065
NAU110 0.47681656 0.45569798 0.71747736 0.59695029 0.67405865 0.18285347
NAU121 0.21800867 0.01179563 0.16907400 0.13739170 0.02838008 0.84721947
NAU123 0.11881298 0.00394120 0.09390062 0.06351107 0.01121391 0.69436931
NAU132 0.07007392 0.50901367 0.13445451 0.11169422 0.35216939 0.02709051
NAU133 0.86570931 0.07510023 0.82092643 0.91774343 0.20559900 0.32190820
NAU134 0.58361342 0.13656768 0.46961511 0.52188349 0.19347283 0.92366995
NAU136 0.64605057 0.06072352 0.48812272 0.48412232 0.12828008 0.68855544
NAU147 0.78741209 0.07321003 0.59021146 0.60114479 0.16012829 0.56918356
NAU148 0.90790134 0.13886801 0.70283947 0.75992683 0.24660736 0.53138076
NAU149 0.45624501 0.24708437 0.77472791 0.56875043 0.48284214 0.15833426
NAU150 0.37540934 0.20348210 0.72565736 0.44421285 0.46253477 0.12869658
NAU154 0.11835093 0.01418964 0.09848800 0.09853111 0.02365271 0.46653617
NAU155 0.23145555 0.03847364 0.17913431 0.21651937 0.05544767 0.61955602
NAU157 0.52840265 0.03872238 0.38427643 0.39430840 0.08407655 0.75809266
NAU160 0.17407042 0.01666136 0.14191618 0.12978096 0.03140337 0.64892914
NAU164 0.98152965 0.39305242 0.86771483 0.93352507 0.49828548 0.58449728
NCS203 0.85795049 0.05060609 0.61096017 0.64246939 0.13207473 0.45197001
NCS204 0.59133343 0.33179066 0.85502171 0.71185368 0.53629342 0.25471400
NCS210 0.04559522 0.92189759 0.16792130 0.03704134 0.61116275 0.02679638
NCS212 0.19240612 0.37403788 0.48931765 0.16752303 0.72432230 0.08368198
NCS213 0.15830101 0.57405296 0.40661033 0.13487751 0.92168048 0.08067590
NCS214 0.69088256 0.10577650 0.53158557 0.58028001 0.17717331 0.71231255
NCS233 0.70437621 0.03372682 0.49704795 0.49068352 0.09380235 0.54287497
NCS234 0.30444268 0.76866229 0.49073881 0.39430493 0.99988907 0.12523327
NCS243 0.25430024 0.57977937 0.49152299 0.31355996 0.86824871 0.10160777
NCS248 0.07578995 0.82643303 0.24005036 0.07606446 0.81888816 0.03390234
NCS253 0.02186767 0.00083877 0.02051140 0.01189863 0.00216291 0.26220543
NCS263 0.29871125 0.61934791 0.52199147 0.37900523 0.88101435 0.11914572
           CUB037     CUB038     CUB040     CUB042     CUB044     CUB048
CUB000 0.36200000 0.52600000 0.30200000 0.94600000 0.09600000 0.81500000
CUB003 0.24000000 0.02900000 0.22400000 0.00800000 0.44600000 0.03100000
CUB004 0.31600000 0.11100000 0.29500000 0.02400000 0.56300000 0.07100000
CUB007 0.44400000 0.15100000 0.42600000 0.03100000 0.72400000 0.10800000
CUB008 0.47300000 0.75400000 0.45400000 0.79800000 0.19300000 0.98800000
CUB009 0.32200000 0.44500000 0.23900000 0.93200000 0.03600000 0.84700000
CUB010 0.39300000 0.14200000 0.38500000 0.02600000 0.66400000 0.10300000
CUB011 0.94000000 0.64300000 0.90100000 0.24300000 0.49200000 0.48700000
CUB012 0.72800000 0.93000000 0.69300000 0.55700000 0.37600000 0.72700000
CUB015 0.48000000 0.08800000 0.47500000 0.01100000 0.85800000 0.08000000
CUB016 0.78300000 0.33200000 0.80200000 0.10100000 0.79700000 0.28400000
CUB017 0.80200000 0.74700000 0.76700000 0.27100000 0.33300000 0.54000000
CUB019 0.75300000 0.82700000 0.71700000 0.30100000 0.24400000 0.59100000
CUB026 0.12200000 0.13100000 0.08300000 0.28800000 0.01400000 0.31500000
CUB027 0.57000000 0.88400000 0.52200000 0.63100000 0.19300000 0.84600000
CUB028 0.67100000 0.99700000 0.58900000 0.41100000 0.18000000 0.73800000
CUB029 0.20700000 0.25600000 0.15900000 0.56500000 0.04300000 0.52700000
CUB033 0.68500000 0.32100000 0.68200000 0.08900000 0.92300000 0.23900000
CUB037            0.63900000 0.98300000 0.28300000 0.59400000 0.43400000
CUB038 0.63227416            0.58000000 0.45200000 0.18700000 0.73900000
CUB040 0.97639590 0.56841447            0.23100000 0.59400000 0.43500000
CUB042 0.29185522 0.44449615 0.22492317            0.03300000 0.80500000
CUB044 0.58646074 0.19326689 0.56969323 0.03914413            0.15000000
CUB048 0.45974104 0.73057377 0.39679859 0.79684082 0.13553463           
CUB050 0.72456393 0.87463556 0.67070050 0.39087835 0.27620180 0.63695876
CUB051 0.48065223 0.66839356 0.42754572 0.94941592 0.22294557 0.83788198
CUB052 0.89489921 0.57626625 0.90735696 0.28351983 0.73565747 0.41576624
CUB053 0.65314490 0.99804594 0.59726977 0.53645366 0.25282856 0.75847895
CUB056 0.20671671 0.22133644 0.14688297 0.59288238 0.02083416 0.54018281
NAU101 0.18601582 0.23600377 0.13293641 0.55226548 0.02316562 0.49392019
NAU105 0.86161496 0.88142600 0.83222908 0.58725485 0.55510789 0.72103516
NAU106 0.10931532 0.08036089 0.06830233 0.23310396 0.00746646 0.28511159
NAU109 0.82217528 0.51628458 0.82622566 0.24812677 0.83490576 0.37730369
NAU110 0.39360669 0.60002075 0.33253156 0.99856786 0.11688897 0.84368836
NAU121 0.52830210 0.15179860 0.50407357 0.02792368 0.89631636 0.11506497
NAU123 0.39408898 0.07517491 0.36150890 0.00928435 0.71638457 0.05915181
NAU132 0.07385971 0.10256064 0.04991372 0.15616237 0.01690372 0.15553358
NAU133 0.65319648 0.92553972 0.58653297 0.32038431 0.17388990 0.65578944
NAU134 0.80827110 0.50993764 0.80974234 0.24904757 0.86586061 0.37945324
NAU136 0.96149132 0.50520817 0.98263866 0.16525539 0.56676935 0.37764083
NAU147 0.91821401 0.62432808 0.88241471 0.21635314 0.43163450 0.46498819
NAU148 0.85151073 0.76448055 0.81162507 0.35072343 0.41589052 0.57624860
NAU149 0.38809336 0.60091940 0.31741942 0.82330504 0.07252904 0.93911765
NAU150 0.34533100 0.51069868 0.27181129 0.83809939 0.04537926 0.90302900
NAU154 0.29558994 0.09558294 0.26136934 0.02220476 0.46107440 0.06654444
NAU155 0.41342547 0.20069474 0.38824140 0.06734623 0.64851004 0.12755273
NAU157 0.86336635 0.40462567 0.87585532 0.11510237 0.64817482 0.28224580
NAU160 0.41357224 0.13304786 0.38139527 0.03036787 0.66044447 0.09822989
NAU164 0.82529081 0.92949948 0.79378750 0.64399965 0.53036716 0.77183786
NCS203 0.83130525 0.66509349 0.78241740 0.19940558 0.30551959 0.46664176
NCS204 0.49825881 0.72574592 0.43319533 0.81036598 0.15632040 0.99106238
NCS210 0.09045914 0.06156289 0.05468518 0.17302521 0.00587323 0.23139616
NCS212 0.23971331 0.25831351 0.17340448 0.74317722 0.02213134 0.63852309
NCS213 0.21716963 0.20627515 0.15518454 0.54939441 0.02312411 0.52701725
NCS214 0.95919714 0.57774895 0.97870243 0.24720313 0.62127421 0.42154243
NCS233 0.94231152 0.52240065 0.90518547 0.13164302 0.39274262 0.36838595
NCS234 0.27583960 0.39309781 0.22147370 0.65754535 0.07867582 0.57926590
NCS243 0.25619042 0.34041658 0.19578284 0.70022172 0.04498107 0.60881834
NCS248 0.11589610 0.10735348 0.07395651 0.30926828 0.00837634 0.32788781
NCS253 0.13294255 0.01391312 0.10340957 0.00122163 0.22510594 0.01162330
NCS263 0.28067390 0.39228111 0.22132051 0.72929708 0.06272388 0.63178170
           CUB050     CUB051     CUB052     CUB053     CUB056     NAU101
CUB000 0.45400000 0.98200000 0.32200000 0.60200000 0.76000000 0.70400000
CUB003 0.07400000 0.08100000 0.35100000 0.07200000 0.00400000 0.00600000
CUB004 0.14300000 0.12900000 0.40400000 0.13800000 0.01400000 0.01700000
CUB007 0.21600000 0.21300000 0.58200000 0.20900000 0.01900000 0.02400000
CUB008 0.69300000 0.83600000 0.45600000 0.78900000 0.56900000 0.51200000
CUB009 0.41400000 0.91800000 0.30600000 0.58800000 0.46500000 0.49300000
CUB010 0.17900000 0.17900000 0.53900000 0.19400000 0.01000000 0.01900000
CUB011 0.78100000 0.52800000 0.85300000 0.70600000 0.14100000 0.13000000
CUB012 0.97100000 0.65700000 0.65600000 0.93800000 0.41300000 0.38000000
CUB015 0.20200000 0.17400000 0.64500000 0.20200000 0.00900000 0.00700000
CUB016 0.48300000 0.34700000 0.91000000 0.44300000 0.04200000 0.06300000
CUB017 0.90600000 0.53700000 0.72800000 0.77900000 0.15200000 0.14800000
CUB019 0.94300000 0.56700000 0.65900000 0.86400000 0.15500000 0.16500000
CUB026 0.12500000 0.65600000 0.12600000 0.22600000 0.51900000 0.64600000
CUB027 0.78300000 0.73500000 0.52100000 0.89300000 0.41500000 0.38300000
CUB028 0.88400000 0.67900000 0.59500000 0.99500000 0.17700000 0.19200000
CUB029 0.25200000 0.78700000 0.19700000 0.37500000 0.88600000 0.95700000
CUB033 0.40200000 0.27200000 0.81100000 0.37200000 0.07000000 0.06100000
CUB037 0.72700000 0.47800000 0.89900000 0.65300000 0.19900000 0.18600000
CUB038 0.88000000 0.64000000 0.56200000 0.99600000 0.20300000 0.23900000
CUB040 0.67800000 0.43200000 0.91400000 0.64700000 0.16700000 0.14100000
CUB042 0.39600000 0.96000000 0.26500000 0.54600000 0.59100000 0.57200000
CUB044 0.27000000 0.22700000 0.73700000 0.26300000 0.01900000 0.03100000
CUB048 0.66300000 0.86700000 0.40400000 0.76500000 0.54500000 0.50300000
CUB050            0.62300000 0.64600000 0.89000000 0.23100000 0.23000000
CUB051 0.60127198            0.44000000 0.72000000 0.85700000 0.83400000
CUB052 0.64627565 0.44199163            0.59100000 0.21400000 0.19100000
CUB053 0.88925180 0.68407106 0.58554583            0.35000000 0.34500000
CUB056 0.22425271 0.86045457 0.22153204 0.34821194            0.89800000
NAU101 0.21743453 0.80976114 0.19240230 0.32311651 0.89612686           
NAU105 0.94935868 0.68928179 0.78764770 0.88333187 0.48466242 0.44415512
NAU106 0.09441904 0.63530294 0.12982847 0.17288470 0.46300916 0.63913674
NAU109 0.58205809 0.42505570 0.92450227 0.53208743 0.19668443 0.17391807
NAU110 0.52491906 0.95752019 0.36292076 0.63606638 0.73284541 0.67491498
NAU121 0.23035359 0.21020551 0.67769650 0.21697151 0.01405251 0.01768391
NAU123 0.13180871 0.13959786 0.54919599 0.12772413 0.00409513 0.00595481
NAU132 0.08376705 0.37434140 0.07181046 0.11630288 0.28474508 0.31540645
NAU133 0.92394262 0.62026406 0.59501741 0.94143828 0.10854778 0.15157674
NAU134 0.57447795 0.43452128 0.90746742 0.52871499 0.19942123 0.17876855
NAU136 0.63642531 0.44340268 0.92737463 0.57455879 0.08502770 0.09711572
NAU147 0.76666743 0.50637418 0.82240965 0.68651721 0.10382068 0.12221639
NAU148 0.87977110 0.58001304 0.76815852 0.79337677 0.21640044 0.21465949
NAU149 0.52587355 0.86644629 0.36827889 0.67208435 0.47008542 0.45186469
NAU150 0.45707480 0.87932196 0.33741764 0.61898640 0.40309506 0.41667896
NAU154 0.12602455 0.14549014 0.39993978 0.12251023 0.01808409 0.01724799
NAU155 0.23157829 0.19852246 0.50913305 0.21239032 0.05895018 0.04883880
NAU157 0.52129045 0.35125087 0.99506737 0.46485998 0.06172941 0.06419986
NAU160 0.18435233 0.19037315 0.54057332 0.17715595 0.02073165 0.02188766
NAU164 0.99588432 0.72742850 0.75475917 0.92982131 0.53689521 0.49441516
NCS203 0.82572222 0.48871741 0.73431104 0.72285405 0.08032345 0.09725484
NCS204 0.64667408 0.86150801 0.46805398 0.76688919 0.54210389 0.51416680
NCS210 0.07378230 0.57279434 0.11015709 0.13962107 0.35342909 0.52042259
NCS212 0.26651051 0.94220933 0.25444596 0.41116399 0.75843753 0.70987915
NCS213 0.22159638 0.84552780 0.23671478 0.34582158 0.93817131 0.94550023
NCS214 0.67498996 0.46090677 0.93368455 0.60971565 0.16801154 0.15639556
NCS233 0.68556522 0.42130930 0.82713044 0.60174358 0.04928080 0.06441829
NCS234 0.34409108 0.82838747 0.26251509 0.43318775 0.90711878 0.97471522
NCS243 0.30895492 0.88740932 0.25686592 0.42350399 0.96614267 0.88458400
NCS248 0.11306646 0.67817891 0.13192973 0.19771359 0.59938469 0.75276202
NCS253 0.02714671 0.05210692 0.23011861 0.02950153 0.00072784 0.00102104
NCS263 0.34828635 0.89126039 0.27367620 0.45514295 0.97305633 0.89836015
           NAU105     NAU106     NAU109     NAU110     NAU121     NAU123
CUB000 0.61700000 0.45100000 0.30000000 0.96000000 0.06900000 0.04100000
CUB003 0.29900000 0.00100000 0.46000000 0.03700000 0.51700000 0.62800000
CUB004 0.36400000 0.00900000 0.53000000 0.06700000 0.63400000 0.75700000
CUB007 0.46200000 0.00900000 0.66200000 0.10200000 0.85000000 0.96000000
CUB008 0.74400000 0.33300000 0.43500000 0.83300000 0.14900000 0.08400000
CUB009 0.61000000 0.12800000 0.29400000 0.95800000 0.01600000 0.00400000
CUB010 0.43300000 0.00700000 0.61800000 0.09200000 0.75900000 0.85700000
CUB011 0.92700000 0.04200000 0.77200000 0.44100000 0.42300000 0.28600000
CUB012 0.94100000 0.26800000 0.62300000 0.64900000 0.35400000 0.23600000
CUB015 0.48300000 0.00100000 0.75600000 0.08700000 0.98100000 0.83500000
CUB016 0.74400000 0.01700000 1.00000000 0.24800000 0.67300000 0.54300000
CUB017 0.99000000 0.06800000 0.66100000 0.43700000 0.26800000 0.14600000
CUB019 0.97100000 0.06700000 0.60700000 0.46800000 0.21900000 0.12500000
CUB026 0.36600000 0.95400000 0.12400000 0.46800000 0.01000000 0.00200000
CUB027 0.79700000 0.20600000 0.48500000 0.70400000 0.16600000 0.08700000
CUB028 0.86800000 0.05700000 0.56700000 0.59800000 0.13500000 0.05800000
CUB029 0.47500000 0.71400000 0.19400000 0.71600000 0.03600000 0.01000000
CUB033 0.62200000 0.03800000 0.91800000 0.18300000 0.85000000 0.67800000
CUB037 0.86100000 0.11000000 0.83100000 0.40300000 0.54100000 0.38000000
CUB038 0.86800000 0.07400000 0.51800000 0.59600000 0.14900000 0.07800000
CUB040 0.83800000 0.06700000 0.83900000 0.36100000 0.53400000 0.35500000
CUB042 0.60400000 0.23200000 0.24100000 0.99800000 0.02100000 0.00600000
CUB044 0.56300000 0.01000000 0.84200000 0.13200000 0.90800000 0.71200000
CUB048 0.72400000 0.27900000 0.39400000 0.84400000 0.11500000 0.06900000
CUB050 0.95000000 0.08800000 0.57500000 0.53500000 0.23500000 0.12300000
CUB051 0.69500000 0.66500000 0.44200000 0.95300000 0.21600000 0.12900000
CUB052 0.80400000 0.12600000 0.93700000 0.37000000 0.66000000 0.54300000
CUB053 0.90400000 0.18300000 0.56500000 0.66400000 0.22500000 0.13700000
CUB056 0.46400000 0.46900000 0.20800000 0.75000000 0.01500000 0.00300000
NAU101 0.44800000 0.65500000 0.16200000 0.66200000 0.01900000 0.00800000
NAU105            0.36500000 0.76600000 0.64300000 0.53500000 0.41100000
NAU106 0.34116900            0.11400000 0.44600000 0.00400000 0.00100000
NAU109 0.74366195 0.11705035            0.33500000 0.80100000 0.65200000
NAU110 0.64682366 0.44173407 0.33529365            0.11200000 0.05500000
NAU121 0.52215275 0.00503742 0.77321400 0.10186613            0.81400000
NAU123 0.41663110 0.00127499 0.64751065 0.05311725 0.82479142           
NAU132 0.20947420 0.45472140 0.07807246 0.23532907 0.01743978 0.00785014
NAU133 0.90904992 0.02748973 0.52746571 0.52759238 0.12648024 0.05507516
NAU134 0.74028491 0.12130611 0.98054218 0.34070489 0.80473231 0.68279033
NAU136 0.83392024 0.03357972 0.84876497 0.32010385 0.48821869 0.33489401
NAU147 0.91632411 0.03870825 0.74856987 0.38929420 0.36103885 0.22561946
NAU148 0.97338744 0.10280501 0.70421165 0.49003036 0.36070930 0.23799946
NAU149 0.67761238 0.18553036 0.32617942 0.87963196 0.05407020 0.02112996
NAU150 0.65028424 0.11742118 0.29366380 0.89854784 0.03003441 0.00940926
NAU154 0.34802258 0.00894902 0.48179884 0.06517741 0.53351596 0.60937598
NAU155 0.42644167 0.03257454 0.59985824 0.11884242 0.72534952 0.81726788
NAU157 0.74961840 0.02325175 0.91424287 0.23526343 0.56250664 0.39764518
NAU160 0.44453291 0.00935847 0.62799041 0.09201724 0.74572287 0.86573542
NAU164 0.96813813 0.38793738 0.71552709 0.69473368 0.50130132 0.39957927
NCS203 0.95723847 0.02369846 0.65454530 0.37438556 0.24121009 0.12851853
NCS204 0.74933739 0.28475247 0.42901034 0.86381218 0.13068681 0.06867618
NCS210 0.30512045 0.82267107 0.10031859 0.37196649 0.00405669 0.00101840
NCS212 0.53450087 0.25134494 0.22265620 0.84337649 0.01367896 0.00363574
NCS213 0.49497806 0.49862757 0.21203257 0.71246328 0.01544237 0.00457534
NCS214 0.83442328 0.08483206 0.85881407 0.36205325 0.55690041 0.41637173
NCS233 0.87731866 0.01385919 0.73999695 0.29601417 0.31463566 0.17834393
NCS234 0.50934796 0.78631555 0.25107760 0.72563868 0.07162717 0.03692720
NCS243 0.52154896 0.55866314 0.23463698 0.78367641 0.03582482 0.01422170
NCS248 0.35220985 0.85494880 0.11803836 0.49704339 0.00579698 0.00151060
NCS253 0.19702755 0.00025508 0.29986955 0.01208002 0.28185186 0.34015627
NCS263 0.53606261 0.61340816 0.25392381 0.79589721 0.05312174 0.02402455
           NAU132     NAU133     NAU134     NAU136     NAU147     NAU148
CUB000 0.24200000 0.45300000 0.30000000 0.28100000 0.35200000 0.43600000
CUB003 0.00400000 0.03600000 0.47500000 0.22200000 0.13400000 0.15500000
CUB004 0.00700000 0.10200000 0.56900000 0.33800000 0.23900000 0.23400000
CUB007 0.02500000 0.14100000 0.71500000 0.44700000 0.33400000 0.31900000
CUB008 0.18800000 0.71500000 0.43100000 0.45100000 0.51700000 0.60700000
CUB009 0.15300000 0.29500000 0.28400000 0.18000000 0.19900000 0.36500000
CUB010 0.01600000 0.11000000 0.65700000 0.42300000 0.31200000 0.30800000
CUB011 0.08600000 0.62500000 0.76000000 0.90200000 0.98200000 0.90200000
CUB012 0.14200000 0.96600000 0.60900000 0.70900000 0.80300000 0.89600000
CUB015 0.01000000 0.06500000 0.77400000 0.44700000 0.27800000 0.33000000
CUB016 0.05100000 0.32600000 0.97800000 0.78900000 0.65800000 0.61500000
CUB017 0.06300000 0.78100000 0.61700000 0.75600000 0.86600000 0.97000000
CUB019 0.06600000 0.85900000 0.59600000 0.66200000 0.77500000 0.91000000
CUB026 0.52800000 0.06200000 0.13800000 0.06300000 0.07500000 0.12500000
CUB027 0.13500000 0.82400000 0.45600000 0.52200000 0.59500000 0.68700000
CUB028 0.11900000 0.92000000 0.53200000 0.50200000 0.61200000 0.76700000
CUB029 0.34200000 0.19400000 0.19200000 0.13800000 0.15800000 0.25600000
CUB033 0.02800000 0.31000000 0.93300000 0.69000000 0.57400000 0.53200000
CUB037 0.06900000 0.65200000 0.79500000 0.95200000 0.91300000 0.85300000
CUB038 0.10200000 0.92900000 0.49600000 0.52700000 0.63700000 0.75300000
CUB040 0.04300000 0.57800000 0.82000000 0.98100000 0.88300000 0.80000000
CUB042 0.14900000 0.33400000 0.25000000 0.18500000 0.21800000 0.34700000
CUB044 0.01800000 0.18300000 0.88000000 0.58000000 0.44100000 0.41100000
CUB048 0.16500000 0.64100000 0.36700000 0.42400000 0.48200000 0.58000000
CUB050 0.07300000 0.91700000 0.59500000 0.65600000 0.77700000 0.90300000
CUB051 0.38400000 0.58600000 0.45100000 0.47600000 0.52200000 0.60000000
CUB052 0.06900000 0.57900000 0.91200000 0.94200000 0.81900000 0.77800000
CUB053 0.12700000 0.94600000 0.55500000 0.59000000 0.69900000 0.80000000
CUB056 0.27300000 0.08100000 0.18600000 0.10100000 0.10200000 0.21900000
NAU101 0.32400000 0.14100000 0.18000000 0.10000000 0.12300000 0.23200000
NAU105 0.19100000 0.91700000 0.74400000 0.86400000 0.92000000 0.97700000
NAU106 0.45300000 0.01900000 0.09800000 0.02600000 0.03700000 0.08500000
NAU109 0.06800000 0.52300000 0.97800000 0.87000000 0.74700000 0.68700000
NAU110 0.24400000 0.52400000 0.34900000 0.35000000 0.39700000 0.49800000
NAU121 0.01100000 0.11000000 0.80100000 0.46900000 0.35200000 0.37300000
NAU123 0.00500000 0.05100000 0.68200000 0.37800000 0.23200000 0.25300000
NAU132            0.06800000 0.09500000 0.06500000 0.07200000 0.09900000
NAU133 0.08063469            0.52500000 0.49900000 0.65400000 0.80800000
NAU134 0.08861487 0.51809952            0.84400000 0.74100000 0.68300000
NAU136 0.06277463 0.49599772 0.83147101            0.85000000 0.78800000
NAU147 0.07501054 0.62862952 0.73463096 0.84934294            0.91200000
NAU148 0.10549454 0.79250184 0.69457611 0.78523647 0.91106732           
NAU149 0.14761374 0.48010323 0.32580401 0.25248823 0.32282570 0.46766486
NAU150 0.13701778 0.34828132 0.29194146 0.18235373 0.23695346 0.40050868
NAU154 0.01545126 0.08389405 0.51699984 0.27421768 0.20890107 0.21516992
NAU155 0.02347882 0.19894703 0.63544596 0.43130889 0.35676725 0.34113919
NAU157 0.03407996 0.39871757 0.89229687 0.88902773 0.73438994 0.67791527
NAU160 0.02031653 0.11525563 0.66114577 0.38066750 0.28945056 0.29434424
NAU164 0.23640607 0.95820112 0.71426049 0.80000849 0.87843927 0.93503186
NCS203 0.04978597 0.68491473 0.64058716 0.73390041 0.89932622 0.98308328
NCS204 0.20869635 0.63924808 0.43008520 0.39002120 0.46917084 0.59098203
NCS210 0.52170352 0.02057767 0.10489008 0.02695632 0.03073010 0.08382413
NCS212 0.22687812 0.10935949 0.22338416 0.09082486 0.11083294 0.24695376
NCS213 0.32612433 0.08786653 0.21496537 0.08494931 0.09965139 0.21702267
NCS214 0.07155257 0.59087123 0.84308931 0.99472026 0.86981289 0.80751899
NCS233 0.03843415 0.51693752 0.72234642 0.86986095 0.95053076 0.85457378
NCS234 0.42023626 0.33182482 0.26094724 0.22053490 0.26401964 0.34420781
NCS243 0.30657403 0.24623850 0.23972608 0.15577256 0.19241073 0.29885978
NCS248 0.38545991 0.04664164 0.12213387 0.04109822 0.05011490 0.11865759
NCS253 0.00225588 0.00852040 0.33270305 0.09097217 0.05413686 0.06752832
NCS263 0.32856873 0.31120498 0.26054212 0.19631749 0.24000632 0.33857301
           NAU149     NAU150     NAU154     NAU155     NAU157     NAU160
CUB000 0.82800000 0.83700000 0.05700000 0.08700000 0.19900000 0.07500000
CUB003 0.01700000 0.00400000 0.89900000 0.93200000 0.22700000 0.82700000
CUB004 0.04800000 0.02900000 0.85700000 0.96800000 0.32800000 0.89500000
CUB007 0.07600000 0.04000000 0.72000000 0.87100000 0.49100000 0.90700000
CUB008 0.92600000 0.90000000 0.08600000 0.16000000 0.32800000 0.12800000
CUB009 0.89400000 0.90900000 0.02600000 0.08700000 0.12700000 0.02200000
CUB010 0.05800000 0.03100000 0.77300000 0.92700000 0.40000000 0.99400000
CUB011 0.36700000 0.27400000 0.25200000 0.38800000 0.75600000 0.33300000
CUB012 0.67100000 0.63900000 0.19100000 0.27400000 0.62800000 0.28300000
CUB015 0.02800000 0.01300000 0.53700000 0.73000000 0.50800000 0.76300000
CUB016 0.17800000 0.09300000 0.44400000 0.61200000 0.89900000 0.56100000
CUB017 0.43600000 0.32900000 0.15700000 0.27000000 0.63500000 0.19200000
CUB019 0.47100000 0.36100000 0.12700000 0.23100000 0.52800000 0.16100000
CUB026 0.26400000 0.20100000 0.01200000 0.04000000 0.03400000 0.01300000
CUB027 0.78100000 0.70800000 0.09400000 0.17800000 0.39500000 0.15400000
CUB028 0.56500000 0.44000000 0.09900000 0.23200000 0.41500000 0.13600000
CUB029 0.51100000 0.44300000 0.02400000 0.06500000 0.10300000 0.03000000
CUB033 0.18100000 0.12400000 0.47300000 0.61200000 0.73900000 0.65600000
CUB037 0.39200000 0.32200000 0.29600000 0.39100000 0.85100000 0.42300000
CUB038 0.59900000 0.49700000 0.10200000 0.20300000 0.40600000 0.13900000
CUB040 0.33000000 0.28100000 0.25200000 0.42000000 0.88600000 0.39300000
CUB042 0.82400000 0.82800000 0.02000000 0.07000000 0.11500000 0.03300000
CUB044 0.08500000 0.04400000 0.45200000 0.66400000 0.67800000 0.68400000
CUB048 0.93900000 0.90900000 0.06900000 0.15400000 0.30200000 0.10900000
CUB050 0.54500000 0.43900000 0.13900000 0.25900000 0.50400000 0.20300000
CUB051 0.87800000 0.88400000 0.15300000 0.20200000 0.37500000 0.21000000
CUB052 0.43000000 0.33400000 0.39500000 0.50300000 0.99700000 0.53700000
CUB053 0.67500000 0.61800000 0.13400000 0.23400000 0.49700000 0.19700000
CUB056 0.47100000 0.39300000 0.02000000 0.06000000 0.04800000 0.01700000
NAU101 0.44300000 0.41300000 0.02400000 0.05500000 0.06500000 0.03000000
NAU105 0.66400000 0.63400000 0.36500000 0.43700000 0.75000000 0.46600000
NAU106 0.18800000 0.10200000 0.01300000 0.04000000 0.02200000 0.00400000
NAU109 0.33900000 0.28200000 0.50500000 0.60600000 0.92200000 0.62700000
NAU110 0.89200000 0.90000000 0.07200000 0.11600000 0.23800000 0.09900000
NAU121 0.05300000 0.02800000 0.54900000 0.75300000 0.55700000 0.76800000
NAU123 0.02100000 0.00600000 0.63300000 0.81100000 0.42800000 0.87500000
NAU132 0.14900000 0.12500000 0.01900000 0.02300000 0.02900000 0.01600000
NAU133 0.50000000 0.32500000 0.07800000 0.21200000 0.39300000 0.12200000
NAU134 0.35800000 0.25900000 0.50900000 0.64100000 0.87400000 0.65600000
NAU136 0.27900000 0.18300000 0.32200000 0.47200000 0.90700000 0.40300000
NAU147 0.33500000 0.22600000 0.21200000 0.37700000 0.75000000 0.31600000
NAU148 0.47600000 0.39200000 0.22900000 0.36800000 0.65900000 0.30100000
NAU149            0.95100000 0.04400000 0.13400000 0.20700000 0.05600000
NAU150 0.95770574            0.02600000 0.07900000 0.12200000 0.03600000
NAU154 0.03982410 0.02731114            0.88100000 0.30500000 0.77800000
NAU155 0.10306334 0.08683898 0.86104344            0.45300000 0.92600000
NAU157 0.18537827 0.13536772 0.28413268 0.44324871            0.41400000
NAU160 0.05444033 0.03519864 0.77481881 0.93679287 0.41634722           
NAU164 0.73181075 0.70698555 0.33830964 0.40996399 0.71491189 0.43019828
NCS203 0.31459173 0.22414362 0.12661943 0.25784926 0.60807262 0.18815834
NCS204 0.95080111 0.91286624 0.09328227 0.17617423 0.30527615 0.12308660
NCS210 0.14013393 0.08377345 0.00756988 0.02753329 0.01813976 0.00780667
NCS212 0.57930298 0.50699065 0.01893025 0.06684813 0.06975174 0.02125711
NCS213 0.43689312 0.34799503 0.02253607 0.07020801 0.06482307 0.02443702
NCS214 0.33905898 0.29091411 0.31631125 0.44717195 0.90850693 0.43701709
NCS233 0.22245279 0.14342016 0.15775014 0.30628431 0.73764442 0.23669308
NCS234 0.58066007 0.57547115 0.05311339 0.09135884 0.15375092 0.07097790
NCS243 0.58818929 0.56794441 0.03190361 0.07667509 0.10876994 0.04065873
NCS248 0.24416695 0.18325976 0.00831675 0.03016865 0.02698779 0.00943922
NCS253 0.00327474 0.00127141 0.85343134 0.70262679 0.10172022 0.56165142
NCS263 0.62678617 0.61819862 0.04208393 0.08725456 0.13752642 0.05538451
           NAU164     NCS203     NCS204     NCS210     NCS212     NCS213
CUB000 0.65500000 0.31400000 0.82300000 0.41900000 0.90600000 0.74800000
CUB003 0.26600000 0.07700000 0.04300000 0.00200000 0.00400000 0.00600000
CUB004 0.35300000 0.15500000 0.09100000 0.01200000 0.02200000 0.01900000
CUB007 0.45700000 0.23500000 0.12300000 0.01200000 0.02800000 0.03500000
CUB008 0.80800000 0.55000000 0.98200000 0.28400000 0.66300000 0.54000000
CUB009 0.67100000 0.18600000 0.85900000 0.10100000 0.57500000 0.40500000
CUB010 0.44000000 0.20700000 0.11600000 0.00700000 0.02700000 0.02400000
CUB011 0.88300000 0.89600000 0.50700000 0.04700000 0.14500000 0.15100000
CUB012 0.98400000 0.83900000 0.75000000 0.22800000 0.50300000 0.39900000
CUB015 0.47000000 0.20800000 0.09200000 0.00300000 0.00800000 0.00600000
CUB016 0.69500000 0.53900000 0.29400000 0.01300000 0.04300000 0.04500000
CUB017 0.95000000 0.94600000 0.57600000 0.04700000 0.18300000 0.15000000
CUB019 0.97700000 0.84600000 0.59200000 0.04700000 0.17800000 0.14100000
CUB026 0.40500000 0.05000000 0.32700000 0.92600000 0.39400000 0.57200000
CUB027 0.88400000 0.63200000 0.85400000 0.16400000 0.48500000 0.39400000
CUB028 0.93000000 0.65100000 0.72700000 0.04900000 0.15900000 0.14700000
CUB029 0.54200000 0.13900000 0.53600000 0.64600000 0.72000000 0.93300000
CUB033 0.58700000 0.45000000 0.27800000 0.02300000 0.07300000 0.07200000
CUB037 0.83800000 0.82800000 0.48900000 0.09400000 0.23500000 0.20600000
CUB038 0.93300000 0.66000000 0.73400000 0.06300000 0.24700000 0.21900000
CUB040 0.79000000 0.77700000 0.44800000 0.05000000 0.17200000 0.17300000
CUB042 0.62700000 0.19600000 0.81200000 0.18100000 0.77200000 0.54900000
CUB044 0.54600000 0.29800000 0.16500000 0.00400000 0.01900000 0.02100000
CUB048 0.79600000 0.48600000 0.99300000 0.26400000 0.61800000 0.53600000
CUB050 0.99500000 0.85800000 0.65200000 0.06400000 0.24700000 0.19800000
CUB051 0.74900000 0.51100000 0.84500000 0.57500000 0.95100000 0.86000000
CUB052 0.78400000 0.72400000 0.46000000 0.10500000 0.27200000 0.22500000
CUB053 0.93400000 0.74000000 0.76700000 0.14200000 0.44700000 0.33700000
CUB056 0.56400000 0.07100000 0.56400000 0.39200000 0.75700000 0.93400000
NAU101 0.51900000 0.10000000 0.52600000 0.52400000 0.73100000 0.94000000
NAU105 0.96000000 0.96300000 0.75600000 0.30400000 0.53900000 0.46500000
NAU106 0.40500000 0.02100000 0.27900000 0.82600000 0.22600000 0.50900000
NAU109 0.72100000 0.65400000 0.44400000 0.09200000 0.22500000 0.21400000
NAU110 0.70500000 0.37600000 0.88700000 0.39700000 0.83700000 0.70500000
NAU121 0.51700000 0.24900000 0.12800000 0.00700000 0.01000000 0.01500000
NAU123 0.42300000 0.13500000 0.07200000 0.00200000 0.00300000 0.00400000
NAU132 0.24100000 0.04900000 0.21900000 0.51400000 0.21900000 0.32500000
NAU133 0.94400000 0.67700000 0.64100000 0.02000000 0.09400000 0.08300000
NAU134 0.72700000 0.67200000 0.43800000 0.11200000 0.22500000 0.21500000
NAU136 0.80500000 0.76800000 0.40100000 0.02900000 0.09300000 0.08800000
NAU147 0.86900000 0.89500000 0.46800000 0.03200000 0.12200000 0.09600000
NAU148 0.93200000 0.98600000 0.60100000 0.06800000 0.22100000 0.20600000
NAU149 0.72700000 0.34300000 0.96800000 0.15200000 0.59500000 0.43300000
NAU150 0.70600000 0.22800000 0.92000000 0.09000000 0.52500000 0.32400000
NAU154 0.35300000 0.12700000 0.09200000 0.00500000 0.02300000 0.02100000
NAU155 0.43600000 0.27500000 0.19700000 0.03700000 0.07200000 0.07700000
NAU157 0.72400000 0.61300000 0.30400000 0.01700000 0.06400000 0.06700000
NAU160 0.44500000 0.19200000 0.12600000 0.00900000 0.02100000 0.02100000
NAU164            0.92300000 0.78200000 0.37700000 0.59700000 0.56900000
NCS203 0.91149733            0.46900000 0.01700000 0.08800000 0.07600000
NCS204 0.79521608 0.46616303            0.23500000 0.65500000 0.55600000
NCS210 0.34945411 0.01774351 0.23339900            0.17200000 0.39300000
NCS212 0.58903069 0.08850170 0.63384617 0.18030594            0.66400000
NCS213 0.54551572 0.07470344 0.52271379 0.38293877 0.67094787           
NCS214 0.80030856 0.77393128 0.45597099 0.06987409 0.19294971 0.17670162
NCS233 0.83485657 0.82591016 0.36910362 0.01043333 0.05151279 0.04588731
NCS234 0.55231765 0.23161295 0.61908983 0.69725877 0.79295558 0.94119430
NCS243 0.57080043 0.16453559 0.62958144 0.45968176 0.87122594 0.92369149
NCS248 0.40068991 0.03333754 0.33525695 0.69353478 0.38426474 0.64801268
NCS253 0.19225061 0.02113479 0.01675130 0.00021171 0.00060487 0.00095544
NCS263 0.58327790 0.21123850 0.65929588 0.52021288 0.88812409 0.93701830
           NCS214     NCS233     NCS234     NCS243     NCS248     NCS253 NCS263
CUB000 0.31800000 0.26100000 0.75600000 0.80700000 0.52400000 0.00600000  0.817
CUB003 0.27400000 0.10400000 0.01900000 0.00700000 0.00300000 0.68400000  0.017
CUB004 0.37700000 0.19400000 0.05200000 0.02500000 0.00700000 0.67600000  0.025
CUB007 0.49500000 0.29400000 0.07100000 0.04200000 0.00400000 0.48300000  0.060
CUB008 0.48100000 0.44600000 0.61000000 0.63800000 0.39900000 0.02500000  0.667
CUB009 0.28200000 0.12400000 0.63500000 0.62700000 0.21800000 0.00100000  0.706
CUB010 0.44900000 0.25600000 0.06200000 0.03100000 0.00900000 0.58700000  0.038
CUB011 0.88800000 0.97400000 0.27700000 0.23000000 0.06600000 0.06900000  0.268
CUB012 0.73800000 0.77400000 0.45900000 0.46100000 0.24500000 0.06700000  0.482
CUB015 0.53900000 0.27000000 0.05200000 0.02100000 0.00400000 0.24800000  0.033
CUB016 0.83700000 0.64400000 0.16600000 0.11100000 0.02100000 0.16700000  0.131
CUB017 0.74800000 0.82200000 0.28000000 0.25100000 0.06800000 0.03000000  0.279
CUB019 0.69700000 0.69100000 0.32500000 0.25200000 0.06700000 0.02000000  0.255
CUB026 0.11600000 0.03100000 0.77800000 0.58500000 0.83100000 0.00100000  0.616
CUB027 0.55100000 0.53000000 0.53100000 0.51000000 0.22300000 0.01600000  0.528
CUB028 0.60000000 0.50300000 0.39900000 0.34100000 0.08000000 0.01700000  0.360
CUB029 0.18800000 0.09700000 1.00000000 0.87100000 0.81300000 0.00400000  0.870
CUB033 0.70600000 0.56200000 0.14000000 0.09900000 0.02700000 0.26300000  0.100
CUB037 0.95700000 0.94100000 0.28700000 0.26200000 0.09900000 0.12600000  0.262
CUB038 0.59300000 0.53800000 0.41800000 0.34800000 0.10400000 0.01200000  0.393
CUB040 0.97900000 0.91200000 0.24700000 0.24100000 0.06300000 0.11200000  0.237
CUB042 0.25300000 0.14000000 0.66900000 0.72500000 0.27900000 0.00100000  0.732
CUB044 0.64200000 0.40600000 0.08500000 0.04700000 0.00600000 0.20100000  0.068
CUB048 0.44600000 0.39500000 0.62100000 0.61400000 0.34800000 0.00700000  0.626
CUB050 0.69500000 0.68000000 0.33900000 0.32900000 0.10400000 0.02500000  0.342
CUB051 0.48800000 0.44500000 0.85200000 0.89500000 0.69400000 0.05100000  0.912
CUB052 0.93700000 0.84500000 0.30000000 0.27000000 0.13600000 0.22100000  0.256
CUB053 0.64400000 0.63600000 0.46700000 0.44900000 0.19300000 0.02800000  0.474
CUB056 0.17100000 0.04300000 0.92600000 0.97100000 0.58600000 0.00100000  0.967
NAU101 0.17200000 0.06900000 0.97200000 0.89600000 0.75700000 0.00100000  0.895
NAU105 0.86300000 0.87500000 0.53200000 0.52400000 0.34300000 0.19900000  0.533
NAU106 0.07900000 0.01300000 0.80600000 0.57700000 0.84400000 0.00100000  0.614
NAU109 0.85800000 0.75500000 0.28600000 0.25800000 0.11500000 0.31200000  0.260
NAU110 0.37000000 0.30000000 0.73900000 0.80800000 0.50000000 0.01400000  0.783
NAU121 0.54900000 0.30600000 0.07900000 0.03500000 0.00900000 0.29200000  0.046
NAU123 0.43200000 0.19900000 0.05000000 0.01200000 0.00300000 0.36200000  0.023
NAU132 0.06900000 0.03600000 0.43100000 0.32300000 0.39000000 0.00600000  0.324
NAU133 0.59300000 0.50900000 0.35600000 0.22900000 0.03700000 0.00800000  0.318
NAU134 0.85300000 0.73300000 0.27900000 0.25100000 0.11700000 0.36700000  0.264
NAU136 0.99600000 0.88300000 0.23500000 0.18300000 0.04800000 0.09600000  0.214
NAU147 0.87300000 0.95000000 0.27700000 0.19600000 0.04500000 0.05900000  0.239
NAU148 0.82200000 0.86300000 0.38000000 0.30300000 0.11300000 0.06500000  0.328
NAU149 0.38000000 0.25200000 0.58500000 0.59700000 0.24300000 0.00300000  0.625
NAU150 0.30200000 0.13800000 0.61000000 0.56500000 0.16600000 0.00200000  0.616
NAU154 0.32200000 0.15300000 0.05600000 0.04000000 0.00700000 0.87000000  0.026
NAU155 0.46500000 0.30900000 0.10500000 0.08200000 0.02700000 0.73600000  0.101
NAU157 0.91500000 0.73400000 0.15000000 0.10400000 0.02600000 0.10500000  0.141
NAU160 0.43600000 0.23800000 0.08700000 0.04000000 0.01200000 0.58200000  0.053
NAU164 0.82500000 0.83800000 0.61700000 0.57300000 0.42000000 0.21500000  0.580
NCS203 0.76500000 0.82400000 0.26200000 0.16800000 0.03100000 0.02400000  0.213
NCS204 0.45700000 0.39300000 0.64000000 0.63300000 0.35700000 0.01200000  0.666
NCS210 0.07500000 0.00600000 0.70300000 0.46800000 0.70300000 0.00100000  0.538
NCS212 0.20400000 0.04400000 0.80600000 0.89100000 0.38600000 0.00100000  0.900
NCS213 0.19000000 0.04600000 0.93600000 0.92800000 0.63500000 0.00100000  0.928
NCS214            0.88700000 0.27500000 0.22300000 0.07800000 0.14700000  0.255
NCS233 0.88700041            0.19500000 0.11900000 0.01700000 0.02600000  0.154
NCS234 0.25528763 0.18263139            0.91200000 0.85100000 0.01200000  0.906
NCS243 0.22262339 0.11646695 0.89480578            0.64600000 0.00300000  0.999
NCS248 0.09122318 0.01976600 0.85962987 0.65428412            0.00100000  0.671
NCS253 0.14039424 0.03023663 0.00990106 0.00286392 0.00025477             0.005
NCS263 0.25106010 0.15790429 0.90287497 0.99793026 0.69557727 0.00538110       
