NAU132_vs._NAU132	0.697702533894	0.700998487088	0.639562814505	0.635001700532	0.709688346193	0.675424262792	0.546477578945	0.622896994503	0.675540075324	0.332074365259	0.370254364499	0.379803395459	0.329031277409	0.340898819545	0.585332168938	0.416740150449	0.39380563834	0.356941705881	0.359052738668	0.331015398386	0.389178080446	0.583643652555	0.399663802665	0.407305212007	0.352420172355	0.37724829084	0.345157880518	0.550236732503	0.380369396317	0.348375933728	0.364455013198	0.382623173863	0.510255673546	0.351159296672	0.332567525954	0.291102843088	0.57972564435	0.396528585847	0.379806711345	0.566785822634	0.407666465458	0.393188018532	0.491610290872	0.538648645973	0.412043596912
NAU101_vs._NAU101	0.4795490155	0.482325681117	0.416427542997	0.50198508227	0.475494227962	0.46887615137	0.492033445011	0.499886113374	0.449934012143	0.496899957027	0.468881061997	0.452498661667	0.502113918	0.476730216034	0.507377850247	0.48812127386	0.51422276134	0.459849757821	0.470717031355	0.506016350818	0.486672237984	0.509178964528	0.500306117089	0.496390767012	0.467786232699	0.455195122736	0.421358219521	0.473115336937	0.472108860772	0.478004885855	0.485311271653	0.461302721548	0.518352063082	0.490059954462	0.504045674574	0.499300428282	0.542637148708	0.520666681382	0.439494834843	0.459469917624	0.440273578508	0.538463933101	0.444023687816	0.585796263767	0.579536783104
NAU133_vs._NAU133	0.580123509207	0.636044473919	0.454265212141	0.512009424844	0.619389079447	0.584987187956	0.451334226279	0.441893737742	0.520646482222	0.471582443832	0.520525558023	0.479833068938	0.489374806855	0.484117877168	0.516127200357	0.502358414185	0.559838738957	0.543102538705	0.530326831581	0.570122998968	0.583981342573	0.428696601252	0.517694680055	0.517262283738	0.411078586179	0.426429873008	0.550920394686	0.531134911991	0.459782990193	0.460159473674	0.515008749661	0.520731766511	0.548378934141	0.530471313888	0.537868545869	0.423928124012
CUB052_vs._CUB052	0.518400668241	0.518616931722	0.561105159524	0.52191475942	0.516945881622	0.526613461286	0.508865084423	0.515415226792	0.550815079007	0.496111758251	0.506525684974	0.518139741493	0.49704900065	0.46381225476	0.471979390544	0.506429058422	0.58598670448	0.53238770589	0.499258539613	0.519929183089	0.509288917874	0.492895810104	0.539053427391	0.546277278082	0.527425130823	0.51725305325	0.524347970757	0.531517926787	0.518563766004	0.591313146862	0.515517913956	0.503281592251	0.521870652909	0.526155889086	0.570769377614	0.477641672066	0.456160417113	0.549485029266	0.577449500465	0.484975760459	0.530335543502	0.570032695748	0.54418716912	0.551250610771	0.570978225811
CUB042_vs._CUB042	0.45644824118	0.530070079795	0.526766419188	0.481519221099	0.474632270381	0.54755778279	0.543466607637	0.581771607921	0.540936037946	0.523869936229	0.51357595669	0.475417083753	0.468178686842	0.556462669074	0.528328130904	0.564304543617	0.535028400116	0.50178567489	0.48279527133	0.5438237336	0.52015705496	0.506668660774	0.588892238664	0.50431384662	0.471229093093	0.55038382624	0.513187034965	0.498893785052	0.55835909545	0.473182838732	0.499656638585	0.508940907973	0.50128332847	0.553484161054	0.501071239169	0.582224572376	0.565923270945	0.581615224292	0.564110864656	0.519001473355	0.533736203734	0.498529171358	0.560062836357	0.512177920354	0.550394769183
CUB061_vs._CUB061	0.524247165503	0.529409108032	0.53153324832	0.535565282437	0.533733799863	0.550300758894	0.587810660217	0.580805686713	0.548989643339	0.593178896318	0.576276976727	0.577279152948	0.528515099767	0.450731961729	0.534226947781
CUB048_vs._CUB048	0.589501141829	0.532950156002	0.617230321233	0.545784608513	0.563901842976	0.620212770451	0.607821214314	0.597455170483	0.465481508662	0.536148158815	0.508568925072	0.575001226788	0.570110385131	0.488640742592	0.512819929717	0.491770174359	0.532896816524	0.55415047589	0.531109792185	0.554272300542	0.534702534994	0.478436843092	0.503048106454	0.497248987503	0.511639160734	0.511127050659	0.473559432427	0.574674326999	0.548560952922	0.546659242036	0.53815166996	0.539282176603	0.633329095265	0.566788762899	0.569610896549	0.55769443103	0.559941680597	0.527145681177	0.552391670413	0.53307852552	0.51843772277	0.500223583611	0.526543802766	0.574767555263	0.551989365724	0.466835982242	0.489479414738	0.587614595395	0.533782408651	0.499336289119	0.599568671562	0.518658738781	0.575746224681	0.483632439883	0.49954080673
CUB050_vs._CUB050	0.495743379616	0.499843153351	0.509835491971	0.568227689945	0.525274531866	0.532965670913	0.478861193288	0.475156300983	0.517930353701	0.51723459725	0.507673327002	0.553227636537	0.53303715787	0.560169577043	0.484168943426	0.481970515322	0.537368328816	0.528891879826	0.588489028948	0.541272476031	0.544599070629	0.500948138934	0.515713371786	0.547417565764	0.577453682613	0.569320977654	0.564238059125	0.491941520468	0.508201384188	0.587630044311	0.575429196396	0.646049049696	0.55956821856	0.58251361092	0.568546865196	0.579447698808	0.542690360603	0.535026867668	0.494879060705	0.543790087418	0.547934750458	0.599096266602	0.477111811016	0.53052869803	0.546804539483
NAU106_vs._NAU106	0.521904326058	0.553269238958	0.517980318379	0.583531923365	0.531977932769	0.53318891009	0.62042332078	0.600095212222	0.52471802662	0.496962210332	0.564415940372	0.526402282806	0.53782810436	0.569008841448	0.581597839577	0.509761357705	0.590774040136	0.507640346155	0.533424937375	0.539545790036	0.585054172838	0.528287646384	0.463119520998	0.518916784397	0.527481977694	0.530594925044	0.574004275189	0.563455749478	0.546770240579	0.536909281681	0.52793218964	0.558660102111	0.546070350994	0.567946393362	0.550515825476	0.54589194993
NAU117_vs._NAU117	0.575985826502	0.489570669602	0.528495133095	0.528268012744	0.517234581897	0.625407927158	0.615019990394	0.600902688537	0.589377269195	0.539169783799	0.547522923526	0.506668086497	0.568016392841	0.503484950816	0.537899857413
NAU164_vs._NAU164	0.608043663216	0.511147306852	0.501790257181	0.504105573724	0.546382145093	0.495051631372	0.547696039119	0.577835141299	0.649277635201	0.643792010512	0.601483758704	0.461145197183	0.525347271654	0.559841025845	0.465729030674	0.518584385037	0.549868644012	0.489955944585	0.539516402282	0.496811418107	0.560930304724
NAU149_vs._NAU149	0.551638963367	0.530969716378	0.573508268273	0.586946368266	0.585779388848	0.515120082714	0.562851663707	0.54533112187	0.554798118854	0.578706381152	0.567769126791	0.52923316051	0.531785851921	0.524523479191	0.569294308503	0.549029665994	0.497720913926	0.558697628242	0.56298724202	0.521414392304	0.530424448435	0.549293258705	0.58243283359	0.495830352602	0.555071697774	0.54603740991	0.461309971946	0.536368628367	0.503685550526	0.526442387539	0.560597796474	0.500734735893	0.533543496913	0.532092886524	0.538499456893	0.514687936221	0.533998541332	0.52062869127	0.524036100391	0.588746201343	0.530813802499	0.577221697356	0.55814576461	0.535108141132	0.571582331846	0.536391515331	0.518489994502	0.62791684708	0.54366443248	0.596351301815	0.53171024593	0.538836712577	0.533786524596	0.516090197497	0.56322768	0.541213353174	0.595643391506	0.552644755232	0.497690013345	0.525451199014	0.547833999147	0.500285524268	0.558916515455	0.503107353818	0.524355256823	0.597920080253	0.553823288641	0.5547448148	0.514166147872	0.563019441294	0.541046875989	0.517079924106	0.559974546849	0.526857433153	0.557667531049	0.603535052682	0.592677187587	0.564513204211
NCS243_vs._NCS243	0.52523941129	0.536407072665	0.574606741101	0.538008101107	0.570331662182	0.498654820247	0.530525129026	0.522789459067	0.60036395236	0.56650290491	0.549943830359	0.524808663669	0.536277722339	0.612014841392	0.55699456213	0.5257044458	0.516384796897	0.528048556104	0.59601573569	0.648889899662	0.598103301113	0.571445914293	0.596853796011	0.527657055012	0.527680435673	0.563420286235	0.563524060728	0.518620765696
NCS210_vs._NCS210	0.575504526383	0.566714113164	0.594496333569	0.563770216518	0.54966319708	0.628803434568	0.562232981937	0.583189312292	0.509172233368	0.51965481187	0.491726334007	0.456871605262	0.438432356338	0.534362116837	0.471432025762	0.597000503756	0.547857454714	0.535234122811	0.585685810573	0.557331092362	0.581276469354	0.555983399091	0.533516561493	0.531078570376	0.594799588757	0.547024720411	0.506193959512	0.525061330971	0.504986860087	0.535179948568	0.503008948327	0.557694178464	0.498559352706	0.586842675736	0.480354617087	0.56653982944
NAU110_vs._NAU110	0.612899821823	0.594680776467	0.571768271491	0.558306728093	0.550521265144	0.531296509769	0.575394834307	0.542714829754	0.598229852107	0.608767355611	0.611590357703	0.614775033022	0.603535963301	0.608582294951	0.597099966237	0.610046782303	0.617937635711	0.600143281068	0.580699681841	0.583299300872	0.579525800306	0.628370070185	0.594093404907	0.643677382365	0.48182510607	0.497500162584	0.516411308473	0.46002577004	0.499630387277	0.48756957026	0.479575381448	0.52987434	0.479550378602	0.494694661293	0.505673820916	0.51031263026	0.497853178614	0.468349129028	0.509115036526	0.541667997031	0.519876454206	0.560303180668	0.466002259916	0.435123967753	0.47997065121
CUB026_vs._CUB026	0.592736520517	0.602074470809	0.653625288021	0.589321447295	0.608571858743	0.619127461957	0.6034828404	0.550310072177	0.622073936785	0.55123783658	0.535092805558	0.588643779879	0.598942715046	0.564145416816	0.499496315039	0.501363410867	0.50859385381	0.523727885199	0.605498099906	0.522996191948	0.550094404161	0.610918150965	0.51506675143	0.51379348458	0.548722136778	0.477596731341	0.555908563473	0.521111550668
CUB040_vs._CUB040	0.664783914341	0.65290464301	0.681484794521	0.681493686427	0.683585789439	0.622895444819	0.699396634891	0.63210063658	0.664687806836	0.553579042511	0.565031472146	0.538345515606	0.532731266307	0.547671394093	0.527873620838	0.549088012179	0.594009450639	0.485609620819	0.577489589129	0.560834861614	0.539790097087	0.582709887146	0.508329188794	0.522303905657	0.528254525013	0.543227238266	0.54964683864	0.549041727002	0.472886555953	0.587590524318	0.545727880793	0.557447671189	0.523039887644	0.542927894228	0.616506808856	0.543018364134	0.506293605809	0.524437042534	0.62705463735	0.567063513703	0.524134037317	0.577146942845	0.506966859111	0.656965934986	0.565903351089
CUB000_vs._CUB000	0.571589929202	0.519580807675	0.553601938406	0.635203285451	0.573734558699	0.478920006386	0.601513887923	0.536259559363	0.599923143984	0.494450963634	0.504274504217	0.521144695964	0.517271437447	0.557603253751	0.508589016843	0.476927622346	0.488572728659	0.554639100609	0.585834723115	0.529718222794	0.523202671986	0.554538890364	0.487380290273	0.553744417835	0.567993278033	0.560058519375	0.582756384284	0.577324740826	0.518053930157	0.561408970809	0.564264031712	0.652990813267	0.586767438088	0.575572138396	0.538551086426	0.576894902763	0.560980486474	0.550696932812	0.539472077146	0.590817848392	0.506898919662	0.601599912787	0.55545323906	0.547918442247	0.522214865921
CUB012_vs._CUB012	0.527515276783	0.519318801464	0.599579843594	0.563997094524	0.54428651643	0.582490593035	0.546265366698	0.513017907094	0.5058804779	0.627652062456	0.551660168932	0.509670368874	0.594471723931	0.538463292841	0.488530620636	0.619059211597	0.542171116793	0.446903315205	0.576815840115	0.554510878238	0.484439312501	0.627401777085	0.556624251421	0.525577065248	0.574803973159	0.616071175192	0.560891300075	0.626479661713	0.566626524397	0.559534349639	0.555906061519	0.531397455517	0.512279374509	0.562336647899	0.587108335774	0.521468322782
NAU102_vs._NAU102	0.533556023094	0.56694412995	0.518487761484	0.523494312722	0.556254886379	0.587868242899	0.573626014096	0.542337075525	0.602272036641	0.615281597781	0.587145011444	0.60493403607	0.552546258437	0.551401208044	0.545631693522
NAU147_vs._NAU147	0.538604112124	0.606614238542	0.570420549436	0.564106617097	0.574711673413	0.547877937358	0.540240392468	0.552514183662	0.565326901113	0.574215266809	0.558416415755	0.591492047581	0.501577621805	0.543211260324	0.561661530405	0.509932691274	0.495644989989	0.557006414055	0.489076888892	0.545023350819	0.506864285193	0.603690953225	0.599750809047	0.58059362416	0.586942690148	0.584267314744	0.657786022561	0.603729990103	0.6271106501	0.608026884472	0.505510395989	0.58471514861	0.534087665996	0.503698423381	0.546271379469	0.559530157197	0.528326446919	0.549181626233	0.612237552944	0.533270020914	0.529621717746	0.55350661996	0.584186919463	0.542393914412	0.577847281449	0.553094242084	0.562597324728	0.601651714021	0.589977349787	0.582223390062	0.580984068705	0.512871212262	0.57285807696	0.537063468189	0.568716748442	0.552450488142	0.538284032498	0.525774170211	0.550107704705	0.524075438653	0.600596776323	0.577476796957	0.578114821852	0.612081979146	0.524639847575	0.569566870206
CUB005_vs._CUB005	0.558670053699	0.544263993193	0.521435421733	0.563332188562	0.573762595121	0.555397927287	0.547335786888	0.561793488785	0.572470088653	0.556587390626	0.589209306403	0.602512790066	0.532709401946	0.570990748541	0.612056780744
CUB027_vs._CUB027	0.543946069616	0.536493051481	0.595545928603	0.605490115468	0.49362354161	0.577508449416	0.530099211848	0.512193456809	0.512821871325	0.575859641042	0.572060280954	0.526292613337	0.618981849329	0.526303271202	0.549540304312	0.541620113538	0.575188863896	0.527889826923	0.589003855462	0.553049167704	0.527389759269	0.541306310891	0.54448219382	0.573232438747	0.600771902329	0.591275792674	0.559625558289	0.669026428862	0.582525451563	0.620604933429	0.590248236179	0.517143451712	0.518217097583	0.593358710456	0.586942675274	0.565414092603
CUB053_vs._CUB053	0.575435021399	0.576269100668	0.549502246729	0.531769473423	0.529508618053	0.558438811688	0.501765024589	0.597028012583	0.599489350265	0.569366345686	0.575026488401	0.580972360021	0.555081223595	0.549412210253	0.581860224213	0.512586813844	0.588038246533	0.501368964332	0.621469695955	0.539353970641	0.621304369163	0.534644947168	0.453178340649	0.608969027799	0.522749544066	0.638278418173	0.483781014152	0.567037152544	0.511995648901	0.617146589216	0.596328287943	0.503229233096	0.630212646098	0.543510621865	0.618797374758	0.544027766774
CUB019_vs._CUB019	0.557469311587	0.610493871452	0.565600198589	0.554727635623	0.600629700817	0.557382273898	0.550684198148	0.563093317742	0.514653463289	0.516359379664	0.523846964289	0.533909956535	0.597472451909	0.529028254707	0.508770369333	0.520099305029	0.56041467865	0.565138548458	0.6043779452	0.645700791516	0.580292849713	0.524964877484	0.581606215724	0.637871572427	0.581480310601	0.569085634043	0.581402521776	0.577885734892	0.590995830937	0.58051938602	0.624148561893	0.544381583882	0.544048643971	0.55213346311	0.57297521517	0.624914504252	0.630731535727	0.605810479192	0.612711502285	0.512907526242	0.52693967027	0.563109490397	0.517926648655	0.57185123118	0.55260629221
NAU137_vs._NAU137	0.515279321203	0.564826994324	0.544779552469	0.600773148722	0.511975520848	0.592819419321	0.567087914103	0.611346593184	0.565370309328	0.537236152633	0.591238273223	0.564647719777	0.604063215731	0.54376203661	0.618666276425
CUB032_vs._CUB032	0.548886376014	0.545874504498	0.597092162855	0.521863508615	0.548939579525	0.584421390207	0.600654549899	0.592350309895	0.524873210879	0.601299793027
NAU160_vs._NAU160	0.505920153316	0.512890288877	0.502177479963	0.535380598951	0.545201365094	0.607456498433	0.57761840755	0.627326777489	0.553720948185	0.5054357496	0.486577087224	0.515468652503	0.563780937497	0.559977852666	0.543801539707	0.59261502359	0.535957622196	0.531695031529	0.549219392999	0.544952509207	0.584330996034	0.559318294724	0.590430600518	0.529446699289	0.541056116623	0.530558975786	0.576843109844	0.567746769762	0.598281816428	0.538067229949	0.583397695779	0.604782301807	0.593980997661	0.650165565516	0.574191246255	0.601392664635	0.587454363934	0.632541464734	0.537392752643	0.600115297032	0.578418893163	0.577459393023	0.589443978946	0.588180555579	0.607160891551
NAU161_vs._NAU161	0.650827649988	0.650029530233	0.628153665928	0.676843720704	0.642336616051	0.612847444904	0.560653780197	0.546702606278	0.550511116217	0.512775824376	0.551927633914	0.582256678175	0.555652791117	0.552745387062	0.593854515749	0.575052701607	0.581789308661	0.510812215868	0.54306042106	0.553516232749	0.57053679616
NAU153_vs._NAU153	0.581487050637	0.570653969644	0.578135099797	0.57172177329	0.601491615873	0.528356116559	0.543250116002	0.522585573338	0.613574270256	0.554581664191	0.531631921097	0.562048764874	0.501356692218	0.57913026564	0.582479696066
NCS248_vs._NCS248	0.551224501863	0.585123152312	0.576001576578	0.606615962724	0.592532808198	0.574910436625	0.570106198902	0.563516865878	0.6029592348	0.550861237409	0.594071911263	0.568632157174	0.537027362786	0.568360173814	0.592154505183	0.634612484596	0.619750876566	0.616975542739	0.572013576684	0.588425757729	0.550213875464	0.587442177334	0.588315581529	0.591007348211	0.571944996791	0.582914857667	0.567033929644	0.575131379058	0.599562454011	0.570926515101	0.577245212089	0.596700818189	0.575741214419	0.562866164169	0.553106207442	0.586368759524
NCS253_vs._NCS253	0.575779493543	0.58303951961	0.581221256463	0.581308569391	0.578002283651	0.631862564036	0.612863902076	0.670195612619	0.59191969107	0.524465165175	0.522229147372	0.54276035614	0.574572571305	0.5576394219	0.543485898984	0.655235456322	0.580645822079	0.52990744225	0.508229100858	0.578333542322	0.554029906472	0.571915252938	0.669434468205	0.586905339567	0.530785277432	0.569475508486	0.566645647824	0.582815234487	0.636858375343	0.568957641126	0.552333400184	0.572550443814	0.597748548104	0.650233412235	0.575488246908	0.64973528748	0.632544644822	0.545757226386	0.538911235053	0.572141680962	0.740448346875	0.631533886656	0.730783156829	0.653677475426	0.557382185988
CUB056_vs._CUB056	0.591545199303	0.581365929838	0.594861654435	0.59252724097	0.60181273919	0.581299793837	0.563665354729	0.613663243075	0.565705167871	0.529352408706	0.579615815094	0.527953788412	0.618160366798	0.589881076032	0.614714626305	0.582001024409	0.591973290405	0.581508310216	0.560554369394	0.579842686982	0.558771724101	0.607323561211	0.575254469485	0.544047792033	0.57501461267	0.557728855904	0.565656307123	0.558959379804
CUB038_vs._CUB038	0.645895548983	0.615346798644	0.56710190077	0.616096914851	0.579125219507	0.568661452096	0.615459317001	0.683441027507	0.663696996879	0.702631132958	0.625687757201	0.683579727032	0.698924465732	0.574468101121	0.609542293367	0.533572385163	0.557135923461	0.580804259336	0.57669361914	0.528160602389	0.54290340853	0.548418417006	0.571462631641	0.602058573068	0.581734052906	0.541879559888	0.549780916977	0.587049134076
All_within_PersonalID	0.58325280381	0.650860093979	0.618484756303	0.643414332529	0.640769680966	0.730548982062	0.64806539391	0.611055492563	0.657831705408	0.659742158361	0.73568594627	0.661605836622	0.665454473927	0.662049584807	0.763120337802	0.577847662385	0.580771497861	0.647120452849	0.584538506921	0.648470363109	0.63438338647	0.612344593554	0.60551042053	0.626872823365	0.615942564302	0.632552023345	0.642576304861	0.57405958652	0.570716650165	0.620998551678	0.57081646712	0.597370216996	0.626066505671	0.568899829543	0.629675107789	0.612306073432	0.573003101622	0.578120235704	0.616096515347	0.575103029749	0.584013398654	0.564186264007	0.61561829447	0.577007026831	0.539373113127	0.596986037955	0.574383058538	0.58194341289	0.603786144981	0.610698062045	0.58954946605	0.570642570094	0.628425492704	0.582740424564	0.595144136612	0.650388616444	0.5832369385	0.573141614628	0.579692667816	0.556128814939	0.567206794838	0.656098311889	0.60867017367	0.642306532814	0.651763393043	0.581799050911	0.565132549515	0.628223611877	0.591353273345	0.601068764622	0.548438230433	0.554798389246	0.531276417352	0.603076134054	0.561022394623	0.556654560854	0.628312420295	0.610788043284	0.608918881398	0.613087207544	0.48471053185	0.547979547201	0.45761276012	0.574819575616	0.532318471852	0.504979550889	0.587159197095	0.515482788034	0.549674580789	0.643113521713	0.561707694924	0.639251871517	0.641240557078	0.629942375887	0.669212650674	0.555719421292	0.547789995961	0.618443395148	0.565581860239	0.612097463597	0.63214748172	0.661349848208	0.663576732692	0.536528750651	0.605458975621	0.556183209503	0.651700221595	0.604349222068	0.620435433227	0.656280450106	0.598452590554	0.566196803538	0.627224528264	0.578421741729	0.612763296607	0.648018221293	0.602700246212	0.508252709222	0.551345414495	0.558799375395	0.477922727107	0.553610694971	0.595464951371	0.572024165954	0.584615959784	0.618582305126	0.538280402154	0.45778399233	0.604101207473	0.635185866734	0.554295361972	0.645895548983	0.615346798644	0.56710190077	0.616096914851	0.579125219507	0.568661452096	0.615459317001	0.683441027507	0.663696996879	0.702631132958	0.625687757201	0.683579727032	0.698924465732	0.574468101121	0.609542293367	0.533572385163	0.557135923461	0.580804259336	0.57669361914	0.528160602389	0.54290340853	0.548418417006	0.571462631641	0.602058573068	0.581734052906	0.541879559888	0.549780916977	0.587049134076	0.567732332159	0.600965375973	0.59906828973	0.647359681984	0.576810923846	0.613277973947	0.56630347659	0.619443857559	0.580739380745	0.576464326373	0.540648680139	0.585116870779	0.566283256575	0.575627447957	0.562027019814	0.585160611721	0.589869805619	0.6361924178	0.650451297109	0.591524183128	0.586509116652	0.575044427685	0.631660882683	0.583170946569	0.556049286607	0.607792351271	0.60437120103	0.589181190906	0.586684813592	0.574494402187	0.599733864369	0.549671050662	0.586502327647	0.575184651817	0.588568814009	0.580432041374	0.536148668002	0.587019751863	0.585403424779	0.556043915605	0.556641705374	0.577965670639	0.560958447457	0.554484994302	0.565334164867	0.548886376014	0.545874504498	0.597092162855	0.521863508615	0.548939579525	0.584421390207	0.600654549899	0.592350309895	0.524873210879	0.601299793027	0.562433090734	0.541562115169	0.568681239936	0.597057125778	0.607375860399	0.593897233496	0.572767222598	0.570633987732	0.61743531415	0.587997524315	0.611940298507	0.622150383583	0.620923339608	0.59258249178	0.574222923353	0.577495157478	0.53661702074	0.68556268638	0.593441537162	0.507321603142	0.516358561744	0.570693852361	0.620880646078	0.600779956402	0.595714561586	0.600946213448	0.69174285585	0.590043649461	0.508607219263	0.514522458132	0.705233503033	0.720021101267	0.663202310675	0.58902050026	0.62248150592	0.557846288197	0.634245993529	0.583141327305	0.622488658196	0.613639934437	0.627701195208	0.64981089537	0.609408152747	0.621017329215	0.637345130783	0.634300657298	0.660089762493	0.6020577263	0.635257575362	0.616320603542	0.633492784893	0.604842349788	0.543642336198	0.599014825598	0.593379955596	0.577791180923	0.604039498193	0.588189671086	0.516186076974	0.538572664099	0.529286966714	0.591187575451	0.547758298401	0.504780071679	0.571023445997	0.614282339638	0.587650676531	0.619320882968	0.601033596024	0.650583706085	0.567767987907	0.58636610251	0.588472156627	0.62253226284	0.537379477645	0.514542105878	0.583812065959	0.541646150983	0.579374100934	0.578337025372	0.604384073271	0.553003932439	0.50902227762	0.59378735603	0.584007702824	0.592112982704	0.649942404526	0.590714243014	0.539683388748	0.588517938497	0.584527349633	0.595826930427	0.638916862045	0.651935713847	0.647244553833	0.670905008673	0.557973802806	0.534945778215	0.604804290488	0.579288633819	0.623982059818	0.64204657798	0.558670053699	0.544263993193	0.521435421733	0.563332188562	0.573762595121	0.555397927287	0.547335786888	0.561793488785	0.572470088653	0.556587390626	0.589209306403	0.602512790066	0.532709401946	0.570990748541	0.612056780744	0.5560862877	0.692591670092	0.616785997223	0.520820017169	0.50428479378	0.639387559437	0.613496497349	0.662350278018	0.657656012395	0.53310200637	0.497479952013	0.6340287523	0.608402513431	0.72172084034	0.66772368277	0.656999837782	0.646611064225	0.685277749066	0.591377912519	0.6335857207	0.633738004477	0.666220763685	0.53096861707	0.615032690825	0.566117987299	0.613482707859	0.620865230156	0.642947869738	0.571589929202	0.519580807675	0.553601938406	0.635203285451	0.573734558699	0.478920006386	0.601513887923	0.536259559363	0.599923143984	0.494450963634	0.504274504217	0.521144695964	0.517271437447	0.557603253751	0.508589016843	0.476927622346	0.488572728659	0.554639100609	0.585834723115	0.529718222794	0.523202671986	0.554538890364	0.487380290273	0.553744417835	0.567993278033	0.560058519375	0.582756384284	0.577324740826	0.518053930157	0.561408970809	0.564264031712	0.652990813267	0.586767438088	0.575572138396	0.538551086426	0.576894902763	0.560980486474	0.550696932812	0.539472077146	0.590817848392	0.506898919662	0.601599912787	0.55545323906	0.547918442247	0.522214865921	0.612000167773	0.598265121839	0.688403673863	0.624364140731	0.62937392024	0.620285863883	0.686405759478	0.604989905978	0.653580522324	0.62763511236	0.739055890429	0.687669892107	0.671824305004	0.59049940335	0.7218741102	0.595847124573	0.65448933043	0.614607969996	0.619534969613	0.511067167491	0.574074266172	0.599566393654	0.65110948012	0.714316890401	0.693177536461	0.613387406374	0.664490550122	0.726034251354	0.73482836416	0.761075714627	0.590048371342	0.640790826828	0.617416821725	0.729394441821	0.771730004029	0.603172611563	0.586901793288	0.71717131764	0.766229182982	0.671357469825	0.618523216095	0.684859973503	0.757064005565	0.808574315793	0.592096643894	0.616278151229	0.551785498317	0.580257094243	0.57806631554	0.594488823024	0.651753217932	0.608427785343	0.58884130054	0.583620203383	0.591449817445	0.666409016161	0.651698598162	0.63487204907	0.686766860735	0.618570164995	0.584452095413	0.598343502621	0.5878993696	0.591393476475	0.627725566112	0.64063440343	0.588425995122	0.556082419967	0.606614940125	0.699373756218	0.648963510048	0.63820447736	0.617137021745	0.596317304798	0.68271376599	0.629240938847	0.5562396213	0.637689574145	0.615664489849	0.551636203237	0.55621703749	0.571837502455	0.633756522015	0.605832846329	0.699196823411	0.65117702294	0.625932055015	0.61840231721	0.598323424117	0.705463877597	0.627380419191	0.606756669614	0.598004505371	0.594848825669	0.565933187608	0.639665513498	0.620970760033	0.616431457865	0.61441083311	0.639272129229	0.632875145376	0.622773479727	0.60538646456	0.644676355651	0.664191347459	0.553179297008	0.579370646528	0.611481782439	0.557302881475	0.588576394638	0.629727412194	0.611626680693	0.623439535889	0.594938373244	0.595358201977	0.578022917405	0.631434435403	0.63197967883	0.56941664434	0.681323172949	0.637390383442	0.587223406584	0.628836170457	0.569447230907	0.592991548582	0.537918935887	0.515457345811	0.63126016052	0.572053532432	0.689411433961	0.680511281054	0.653490364823	0.59073217885	0.56582690378	0.632619498195	0.631720493962	0.592214614852	0.585688705958	0.563972024155	0.58293806895	0.569961568516	0.624199764531	0.624532222823	0.587106054245	0.562605161731	0.564132024468	0.582057601743	0.622373750222	0.578398069701	0.650606536219	0.647284471632	0.657849623675	0.619197121029	0.59487448069	0.59576772976	0.568338123985	0.596285483465	0.600738089513	0.618576367484	0.552021237291	0.571285896223	0.511778181754	0.575779493543	0.58303951961	0.581221256463	0.581308569391	0.578002283651	0.631862564036	0.612863902076	0.670195612619	0.59191969107	0.524465165175	0.522229147372	0.54276035614	0.574572571305	0.5576394219	0.543485898984	0.655235456322	0.580645822079	0.52990744225	0.508229100858	0.578333542322	0.554029906472	0.571915252938	0.669434468205	0.586905339567	0.530785277432	0.569475508486	0.566645647824	0.582815234487	0.636858375343	0.568957641126	0.552333400184	0.572550443814	0.597748548104	0.650233412235	0.575488246908	0.64973528748	0.632544644822	0.545757226386	0.538911235053	0.572141680962	0.740448346875	0.631533886656	0.730783156829	0.653677475426	0.557382185988	0.527515276783	0.519318801464	0.599579843594	0.563997094524	0.54428651643	0.582490593035	0.546265366698	0.513017907094	0.5058804779	0.627652062456	0.551660168932	0.509670368874	0.594471723931	0.538463292841	0.488530620636	0.619059211597	0.542171116793	0.446903315205	0.576815840115	0.554510878238	0.484439312501	0.627401777085	0.556624251421	0.525577065248	0.574803973159	0.616071175192	0.560891300075	0.626479661713	0.566626524397	0.559534349639	0.555906061519	0.531397455517	0.512279374509	0.562336647899	0.587108335774	0.521468322782	0.644052746504	0.616748841936	0.562729329815	0.55069374304	0.558452064883	0.594178853749	0.575243407828	0.601586469992	0.612269801926	0.611306681905	0.623333912362	0.58810747727	0.556409309609	0.510259141177	0.583426781373	0.636081025801	0.719496701369	0.612891286948	0.641438606855	0.624446186658	0.622923831371	0.642854269807	0.607829395505	0.663148243886	0.620972918784	0.57231337623	0.647620095171	0.638389589598	0.685828982252	0.640259527465	0.628946532239	0.627159398785	0.675522365108	0.620831161491	0.64074209039	0.555527449433	0.595285370689	0.576735587783	0.58679745343	0.594287588172	0.620482649593	0.556953375283	0.587623474966	0.591540617156	0.597326873541	0.682192223646	0.577596412619	0.59659372722	0.605684423703	0.613109587787	0.563479304798	0.55036862361	0.613750105976	0.523194925485	0.601457513371	0.589960633287	0.615867504951	0.561812769725	0.686737151363	0.574793725906	0.59179809561	0.567917296732	0.61392619932	0.560160179507	0.592594785162	0.723202771133	0.739867849607	0.71406047201	0.664912383147	0.592903161738	0.611589159418	0.566488519599	0.52392446156	0.563612266618	0.600338744225	0.578342972172	0.617652510532	0.564603233681	0.529103504691	0.576261638699	0.554901119502	0.585555087768	0.616680079929	0.616517285899	0.597617722951	0.606699898314	0.626957580913	0.636068873631	0.616241711081	0.606318644255	0.554520476725	0.595043159065	0.598747349742	0.58394425862	0.614863937204	0.621704971327	0.611736286003	0.59496909456	0.592455856915	0.581543751154	0.647670667813	0.616993972324	0.678997360327	0.648683596471	0.622560440395	0.665510438182	0.627198848833	0.627789323145	0.596060000475	0.601281693533	0.597049014016	0.637221704726	0.610024420013	0.596555717485	0.518984470414	0.638772840031	0.645571260842	0.668696302301	0.628257075803	0.59644124457	0.589702307589	0.616109910537	0.651915990122	0.62279316579	0.583409295832	0.606437311615	0.607447501291	0.582535034898	0.585696707242	0.597252462338	0.614457102058	0.636858583494	0.628944876413	0.601573491433	0.582368555742	0.593859393835	0.557469311587	0.610493871452	0.565600198589	0.554727635623	0.600629700817	0.557382273898	0.550684198148	0.563093317742	0.514653463289	0.516359379664	0.523846964289	0.533909956535	0.597472451909	0.529028254707	0.508770369333	0.520099305029	0.56041467865	0.565138548458	0.6043779452	0.645700791516	0.580292849713	0.524964877484	0.581606215724	0.637871572427	0.581480310601	0.569085634043	0.581402521776	0.577885734892	0.590995830937	0.58051938602	0.624148561893	0.544381583882	0.544048643971	0.55213346311	0.57297521517	0.624914504252	0.630731535727	0.605810479192	0.612711502285	0.512907526242	0.52693967027	0.563109490397	0.517926648655	0.57185123118	0.55260629221	0.616570579475	0.564377548543	0.593691209916	0.566747378292	0.607409569198	0.583794376665	0.558204453571	0.627584749113	0.522626342526	0.623798756451	0.560634431838	0.617016322397	0.536419800112	0.597291409353	0.566328994904	0.589774656663	0.595833762154	0.584938601607	0.587307334167	0.550604173689	0.600473741548	0.575985826502	0.489570669602	0.528495133095	0.528268012744	0.517234581897	0.625407927158	0.615019990394	0.600902688537	0.589377269195	0.539169783799	0.547522923526	0.506668086497	0.568016392841	0.503484950816	0.537899857413	0.612899821823	0.594680776467	0.571768271491	0.558306728093	0.550521265144	0.531296509769	0.575394834307	0.542714829754	0.598229852107	0.608767355611	0.611590357703	0.614775033022	0.603535963301	0.608582294951	0.597099966237	0.610046782303	0.617937635711	0.600143281068	0.580699681841	0.583299300872	0.579525800306	0.628370070185	0.594093404907	0.643677382365	0.48182510607	0.497500162584	0.516411308473	0.46002577004	0.499630387277	0.48756957026	0.479575381448	0.52987434	0.479550378602	0.494694661293	0.505673820916	0.51031263026	0.497853178614	0.468349129028	0.509115036526	0.541667997031	0.519876454206	0.560303180668	0.466002259916	0.435123967753	0.47997065121	0.524247165503	0.529409108032	0.53153324832	0.535565282437	0.533733799863	0.550300758894	0.587810660217	0.580805686713	0.548989643339	0.593178896318	0.576276976727	0.577279152948	0.528515099767	0.450731961729	0.534226947781	0.533556023094	0.56694412995	0.518487761484	0.523494312722	0.556254886379	0.587868242899	0.573626014096	0.542337075525	0.602272036641	0.615281597781	0.587145011444	0.60493403607	0.552546258437	0.551401208044	0.545631693522	0.4795490155	0.482325681117	0.416427542997	0.50198508227	0.475494227962	0.46887615137	0.492033445011	0.499886113374	0.449934012143	0.496899957027	0.468881061997	0.452498661667	0.502113918	0.476730216034	0.507377850247	0.48812127386	0.51422276134	0.459849757821	0.470717031355	0.506016350818	0.486672237984	0.509178964528	0.500306117089	0.496390767012	0.467786232699	0.455195122736	0.421358219521	0.473115336937	0.472108860772	0.478004885855	0.485311271653	0.461302721548	0.518352063082	0.490059954462	0.504045674574	0.499300428282	0.542637148708	0.520666681382	0.439494834843	0.459469917624	0.440273578508	0.538463933101	0.444023687816	0.585796263767	0.579536783104	0.702510451611	0.646175869654	0.655379757644	0.656482589493	0.570143754082	0.609557347198	0.539857837283	0.604305936501	0.511685908209	0.532197766705	0.553748904632	0.605406240583	0.581070846459	0.592240151179	0.556887583469	0.599295836622	0.613647870561	0.607104731237	0.606007194853	0.542425918696	0.575422650778	0.541962061656	0.583685102319	0.601664715445	0.616975510031	0.592694448659	0.603508095339	0.595290139416	0.682495899267	0.638740973006	0.686803072272	0.568759564016	0.570724618215	0.597549519683	0.610916659365	0.60053199879	0.558390157881	0.5880162845	0.621126152825	0.611410902554	0.584696127201	0.605014410745	0.609099912377	0.642783719555	0.572111915582	0.627399706148	0.71192000122	0.6360589591	0.659987879071	0.654227835542	0.648025425757	0.644636939435	0.634076516779	0.59171603774	0.603506263399	0.611119662125	0.601198977907	0.582803013465	0.608676195694	0.556467797382	0.560222323674	0.515881155798	0.551650364024	0.517886829754	0.564432204004	0.489355457802	0.515477129799	0.616518498306	0.588619215292	0.687388681358	0.602407905306	0.598996331058	0.583760317571	0.631967058576	0.632334221678	0.556192617322	0.612459930642	0.607010800065	0.578088339014	0.594433806267	0.611836861893	0.582554262713	0.585401444015	0.571853636547	0.510304677587	0.572474006124	0.584148329462	0.542993953541	0.572056380899	0.569571766415	0.623585067675	0.673334212414	0.586198439553	0.561320551119	0.58454761954	0.592796038405	0.550259800161	0.575165048957	0.585916171511	0.552795555969	0.617481441055	0.566146224346	0.597775662015	0.625354106251	0.574478793989	0.585916135874	0.531335570059	0.63433954002	0.597676811131	0.610510611018	0.582084570494	0.585848840955	0.612547876235	0.608043663216	0.511147306852	0.501790257181	0.504105573724	0.546382145093	0.495051631372	0.547696039119	0.577835141299	0.649277635201	0.643792010512	0.601483758704	0.461145197183	0.525347271654	0.559841025845	0.465729030674	0.518584385037	0.549868644012	0.489955944585	0.539516402282	0.496811418107	0.560930304724	0.650827649988	0.650029530233	0.628153665928	0.676843720704	0.642336616051	0.612847444904	0.560653780197	0.546702606278	0.550511116217	0.512775824376	0.551927633914	0.582256678175	0.555652791117	0.552745387062	0.593854515749	0.575052701607	0.581789308661	0.510812215868	0.54306042106	0.553516232749	0.57053679616	0.505920153316	0.512890288877	0.502177479963	0.535380598951	0.545201365094	0.607456498433	0.57761840755	0.627326777489	0.553720948185	0.5054357496	0.486577087224	0.515468652503	0.563780937497	0.559977852666	0.543801539707	0.59261502359	0.535957622196	0.531695031529	0.549219392999	0.544952509207	0.584330996034	0.559318294724	0.590430600518	0.529446699289	0.541056116623	0.530558975786	0.576843109844	0.567746769762	0.598281816428	0.538067229949	0.583397695779	0.604782301807	0.593980997661	0.650165565516	0.574191246255	0.601392664635	0.587454363934	0.632541464734	0.537392752643	0.600115297032	0.578418893163	0.577459393023	0.589443978946	0.588180555579	0.607160891551	0.579632762108	0.59302909395	0.608380369998	0.645230282023	0.662088285294	0.613928629132	0.479841114686	0.5672292976	0.648689748709	0.597381560142	0.577541366343	0.584794693859	0.675221963894	0.593456109292	0.559620290352	0.640304114726	0.636226669387	0.608948249927	0.674409485261	0.615461344974	0.564579557638	0.708036687698	0.638113791258	0.532144225776	0.534604443658	0.570461766297	0.596104136884	0.521509158587	0.607341886571	0.535816649359	0.527632730725	0.721765964206	0.678123834417	0.686854205183	0.697539290106	0.690149609217	0.585441683226	0.742734584976	0.679779929428	0.614555780181	0.631762159029	0.64406952258	0.647876677257	0.533299626053	0.683167175229	0.556265881973	0.563095326901	0.615404927105	0.561915369384	0.654344281662	0.563459082907	0.564507714182	0.614566663772	0.552523410515	0.580702696971	0.572168318143	0.612260830402	0.571082771626	0.59964037926	0.573174235919	0.606271896374	0.634451189186	0.649335297661	0.600248514901	0.534514092399	0.651669690535	0.600206152949	0.565699227306	0.60348225124	0.561759499646	0.578331367542	0.571584366122	0.590266303768	0.572484870957	0.593943577615	0.568187286647	0.579435065685	0.639310202103	0.571656940324	0.587462960649	0.600476955663	0.59656209337	0.658399253375	0.607282134299	0.565117311222	0.586339064885	0.552075857512	0.547929567852	0.535622464975	0.603572348984	0.63430196185	0.593530827925	0.590141479744	0.595832556697	0.595549292008	0.645299986004	0.605040575103	0.593255639235	0.579288995167	0.577832871676	0.568010971316	0.565821633066	0.595824694784	0.572767968811	0.594522743693	0.548728778096	0.541494588049	0.591397387507	0.553984107425	0.618262266826	0.589311958203	0.581487050637	0.570653969644	0.578135099797	0.57172177329	0.601491615873	0.528356116559	0.543250116002	0.522585573338	0.613574270256	0.554581664191	0.531631921097	0.562048764874	0.501356692218	0.57913026564	0.582479696066	0.581493241442	0.61357482448	0.54498894081	0.604877025596	0.739774366087	0.575580706436	0.595662414444	0.544031811179	0.579072841652	0.581838022699	0.751840336261	0.52391618136	0.530827702111	0.615581944771	0.596800234845	0.751834317836	0.537384171891	0.583828765653	0.639798659851	0.706126641839	0.575317096079	0.607771807615	0.763346414417	0.592421041544	0.620803033311	0.732547368742	0.751353348136	0.533520923104	0.65235746648	0.606566907304	0.61542743432	0.626352691074	0.635635703943	0.637849025163	0.614973388423	0.648071039477	0.744639584939	0.595780253054	0.57967513168	0.584567704308	0.552435856829	0.563000771352	0.578962875054	0.568857683926	0.637631263869	0.575300388909	0.55120512928	0.584473551058	0.599164652531	0.60086915037	0.610541329423	0.701966801659	0.551459185865	0.558763672943	0.572313296328	0.562613634964	0.585789287488	0.680912453799	0.535352319341	0.562071523778	0.572296758367	0.574363591	0.679500234007	0.506233678865	0.570483614326	0.533288947147	0.651096732073	0.571620709742	0.556753564587	0.644531486227	0.581094854646	0.677119867854	0.686979104011	0.575436556416	0.581103418064	0.618587726711	0.678577420277	0.649106642209	0.637569448782	0.661371524868	0.571769130672	0.582533398318	0.581725004525	0.592457708374	0.620031495824	0.620671161031	0.561464714793	0.593850372187	0.662752545392	0.645465040932	0.574204742871	0.637972305264	0.541394722137	0.614081051315	0.528875684219	0.571582958015	0.615868415031	0.59197452208	0.58541271295	0.66327212996	0.622675424506	0.592721215396	0.628144974434	0.545750764317	0.587251940716	0.544211275088	0.584721555485	0.587614186379	0.580944999006	0.503645202829	0.50266188059	0.52043189629	0.526776767352	0.555651636394	0.643014528727	0.54066444164	0.613079405366	0.505186470681	0.518452399577	0.500660998256	0.57236570952	0.447086916722	0.627452929207	0.670221833471	0.625157157409	0.662360251616	0.516470285456	0.530405692726	0.5757791299	0.495652367953	0.589957636118	0.659564368502	0.615516599303	0.644295221722	0.549050078267	0.539063255504	0.580365820269	0.555562600672	0.648372198308	0.541607106544	0.630975073772	0.562591988373	0.567557626137	0.594495651485	0.665798196939	0.603652086256	0.644137246959	0.48783386215	0.541542659695	0.60803885155	0.526388326922	0.592887208556	0.576153267893	0.581526256872	0.611557429839	0.588412780109	0.65385838434	0.666427583231	0.613419449164	0.581172211605	0.598630853992	0.607477648154	0.619679427015	0.505249464957	0.649861897053	0.664284860321	0.601189945278	0.625980009774	0.646985241123	0.638909504418	0.558498031866	0.655224118796	0.597251187528	0.617107770485	0.635390735695	0.57119818326	0.566170203602	0.611145933047	0.626916072993	0.599983897442	0.644794037735	0.580727637704	0.580122065541	0.623326025295	0.646211316905	0.596409238933	0.582845127876	0.570905443498	0.544815625019	0.555319874946	0.605072018509	0.616531744401	0.581413628054	0.60265101865	0.565383334342	0.607247624246	0.591710667863	0.628002435411	0.584701698685	0.607002886875	0.664783914341	0.65290464301	0.681484794521	0.681493686427	0.683585789439	0.622895444819	0.699396634891	0.63210063658	0.664687806836	0.553579042511	0.565031472146	0.538345515606	0.532731266307	0.547671394093	0.527873620838	0.549088012179	0.594009450639	0.485609620819	0.577489589129	0.560834861614	0.539790097087	0.582709887146	0.508329188794	0.522303905657	0.528254525013	0.543227238266	0.54964683864	0.549041727002	0.472886555953	0.587590524318	0.545727880793	0.557447671189	0.523039887644	0.542927894228	0.616506808856	0.543018364134	0.506293605809	0.524437042534	0.62705463735	0.567063513703	0.524134037317	0.577146942845	0.506966859111	0.656965934986	0.565903351089	0.45644824118	0.530070079795	0.526766419188	0.481519221099	0.474632270381	0.54755778279	0.543466607637	0.581771607921	0.540936037946	0.523869936229	0.51357595669	0.475417083753	0.468178686842	0.556462669074	0.528328130904	0.564304543617	0.535028400116	0.50178567489	0.48279527133	0.5438237336	0.52015705496	0.506668660774	0.588892238664	0.50431384662	0.471229093093	0.55038382624	0.513187034965	0.498893785052	0.55835909545	0.473182838732	0.499656638585	0.508940907973	0.50128332847	0.553484161054	0.501071239169	0.582224572376	0.565923270945	0.581615224292	0.564110864656	0.519001473355	0.533736203734	0.498529171358	0.560062836357	0.512177920354	0.550394769183	0.608232897884	0.631348416673	0.619599275768	0.711689453781	0.590623066191	0.601357035081	0.568141530828	0.597422438745	0.595292917967	0.590768960089	0.585016477609	0.659367232534	0.698789479869	0.562678152159	0.5877841624	0.533603840272	0.60665797122	0.568736587929	0.58933013305	0.57325934347	0.585780478535	0.584672356405	0.572357561597	0.537632432955	0.554975844488	0.643328266682	0.628046998887	0.627757429879	0.635901309981	0.637615594799	0.612028323304	0.602519632622	0.631213561852	0.606325517135	0.671130024415	0.62041216871	0.660729965648	0.634825287466	0.714083770181	0.726956744148	0.542996297464	0.538556221323	0.547739478528	0.553473678291	0.561632347496	0.575994144613	0.57361561742	0.613572705005	0.628562564538	0.532673100367	0.562694392269	0.543696654671	0.60244760748	0.579277659516	0.592190365748	0.589501141829	0.532950156002	0.617230321233	0.545784608513	0.563901842976	0.620212770451	0.607821214314	0.597455170483	0.465481508662	0.536148158815	0.508568925072	0.575001226788	0.570110385131	0.488640742592	0.512819929717	0.491770174359	0.532896816524	0.55415047589	0.531109792185	0.554272300542	0.534702534994	0.478436843092	0.503048106454	0.497248987503	0.511639160734	0.511127050659	0.473559432427	0.574674326999	0.548560952922	0.546659242036	0.53815166996	0.539282176603	0.633329095265	0.566788762899	0.569610896549	0.55769443103	0.559941680597	0.527145681177	0.552391670413	0.53307852552	0.51843772277	0.500223583611	0.526543802766	0.574767555263	0.551989365724	0.466835982242	0.489479414738	0.587614595395	0.533782408651	0.499336289119	0.599568671562	0.518658738781	0.575746224681	0.483632439883	0.49954080673	0.653666564582	0.538119531778	0.542317668334	0.596673707994	0.607536435458	0.610480372531	0.565801973387	0.542829666368	0.65557128618	0.553954350948	0.57089882891	0.639791858187	0.533395480707	0.622575290628	0.634428495481	0.66340960504	0.615179644744	0.641696535292	0.643678265202	0.623632368829	0.647339073617	0.649240883315	0.639476953772	0.634821100881	0.597571204583	0.670594671398	0.701832516984	0.640669940027	0.60238100613	0.595798256183	0.613245179603	0.662532635707	0.613680933114	0.634918782075	0.619150528487	0.684211668909	0.614010086873	0.631270029586	0.664425109207	0.621040730201	0.602840208382	0.650575010554	0.704304911415	0.56730365224	0.629455244514	0.593356575286	0.562400463555	0.574583022186	0.556659282511	0.555538654733	0.608891224202	0.627008532411	0.609598424868	0.556362927327	0.565779353853	0.593799619145	0.542176035525	0.646838772272	0.648068279553	0.59960322897	0.687542493006	0.642012530068	0.642887718951	0.643282952918	0.621934525951	0.598544819625	0.554955603586	0.544105760501	0.634846760374	0.596757108704	0.585102155486	0.551616182712	0.570002313167	0.579792501828	0.551494036619	0.607373615158	0.520205756304	0.565475781705	0.591746396395	0.575504526383	0.566714113164	0.594496333569	0.563770216518	0.54966319708	0.628803434568	0.562232981937	0.583189312292	0.509172233368	0.51965481187	0.491726334007	0.456871605262	0.438432356338	0.534362116837	0.471432025762	0.597000503756	0.547857454714	0.535234122811	0.585685810573	0.557331092362	0.581276469354	0.555983399091	0.533516561493	0.531078570376	0.594799588757	0.547024720411	0.506193959512	0.525061330971	0.504986860087	0.535179948568	0.503008948327	0.557694178464	0.498559352706	0.586842675736	0.480354617087	0.56653982944	0.717845895202	0.54657553011	0.697614214792	0.700624515185	0.560124210466	0.543410589163	0.580134884893	0.608369827	0.67496866941	0.5808972692	0.636731275107	0.684909283361	0.697180531629	0.624573692979	0.596134288848	0.644300549562	0.666012703928	0.532619538168	0.532367477305	0.55317426396	0.574007423868	0.604590404679	0.659701618147	0.668052806095	0.59255530139	0.583004063344	0.691398822409	0.682430276252	0.62274819534	0.607224440393	0.526496114691	0.554154005205	0.60707708291	0.55264275234	0.609096417919	0.553175215066	0.551638963367	0.530969716378	0.573508268273	0.586946368266	0.585779388848	0.515120082714	0.562851663707	0.54533112187	0.554798118854	0.578706381152	0.567769126791	0.52923316051	0.531785851921	0.524523479191	0.569294308503	0.549029665994	0.497720913926	0.558697628242	0.56298724202	0.521414392304	0.530424448435	0.549293258705	0.58243283359	0.495830352602	0.555071697774	0.54603740991	0.461309971946	0.536368628367	0.503685550526	0.526442387539	0.560597796474	0.500734735893	0.533543496913	0.532092886524	0.538499456893	0.514687936221	0.533998541332	0.52062869127	0.524036100391	0.588746201343	0.530813802499	0.577221697356	0.55814576461	0.535108141132	0.571582331846	0.536391515331	0.518489994502	0.62791684708	0.54366443248	0.596351301815	0.53171024593	0.538836712577	0.533786524596	0.516090197497	0.56322768	0.541213353174	0.595643391506	0.552644755232	0.497690013345	0.525451199014	0.547833999147	0.500285524268	0.558916515455	0.503107353818	0.524355256823	0.597920080253	0.553823288641	0.5547448148	0.514166147872	0.563019441294	0.541046875989	0.517079924106	0.559974546849	0.526857433153	0.557667531049	0.603535052682	0.592677187587	0.564513204211	0.621239291723	0.595497888544	0.642148402378	0.648802310747	0.62778062383	0.629708949451	0.650477084087	0.679738264923	0.658417042628	0.664529402208	0.614475357604	0.549770843868	0.599405524718	0.580467168429	0.578451006075	0.601492935804	0.640306837207	0.738210542533	0.666929974871	0.650650944071	0.638680830252	0.559471743455	0.591681149403	0.623812540292	0.547643553378	0.635588037278	0.702575449471	0.638419663968	0.630647511858	0.616519483611	0.639367373958	0.646482600045	0.60143143493	0.615960715611	0.643719968557	0.622477298897	0.653301495297	0.628913962769	0.614617457996	0.592933888886	0.646234127839	0.743248350452	0.667897941861	0.631498693178	0.666540339795	0.651106263739	0.630771472927	0.71702785374	0.673626404756	0.663833202249	0.670720115392	0.6691819351	0.712763279676	0.668128240364	0.638780054151	0.634957857749	0.658563611685	0.550218310453	0.586136928028	0.679050872982	0.621516583656	0.674082733108	0.711517965452	0.630623400029	0.682128078188	0.693263107009	0.538604112124	0.606614238542	0.570420549436	0.564106617097	0.574711673413	0.547877937358	0.540240392468	0.552514183662	0.565326901113	0.574215266809	0.558416415755	0.591492047581	0.501577621805	0.543211260324	0.561661530405	0.509932691274	0.495644989989	0.557006414055	0.489076888892	0.545023350819	0.506864285193	0.603690953225	0.599750809047	0.58059362416	0.586942690148	0.584267314744	0.657786022561	0.603729990103	0.6271106501	0.608026884472	0.505510395989	0.58471514861	0.534087665996	0.503698423381	0.546271379469	0.559530157197	0.528326446919	0.549181626233	0.612237552944	0.533270020914	0.529621717746	0.55350661996	0.584186919463	0.542393914412	0.577847281449	0.553094242084	0.562597324728	0.601651714021	0.589977349787	0.582223390062	0.580984068705	0.512871212262	0.57285807696	0.537063468189	0.568716748442	0.552450488142	0.538284032498	0.525774170211	0.550107704705	0.524075438653	0.600596776323	0.577476796957	0.578114821852	0.612081979146	0.524639847575	0.569566870206	0.557007874325	0.641641497666	0.714120486152	0.535565922508	0.61271983925	0.548563694071	0.586952508697	0.585893784499	0.665013852681	0.590178440096	0.578204622735	0.560599688721	0.546636639225	0.611970085907	0.675754428421	0.574918649753	0.630561676258	0.550402962359	0.711298895009	0.606408317305	0.695681453542	0.637469749528	0.598246075837	0.56053526596	0.594943492108	0.600384392079	0.564003576063	0.556770414025	0.625907822653	0.619470179231	0.588567181737	0.604255269181	0.620035900119	0.614715366181	0.659947598549	0.54435399494	0.551586406138	0.649269955487	0.617633996215	0.607004342079	0.663455160729	0.600222940882	0.592761879104	0.535672965421	0.641478334276	0.589813404676	0.665747909913	0.612491177778	0.56766517295	0.591545199303	0.581365929838	0.594861654435	0.59252724097	0.60181273919	0.581299793837	0.563665354729	0.613663243075	0.565705167871	0.529352408706	0.579615815094	0.527953788412	0.618160366798	0.589881076032	0.614714626305	0.582001024409	0.591973290405	0.581508310216	0.560554369394	0.579842686982	0.558771724101	0.607323561211	0.575254469485	0.544047792033	0.57501461267	0.557728855904	0.565656307123	0.558959379804	0.575435021399	0.576269100668	0.549502246729	0.531769473423	0.529508618053	0.558438811688	0.501765024589	0.597028012583	0.599489350265	0.569366345686	0.575026488401	0.580972360021	0.555081223595	0.549412210253	0.581860224213	0.512586813844	0.588038246533	0.501368964332	0.621469695955	0.539353970641	0.621304369163	0.534644947168	0.453178340649	0.608969027799	0.522749544066	0.638278418173	0.483781014152	0.567037152544	0.511995648901	0.617146589216	0.596328287943	0.503229233096	0.630212646098	0.543510621865	0.618797374758	0.544027766774	0.518400668241	0.518616931722	0.561105159524	0.52191475942	0.516945881622	0.526613461286	0.508865084423	0.515415226792	0.550815079007	0.496111758251	0.506525684974	0.518139741493	0.49704900065	0.46381225476	0.471979390544	0.506429058422	0.58598670448	0.53238770589	0.499258539613	0.519929183089	0.509288917874	0.492895810104	0.539053427391	0.546277278082	0.527425130823	0.51725305325	0.524347970757	0.531517926787	0.518563766004	0.591313146862	0.515517913956	0.503281592251	0.521870652909	0.526155889086	0.570769377614	0.477641672066	0.456160417113	0.549485029266	0.577449500465	0.484975760459	0.530335543502	0.570032695748	0.54418716912	0.551250610771	0.570978225811	0.495743379616	0.499843153351	0.509835491971	0.568227689945	0.525274531866	0.532965670913	0.478861193288	0.475156300983	0.517930353701	0.51723459725	0.507673327002	0.553227636537	0.53303715787	0.560169577043	0.484168943426	0.481970515322	0.537368328816	0.528891879826	0.588489028948	0.541272476031	0.544599070629	0.500948138934	0.515713371786	0.547417565764	0.577453682613	0.569320977654	0.564238059125	0.491941520468	0.508201384188	0.587630044311	0.575429196396	0.646049049696	0.55956821856	0.58251361092	0.568546865196	0.579447698808	0.542690360603	0.535026867668	0.494879060705	0.543790087418	0.547934750458	0.599096266602	0.477111811016	0.53052869803	0.546804539483	0.529843296092	0.631815339077	0.570534400333	0.626090670424	0.635082644507	0.612486696268	0.523646603798	0.565422825536	0.536455122648	0.602974670362	0.519804937238	0.585441707521	0.597483149979	0.571619173256	0.561353546122	0.554322008251	0.516728392532	0.631316453962	0.584751925439	0.632819960042	0.587902892501	0.620185049635	0.589089178644	0.615090692999	0.595024600718	0.621756363907	0.594427938761	0.577790418415	0.579830946055	0.571681067336	0.585237772231	0.596646042257	0.628840710905	0.572147337867	0.610803307792	0.597817544733	0.652627202345	0.588856394151	0.610020537489	0.591891037811	0.568103814336	0.561937599865	0.583056062494	0.5501802123	0.550206313556	0.549816995895	0.607072589512	0.550315940269	0.705732085038	0.576674358536	0.581933479424	0.575255129664	0.516778566785	0.653768066699	0.556725939364	0.594665662173	0.563669034223	0.623765181348	0.511572620022	0.653465886556	0.642492332972	0.531615613785	0.587164422311	0.599351540012	0.715005842901	0.627849499229	0.521904326058	0.553269238958	0.517980318379	0.583531923365	0.531977932769	0.53318891009	0.62042332078	0.600095212222	0.52471802662	0.496962210332	0.564415940372	0.526402282806	0.53782810436	0.569008841448	0.581597839577	0.509761357705	0.590774040136	0.507640346155	0.533424937375	0.539545790036	0.585054172838	0.528287646384	0.463119520998	0.518916784397	0.527481977694	0.530594925044	0.574004275189	0.563455749478	0.546770240579	0.536909281681	0.52793218964	0.558660102111	0.546070350994	0.567946393362	0.550515825476	0.54589194993	0.551224501863	0.585123152312	0.576001576578	0.606615962724	0.592532808198	0.574910436625	0.570106198902	0.563516865878	0.6029592348	0.550861237409	0.594071911263	0.568632157174	0.537027362786	0.568360173814	0.592154505183	0.634612484596	0.619750876566	0.616975542739	0.572013576684	0.588425757729	0.550213875464	0.587442177334	0.588315581529	0.591007348211	0.571944996791	0.582914857667	0.567033929644	0.575131379058	0.599562454011	0.570926515101	0.577245212089	0.596700818189	0.575741214419	0.562866164169	0.553106207442	0.586368759524	0.610825122942	0.616406675018	0.588010225983	0.606970345397	0.548722144017	0.612696495969	0.587531806846	0.609314014163	0.630079459075	0.611801012221	0.580182089743	0.589734245661	0.523453411549	0.571191048775	0.51832166772	0.697538196747	0.616304973656	0.630830992751	0.627967267493	0.618575737329	0.69005738235	0.737362607294	0.700084220619	0.776905399171	0.782263918623	0.475991854005	0.643279822799	0.65296891479	0.639687613722	0.729838699347	0.658121692671	0.636941006145	0.675540650442	0.612559026471	0.763070827684	0.775707999486	0.697702533894	0.700998487088	0.639562814505	0.635001700532	0.709688346193	0.675424262792	0.546477578945	0.622896994503	0.675540075324	0.332074365259	0.370254364499	0.379803395459	0.329031277409	0.340898819545	0.585332168938	0.416740150449	0.39380563834	0.356941705881	0.359052738668	0.331015398386	0.389178080446	0.583643652555	0.399663802665	0.407305212007	0.352420172355	0.37724829084	0.345157880518	0.550236732503	0.380369396317	0.348375933728	0.364455013198	0.382623173863	0.510255673546	0.351159296672	0.332567525954	0.291102843088	0.57972564435	0.396528585847	0.379806711345	0.566785822634	0.407666465458	0.393188018532	0.491610290872	0.538648645973	0.412043596912	0.580123509207	0.636044473919	0.454265212141	0.512009424844	0.619389079447	0.584987187956	0.451334226279	0.441893737742	0.520646482222	0.471582443832	0.520525558023	0.479833068938	0.489374806855	0.484117877168	0.516127200357	0.502358414185	0.559838738957	0.543102538705	0.530326831581	0.570122998968	0.583981342573	0.428696601252	0.517694680055	0.517262283738	0.411078586179	0.426429873008	0.550920394686	0.531134911991	0.459782990193	0.460159473674	0.515008749661	0.520731766511	0.548378934141	0.530471313888	0.537868545869	0.423928124012	0.52523941129	0.536407072665	0.574606741101	0.538008101107	0.570331662182	0.498654820247	0.530525129026	0.522789459067	0.60036395236	0.56650290491	0.549943830359	0.524808663669	0.536277722339	0.612014841392	0.55699456213	0.5257044458	0.516384796897	0.528048556104	0.59601573569	0.648889899662	0.598103301113	0.571445914293	0.596853796011	0.527657055012	0.527680435673	0.563420286235	0.563524060728	0.518620765696	0.613239829434	0.632657181471	0.595342747301	0.67571949073	0.635683827652	0.618972735349	0.624613918543	0.580566930141	0.628479404611	0.574233133381	0.541186758714	0.605743031072	0.639481032209	0.615575879457	0.594097844321	0.641083105579	0.584388219269	0.576272250774	0.591283090002	0.59738359476	0.540910092496	0.515279321203	0.564826994324	0.544779552469	0.600773148722	0.511975520848	0.592819419321	0.567087914103	0.611346593184	0.565370309328	0.537236152633	0.591238273223	0.564647719777	0.604063215731	0.54376203661	0.618666276425	0.631986100426	0.659428701171	0.62062282168	0.635499886277	0.568343546336	0.638786158578	0.668454830807	0.588744515769	0.61800974091	0.600881961207	0.621444615708	0.658075245428	0.618014703714	0.645722125616	0.648376291039	0.593530876226	0.594173565343	0.621509618471	0.498280534939	0.580777822047	0.621016121879	0.578346007102	0.573026703225	0.656752937238	0.619709471413	0.557941719022	0.570638053095	0.60408088384	0.620706949844	0.603123593105	0.587482167501	0.62270819721	0.622908515112	0.582664222575	0.533230801086	0.600485677384	0.617649129545	0.591055321286	0.645576157967	0.543765638533	0.645729121774	0.604457386963	0.581049329302	0.587967221137	0.64574735492	0.583544138214	0.627835931631	0.627291378847	0.608489554008	0.608692442432	0.595203701263	0.685380390593	0.60441671748	0.624058783646	0.625421455382	0.590283366147	0.637098999739	0.604661272349	0.579087995102	0.603264284358	0.553136101538	0.514469419811	0.550324604352	0.669145527329	0.688732703807	0.616809254343	0.625089212111	0.673268060199	0.576567686537	0.556296921531	0.549969895221	0.567129128505	0.616455020622	0.607722646606	0.602889532116	0.517970887902	0.582169847049	0.52368522421	0.592736520517	0.602074470809	0.653625288021	0.589321447295	0.608571858743	0.619127461957	0.6034828404	0.550310072177	0.622073936785	0.55123783658	0.535092805558	0.588643779879	0.598942715046	0.564145416816	0.499496315039	0.501363410867	0.50859385381	0.523727885199	0.605498099906	0.522996191948	0.550094404161	0.610918150965	0.51506675143	0.51379348458	0.548722136778	0.477596731341	0.555908563473	0.521111550668	0.543946069616	0.536493051481	0.595545928603	0.605490115468	0.49362354161	0.577508449416	0.530099211848	0.512193456809	0.512821871325	0.575859641042	0.572060280954	0.526292613337	0.618981849329	0.526303271202	0.549540304312	0.541620113538	0.575188863896	0.527889826923	0.589003855462	0.553049167704	0.527389759269	0.541306310891	0.54448219382	0.573232438747	0.600771902329	0.591275792674	0.559625558289	0.669026428862	0.582525451563	0.620604933429	0.590248236179	0.517143451712	0.518217097583	0.593358710456	0.586942675274	0.565414092603
CUB033_vs._CUB033	0.567732332159	0.600965375973	0.59906828973	0.647359681984	0.576810923846	0.613277973947	0.56630347659	0.619443857559	0.580739380745	0.576464326373	0.540648680139	0.585116870779	0.566283256575	0.575627447957	0.562027019814	0.585160611721	0.589869805619	0.6361924178	0.650451297109	0.591524183128	0.586509116652	0.575044427685	0.631660882683	0.583170946569	0.556049286607	0.607792351271	0.60437120103	0.589181190906	0.586684813592	0.574494402187	0.599733864369	0.549671050662	0.586502327647	0.575184651817	0.588568814009	0.580432041374	0.536148668002	0.587019751863	0.585403424779	0.556043915605	0.556641705374	0.577965670639	0.560958447457	0.554484994302	0.565334164867
NAU155_vs._NAU155	0.65235746648	0.606566907304	0.61542743432	0.626352691074	0.635635703943	0.637849025163	0.614973388423	0.648071039477	0.744639584939	0.595780253054	0.57967513168	0.584567704308	0.552435856829	0.563000771352	0.578962875054	0.568857683926	0.637631263869	0.575300388909	0.55120512928	0.584473551058	0.599164652531	0.60086915037	0.610541329423	0.701966801659	0.551459185865	0.558763672943	0.572313296328	0.562613634964	0.585789287488	0.680912453799	0.535352319341	0.562071523778	0.572296758367	0.574363591	0.679500234007	0.506233678865	0.570483614326	0.533288947147	0.651096732073	0.571620709742	0.556753564587	0.644531486227	0.581094854646	0.677119867854	0.686979104011
NAU109_vs._NAU109	0.616518498306	0.588619215292	0.687388681358	0.602407905306	0.598996331058	0.583760317571	0.631967058576	0.632334221678	0.556192617322	0.612459930642	0.607010800065	0.578088339014	0.594433806267	0.611836861893	0.582554262713	0.585401444015	0.571853636547	0.510304677587	0.572474006124	0.584148329462	0.542993953541	0.572056380899	0.569571766415	0.623585067675	0.673334212414	0.586198439553	0.561320551119	0.58454761954	0.592796038405	0.550259800161	0.575165048957	0.585916171511	0.552795555969	0.617481441055	0.566146224346	0.597775662015
CUB051_vs._CUB051	0.549816995895	0.607072589512	0.550315940269	0.705732085038	0.576674358536	0.581933479424	0.575255129664	0.516778566785	0.653768066699	0.556725939364	0.594665662173	0.563669034223	0.623765181348	0.511572620022	0.653465886556	0.642492332972	0.531615613785	0.587164422311	0.599351540012	0.715005842901	0.627849499229
NAU115_vs._NAU115	0.616570579475	0.564377548543	0.593691209916	0.566747378292	0.607409569198	0.583794376665	0.558204453571	0.627584749113	0.522626342526	0.623798756451	0.560634431838	0.617016322397	0.536419800112	0.597291409353	0.566328994904	0.589774656663	0.595833762154	0.584938601607	0.587307334167	0.550604173689	0.600473741548
NAU157_vs._NAU157	0.575436556416	0.581103418064	0.618587726711	0.678577420277	0.649106642209	0.637569448782	0.661371524868	0.571769130672	0.582533398318	0.581725004525	0.592457708374	0.620031495824	0.620671161031	0.561464714793	0.593850372187	0.662752545392	0.645465040932	0.574204742871	0.637972305264	0.541394722137	0.614081051315	0.528875684219	0.571582958015	0.615868415031	0.59197452208	0.58541271295	0.66327212996	0.622675424506	0.592721215396	0.628144974434	0.545750764317	0.587251940716	0.544211275088	0.584721555485	0.587614186379	0.580944999006	0.503645202829	0.50266188059	0.52043189629	0.526776767352	0.555651636394	0.643014528727	0.54066444164	0.613079405366	0.505186470681	0.518452399577	0.500660998256	0.57236570952	0.447086916722	0.627452929207	0.670221833471	0.625157157409	0.662360251616	0.516470285456	0.530405692726	0.5757791299	0.495652367953	0.589957636118	0.659564368502	0.615516599303	0.644295221722	0.549050078267	0.539063255504	0.580365820269	0.555562600672	0.648372198308	0.541607106544	0.630975073772	0.562591988373	0.567557626137	0.594495651485	0.665798196939	0.603652086256	0.644137246959	0.48783386215	0.541542659695	0.60803885155	0.526388326922	0.592887208556	0.576153267893	0.581526256872	0.611557429839	0.588412780109	0.65385838434	0.666427583231	0.613419449164	0.581172211605	0.598630853992	0.607477648154	0.619679427015	0.505249464957
CUB004_vs._CUB004	0.588189671086	0.516186076974	0.538572664099	0.529286966714	0.591187575451	0.547758298401	0.504780071679	0.571023445997	0.614282339638	0.587650676531	0.619320882968	0.601033596024	0.650583706085	0.567767987907	0.58636610251	0.588472156627	0.62253226284	0.537379477645	0.514542105878	0.583812065959	0.541646150983	0.579374100934	0.578337025372	0.604384073271	0.553003932439	0.50902227762	0.59378735603	0.584007702824	0.592112982704	0.649942404526	0.590714243014	0.539683388748	0.588517938497	0.584527349633	0.595826930427	0.638916862045	0.651935713847	0.647244553833	0.670905008673	0.557973802806	0.534945778215	0.604804290488	0.579288633819	0.623982059818	0.64204657798
NCS233_vs._NCS233	0.529843296092	0.631815339077	0.570534400333	0.626090670424	0.635082644507	0.612486696268	0.523646603798	0.565422825536	0.536455122648	0.602974670362	0.519804937238	0.585441707521	0.597483149979	0.571619173256	0.561353546122	0.554322008251	0.516728392532	0.631316453962	0.584751925439	0.632819960042	0.587902892501	0.620185049635	0.589089178644	0.615090692999	0.595024600718	0.621756363907	0.594427938761	0.577790418415	0.579830946055	0.571681067336	0.585237772231	0.596646042257	0.628840710905	0.572147337867	0.610803307792	0.597817544733	0.652627202345	0.588856394151	0.610020537489	0.591891037811	0.568103814336	0.561937599865	0.583056062494	0.5501802123	0.550206313556
CUB011_vs._CUB011	0.644052746504	0.616748841936	0.562729329815	0.55069374304	0.558452064883	0.594178853749	0.575243407828	0.601586469992	0.612269801926	0.611306681905	0.623333912362	0.58810747727	0.556409309609	0.510259141177	0.583426781373
NAU150_vs._NAU150	0.600206152949	0.565699227306	0.60348225124	0.561759499646	0.578331367542	0.571584366122	0.590266303768	0.572484870957	0.593943577615	0.568187286647	0.579435065685	0.639310202103	0.571656940324	0.587462960649	0.600476955663	0.59656209337	0.658399253375	0.607282134299	0.565117311222	0.586339064885	0.552075857512	0.547929567852	0.535622464975	0.603572348984	0.63430196185	0.593530827925	0.590141479744	0.595832556697	0.595549292008	0.645299986004	0.605040575103	0.593255639235	0.579288995167	0.577832871676	0.568010971316	0.565821633066	0.595824694784	0.572767968811	0.594522743693	0.548728778096	0.541494588049	0.591397387507	0.553984107425	0.618262266826	0.589311958203
NAU121_vs._NAU121	0.612344593554	0.60551042053	0.626872823365	0.615942564302	0.632552023345	0.642576304861	0.57405958652	0.570716650165	0.620998551678	0.57081646712	0.597370216996	0.626066505671	0.568899829543	0.629675107789	0.612306073432	0.573003101622	0.578120235704	0.616096515347	0.575103029749	0.584013398654	0.564186264007	0.61561829447	0.577007026831	0.539373113127	0.596986037955	0.574383058538	0.58194341289	0.603786144981	0.610698062045	0.58954946605	0.570642570094	0.628425492704	0.582740424564	0.595144136612	0.650388616444	0.5832369385	0.573141614628	0.579692667816	0.556128814939	0.567206794838	0.656098311889	0.60867017367	0.642306532814	0.651763393043	0.581799050911	0.565132549515	0.628223611877	0.591353273345	0.601068764622	0.548438230433	0.554798389246	0.531276417352	0.603076134054	0.561022394623	0.556654560854
NAU139_vs._NAU139	0.610825122942	0.616406675018	0.588010225983	0.606970345397	0.548722144017	0.612696495969	0.587531806846	0.609314014163	0.630079459075	0.611801012221	0.580182089743	0.589734245661	0.523453411549	0.571191048775	0.51832166772
NAU108_vs._NAU108	0.625354106251	0.574478793989	0.585916135874	0.531335570059	0.63433954002	0.597676811131	0.610510611018	0.582084570494	0.585848840955	0.612547876235
NCS212_vs._NCS212	0.56730365224	0.629455244514	0.593356575286	0.562400463555	0.574583022186	0.556659282511	0.555538654733	0.608891224202	0.627008532411	0.609598424868	0.556362927327	0.565779353853	0.593799619145	0.542176035525	0.646838772272	0.648068279553	0.59960322897	0.687542493006	0.642012530068	0.642887718951	0.643282952918	0.621934525951	0.598544819625	0.554955603586	0.544105760501	0.634846760374	0.596757108704	0.585102155486	0.551616182712	0.570002313167	0.579792501828	0.551494036619	0.607373615158	0.520205756304	0.565475781705	0.591746396395
NAU146_vs._NAU146	0.557007874325	0.641641497666	0.714120486152	0.535565922508	0.61271983925	0.548563694071	0.586952508697	0.585893784499	0.665013852681	0.590178440096	0.578204622735	0.560599688721	0.546636639225	0.611970085907	0.675754428421	0.574918649753	0.630561676258	0.550402962359	0.711298895009	0.606408317305	0.695681453542	0.637469749528	0.598246075837	0.56053526596	0.594943492108	0.600384392079	0.564003576063	0.556770414025
CUB009_vs._CUB009	0.611626680693	0.623439535889	0.594938373244	0.595358201977	0.578022917405	0.631434435403	0.63197967883	0.56941664434	0.681323172949	0.637390383442	0.587223406584	0.628836170457	0.569447230907	0.592991548582	0.537918935887	0.515457345811	0.63126016052	0.572053532432	0.689411433961	0.680511281054	0.653490364823	0.59073217885	0.56582690378	0.632619498195	0.631720493962	0.592214614852	0.585688705958	0.563972024155	0.58293806895	0.569961568516	0.624199764531	0.624532222823	0.587106054245	0.562605161731	0.564132024468	0.582057601743
CUB017_vs._CUB017	0.591540617156	0.597326873541	0.682192223646	0.577596412619	0.59659372722	0.605684423703	0.613109587787	0.563479304798	0.55036862361	0.613750105976	0.523194925485	0.601457513371	0.589960633287	0.615867504951	0.561812769725	0.686737151363	0.574793725906	0.59179809561	0.567917296732	0.61392619932	0.560160179507	0.592594785162	0.723202771133	0.739867849607	0.71406047201	0.664912383147	0.592903161738	0.611589159418	0.566488519599	0.52392446156	0.563612266618	0.600338744225	0.578342972172	0.617652510532	0.564603233681	0.529103504691
CUB037_vs._CUB037	0.562433090734	0.541562115169	0.568681239936	0.597057125778	0.607375860399	0.593897233496	0.572767222598	0.570633987732	0.61743531415	0.587997524315	0.611940298507	0.622150383583	0.620923339608	0.59258249178	0.574222923353	0.577495157478	0.53661702074	0.68556268638	0.593441537162	0.507321603142	0.516358561744	0.570693852361	0.620880646078	0.600779956402	0.595714561586	0.600946213448	0.69174285585	0.590043649461	0.508607219263	0.514522458132	0.705233503033	0.720021101267	0.663202310675	0.58902050026	0.62248150592	0.557846288197
CUB044_vs._CUB044	0.608232897884	0.631348416673	0.619599275768	0.711689453781	0.590623066191	0.601357035081	0.568141530828	0.597422438745	0.595292917967	0.590768960089	0.585016477609	0.659367232534	0.698789479869	0.562678152159	0.5877841624	0.533603840272	0.60665797122	0.568736587929	0.58933013305	0.57325934347	0.585780478535	0.584672356405	0.572357561597	0.537632432955	0.554975844488	0.643328266682	0.628046998887	0.627757429879	0.635901309981	0.637615594799	0.612028323304	0.602519632622	0.631213561852	0.606325517135	0.671130024415	0.62041216871	0.660729965648	0.634825287466	0.714083770181	0.726956744148	0.542996297464	0.538556221323	0.547739478528	0.553473678291	0.561632347496	0.575994144613	0.57361561742	0.613572705005	0.628562564538	0.532673100367	0.562694392269	0.543696654671	0.60244760748	0.579277659516	0.592190365748
NAU123_vs._NAU123	0.628312420295	0.610788043284	0.608918881398	0.613087207544	0.48471053185	0.547979547201	0.45761276012	0.574819575616	0.532318471852	0.504979550889	0.587159197095	0.515482788034	0.549674580789	0.643113521713	0.561707694924	0.639251871517	0.641240557078	0.629942375887	0.669212650674	0.555719421292	0.547789995961	0.618443395148	0.565581860239	0.612097463597	0.63214748172	0.661349848208	0.663576732692	0.536528750651	0.605458975621	0.556183209503	0.651700221595	0.604349222068	0.620435433227	0.656280450106	0.598452590554	0.566196803538	0.627224528264	0.578421741729	0.612763296607	0.648018221293	0.602700246212	0.508252709222	0.551345414495	0.558799375395	0.477922727107	0.553610694971	0.595464951371	0.572024165954	0.584615959784	0.618582305126	0.538280402154	0.45778399233	0.604101207473	0.635185866734	0.554295361972
NAU154_vs._NAU154	0.581493241442	0.61357482448	0.54498894081	0.604877025596	0.739774366087	0.575580706436	0.595662414444	0.544031811179	0.579072841652	0.581838022699	0.751840336261	0.52391618136	0.530827702111	0.615581944771	0.596800234845	0.751834317836	0.537384171891	0.583828765653	0.639798659851	0.706126641839	0.575317096079	0.607771807615	0.763346414417	0.592421041544	0.620803033311	0.732547368742	0.751353348136	0.533520923104
NCS255_vs._NCS255	0.622373750222	0.578398069701	0.650606536219	0.647284471632	0.657849623675	0.619197121029	0.59487448069	0.59576772976	0.568338123985	0.596285483465	0.600738089513	0.618576367484	0.552021237291	0.571285896223	0.511778181754
CUB049_vs._CUB049	0.653666564582	0.538119531778	0.542317668334	0.596673707994	0.607536435458	0.610480372531	0.565801973387	0.542829666368	0.65557128618	0.553954350948	0.57089882891	0.639791858187	0.533395480707	0.622575290628	0.634428495481
CUB016_vs._CUB016	0.576261638699	0.554901119502	0.585555087768	0.616680079929	0.616517285899	0.597617722951	0.606699898314	0.626957580913	0.636068873631	0.616241711081	0.606318644255	0.554520476725	0.595043159065	0.598747349742	0.58394425862	0.614863937204	0.621704971327	0.611736286003	0.59496909456	0.592455856915	0.581543751154
NCS234_vs._NCS234	0.553748904632	0.605406240583	0.581070846459	0.592240151179	0.556887583469	0.599295836622	0.613647870561	0.607104731237	0.606007194853	0.542425918696	0.575422650778	0.541962061656	0.583685102319	0.601664715445	0.616975510031	0.592694448659	0.603508095339	0.595290139416	0.682495899267	0.638740973006	0.686803072272	0.568759564016	0.570724618215	0.597549519683	0.610916659365	0.60053199879	0.558390157881	0.5880162845	0.621126152825	0.611410902554	0.584696127201	0.605014410745	0.609099912377	0.642783719555	0.572111915582	0.627399706148
NAU105_vs._NAU105	0.71192000122	0.6360589591	0.659987879071	0.654227835542	0.648025425757	0.644636939435	0.634076516779	0.59171603774	0.603506263399	0.611119662125	0.601198977907	0.582803013465	0.608676195694	0.556467797382	0.560222323674	0.515881155798	0.551650364024	0.517886829754	0.564432204004	0.489355457802	0.515477129799
CUB028_vs._CUB028	0.578346007102	0.573026703225	0.656752937238	0.619709471413	0.557941719022	0.570638053095	0.60408088384	0.620706949844	0.603123593105	0.587482167501	0.62270819721	0.622908515112	0.582664222575	0.533230801086	0.600485677384	0.617649129545	0.591055321286	0.645576157967	0.543765638533	0.645729121774	0.604457386963
CUB029_vs._CUB029	0.581049329302	0.587967221137	0.64574735492	0.583544138214	0.627835931631	0.627291378847	0.608489554008	0.608692442432	0.595203701263	0.685380390593	0.60441671748	0.624058783646	0.625421455382	0.590283366147	0.637098999739	0.604661272349	0.579087995102	0.603264284358	0.553136101538	0.514469419811	0.550324604352	0.669145527329	0.688732703807	0.616809254343	0.625089212111	0.673268060199	0.576567686537	0.556296921531	0.549969895221	0.567129128505	0.616455020622	0.607722646606	0.602889532116	0.517970887902	0.582169847049	0.52368522421
NCS263_vs._NCS263	0.649861897053	0.664284860321	0.601189945278	0.625980009774	0.646985241123	0.638909504418	0.558498031866	0.655224118796	0.597251187528	0.617107770485	0.635390735695	0.57119818326	0.566170203602	0.611145933047	0.626916072993	0.599983897442	0.644794037735	0.580727637704	0.580122065541	0.623326025295	0.646211316905	0.596409238933	0.582845127876	0.570905443498	0.544815625019	0.555319874946	0.605072018509	0.616531744401	0.581413628054	0.60265101865	0.565383334342	0.607247624246	0.591710667863	0.628002435411	0.584701698685	0.607002886875
NAU136_vs._NAU136	0.613239829434	0.632657181471	0.595342747301	0.67571949073	0.635683827652	0.618972735349	0.624613918543	0.580566930141	0.628479404611	0.574233133381	0.541186758714	0.605743031072	0.639481032209	0.615575879457	0.594097844321	0.641083105579	0.584388219269	0.576272250774	0.591283090002	0.59738359476	0.540910092496
NCS203_vs._NCS203	0.708036687698	0.638113791258	0.532144225776	0.534604443658	0.570461766297	0.596104136884	0.521509158587	0.607341886571	0.535816649359	0.527632730725	0.721765964206	0.678123834417	0.686854205183	0.697539290106	0.690149609217	0.585441683226	0.742734584976	0.679779929428	0.614555780181	0.631762159029	0.64406952258	0.647876677257	0.533299626053	0.683167175229	0.556265881973	0.563095326901	0.615404927105	0.561915369384	0.654344281662	0.563459082907	0.564507714182	0.614566663772	0.552523410515	0.580702696971	0.572168318143	0.612260830402	0.571082771626	0.59964037926	0.573174235919	0.606271896374	0.634451189186	0.649335297661	0.600248514901	0.534514092399	0.651669690535
NAU107_vs._NAU107	0.702510451611	0.646175869654	0.655379757644	0.656482589493	0.570143754082	0.609557347198	0.539857837283	0.604305936501	0.511685908209	0.532197766705
NCS214_vs._NCS214	0.717845895202	0.54657553011	0.697614214792	0.700624515185	0.560124210466	0.543410589163	0.580134884893	0.608369827	0.67496866941	0.5808972692	0.636731275107	0.684909283361	0.697180531629	0.624573692979	0.596134288848	0.644300549562	0.666012703928	0.532619538168	0.532367477305	0.55317426396	0.574007423868	0.604590404679	0.659701618147	0.668052806095	0.59255530139	0.583004063344	0.691398822409	0.682430276252	0.62274819534	0.607224440393	0.526496114691	0.554154005205	0.60707708291	0.55264275234	0.609096417919	0.553175215066
NCS204_vs._NCS204	0.579632762108	0.59302909395	0.608380369998	0.645230282023	0.662088285294	0.613928629132	0.479841114686	0.5672292976	0.648689748709	0.597381560142	0.577541366343	0.584794693859	0.675221963894	0.593456109292	0.559620290352	0.640304114726	0.636226669387	0.608948249927	0.674409485261	0.615461344974	0.564579557638
NAU144_vs._NAU144	0.625907822653	0.619470179231	0.588567181737	0.604255269181	0.620035900119	0.614715366181	0.659947598549	0.54435399494	0.551586406138	0.649269955487	0.617633996215	0.607004342079	0.663455160729	0.600222940882	0.592761879104	0.535672965421	0.641478334276	0.589813404676	0.665747909913	0.612491177778	0.56766517295
CUB008_vs._CUB008	0.616278151229	0.551785498317	0.580257094243	0.57806631554	0.594488823024	0.651753217932	0.608427785343	0.58884130054	0.583620203383	0.591449817445	0.666409016161	0.651698598162	0.63487204907	0.686766860735	0.618570164995	0.584452095413	0.598343502621	0.5878993696	0.591393476475	0.627725566112	0.64063440343	0.588425995122	0.556082419967	0.606614940125	0.699373756218	0.648963510048	0.63820447736	0.617137021745	0.596317304798	0.68271376599	0.629240938847	0.5562396213	0.637689574145	0.615664489849	0.551636203237	0.55621703749	0.571837502455	0.633756522015	0.605832846329	0.699196823411	0.65117702294	0.625932055015	0.61840231721	0.598323424117	0.705463877597	0.627380419191	0.606756669614	0.598004505371	0.594848825669	0.565933187608	0.639665513498	0.620970760033	0.616431457865	0.61441083311	0.639272129229	0.632875145376	0.622773479727	0.60538646456	0.644676355651	0.664191347459	0.553179297008	0.579370646528	0.611481782439	0.557302881475	0.588576394638	0.629727412194
CUB015_vs._CUB015	0.647670667813	0.616993972324	0.678997360327	0.648683596471	0.622560440395	0.665510438182	0.627198848833	0.627789323145	0.596060000475	0.601281693533	0.597049014016	0.637221704726	0.610024420013	0.596555717485	0.518984470414	0.638772840031	0.645571260842	0.668696302301	0.628257075803	0.59644124457	0.589702307589	0.616109910537	0.651915990122	0.62279316579	0.583409295832	0.606437311615	0.607447501291	0.582535034898	0.585696707242	0.597252462338	0.614457102058	0.636858583494	0.628944876413	0.601573491433	0.582368555742	0.593859393835
CUB036_vs._CUB036	0.634245993529	0.583141327305	0.622488658196	0.613639934437	0.627701195208	0.64981089537	0.609408152747	0.621017329215	0.637345130783	0.634300657298	0.660089762493	0.6020577263	0.635257575362	0.616320603542	0.633492784893	0.604842349788	0.543642336198	0.599014825598	0.593379955596	0.577791180923	0.604039498193
NAU134_vs._NAU134	0.631986100426	0.659428701171	0.62062282168	0.635499886277	0.568343546336	0.638786158578	0.668454830807	0.588744515769	0.61800974091	0.600881961207	0.621444615708	0.658075245428	0.618014703714	0.645722125616	0.648376291039	0.593530876226	0.594173565343	0.621509618471	0.498280534939	0.580777822047	0.621016121879
CUB010_vs._CUB010	0.636081025801	0.719496701369	0.612891286948	0.641438606855	0.624446186658	0.622923831371	0.642854269807	0.607829395505	0.663148243886	0.620972918784	0.57231337623	0.647620095171	0.638389589598	0.685828982252	0.640259527465	0.628946532239	0.627159398785	0.675522365108	0.620831161491	0.64074209039	0.555527449433	0.595285370689	0.576735587783	0.58679745343	0.594287588172	0.620482649593	0.556953375283	0.587623474966
CUB007_vs._CUB007	0.5560862877	0.692591670092	0.616785997223	0.520820017169	0.50428479378	0.639387559437	0.613496497349	0.662350278018	0.657656012395	0.53310200637	0.497479952013	0.6340287523	0.608402513431	0.72172084034	0.66772368277	0.656999837782	0.646611064225	0.685277749066	0.591377912519	0.6335857207	0.633738004477	0.666220763685	0.53096861707	0.615032690825	0.566117987299	0.613482707859	0.620865230156	0.642947869738
NCS213_vs._NCS213	0.66340960504	0.615179644744	0.641696535292	0.643678265202	0.623632368829	0.647339073617	0.649240883315	0.639476953772	0.634821100881	0.597571204583	0.670594671398	0.701832516984	0.640669940027	0.60238100613	0.595798256183	0.613245179603	0.662532635707	0.613680933114	0.634918782075	0.619150528487	0.684211668909	0.614010086873	0.631270029586	0.664425109207	0.621040730201	0.602840208382	0.650575010554	0.704304911415
NAU148_vs._NAU148	0.621239291723	0.595497888544	0.642148402378	0.648802310747	0.62778062383	0.629708949451	0.650477084087	0.679738264923	0.658417042628	0.664529402208	0.614475357604	0.549770843868	0.599405524718	0.580467168429	0.578451006075	0.601492935804	0.640306837207	0.738210542533	0.666929974871	0.650650944071	0.638680830252	0.559471743455	0.591681149403	0.623812540292	0.547643553378	0.635588037278	0.702575449471	0.638419663968	0.630647511858	0.616519483611	0.639367373958	0.646482600045	0.60143143493	0.615960715611	0.643719968557	0.622477298897	0.653301495297	0.628913962769	0.614617457996	0.592933888886	0.646234127839	0.743248350452	0.667897941861	0.631498693178	0.666540339795	0.651106263739	0.630771472927	0.71702785374	0.673626404756	0.663833202249	0.670720115392	0.6691819351	0.712763279676	0.668128240364	0.638780054151	0.634957857749	0.658563611685	0.550218310453	0.586136928028	0.679050872982	0.621516583656	0.674082733108	0.711517965452	0.630623400029	0.682128078188	0.693263107009
NAU129_vs._NAU129	0.58325280381	0.650860093979	0.618484756303	0.643414332529	0.640769680966	0.730548982062	0.64806539391	0.611055492563	0.657831705408	0.659742158361	0.73568594627	0.661605836622	0.665454473927	0.662049584807	0.763120337802	0.577847662385	0.580771497861	0.647120452849	0.584538506921	0.648470363109	0.63438338647
CUB003_vs._CUB003	0.612000167773	0.598265121839	0.688403673863	0.624364140731	0.62937392024	0.620285863883	0.686405759478	0.604989905978	0.653580522324	0.62763511236	0.739055890429	0.687669892107	0.671824305004	0.59049940335	0.7218741102	0.595847124573	0.65448933043	0.614607969996	0.619534969613	0.511067167491	0.574074266172	0.599566393654	0.65110948012	0.714316890401	0.693177536461	0.613387406374	0.664490550122	0.726034251354	0.73482836416	0.761075714627	0.590048371342	0.640790826828	0.617416821725	0.729394441821	0.771730004029	0.603172611563	0.586901793288	0.71717131764	0.766229182982	0.671357469825	0.618523216095	0.684859973503	0.757064005565	0.808574315793	0.592096643894
NCS237_vs._NCS237	0.697538196747	0.616304973656	0.630830992751	0.627967267493	0.618575737329	0.69005738235	0.737362607294	0.700084220619	0.776905399171	0.782263918623	0.475991854005	0.643279822799	0.65296891479	0.639687613722	0.729838699347	0.658121692671	0.636941006145	0.675540650442	0.612559026471	0.763070827684	0.775707999486
