CUB052_vs._CUB052	0.129325925	0.155757267	0.23007924	0.290665547	0.269534601	0.286769233	0.230733665	0.300321388	0.244346584	0.111437398	0.295790049	0.184089464	0.175657176	0.179775112	0.144270784	0.191390735	0.157325835	0.318141193	0.187179302	0.144486962	0.19219211	0.15383502	0.202117557	0.198441877	0.411693223	0.412536601	0.420702703	0.374508473	0.461469546	0.377788368	0.147978134	0.104300568	0.121768662	0.140066761	0.111583545	0.120730584	0.124869764	0.102711165	0.149559513	0.140220826	0.130232793	0.139014813	0.130136241	0.058945727	0.144026728
NCS203_vs._NCS203	0.232219541	0.272108426	0.290473978	0.140269837	0.304947824	0.215437567	0.288140953	0.367155579	0.109703883	0.158477591	0.117019028	0.157641289	0.123126254	0.161405646	0.276563336	0.21235758	0.163108099	0.16988468	0.163233481	0.196125721	0.309351879	0.216611663	0.132739034	0.127977453	0.126854423	0.132013001	0.191396963	0.121175786	0.191774428	0.299883078	0.108242159	0.143833485	0.211558661	0.16076379	0.221782892	0.201186492
NCS204_vs._NCS204	0.200261138	0.270406355	0.173525448	0.176736198	0.204011366	0.307796305	0.216995485	0.375780246	0.198591289	0.155503548	0.172774164	0.16031137	0.291878007	0.198967757	0.337179666	0.157272429	0.155259407	0.138178193	0.153139226	0.239199316	0.357677841	0.171962806	0.159801304	0.232628027	0.178120299	0.32469228	0.113224726	0.192206531	0.178346077	0.335600078	0.227158153	0.150010595	0.32626668	0.254896716	0.367343701	0.313450089
CUB050_vs._CUB050	0.287171829	0.198368919	0.350531929	0.179268334	0.285030835	0.202950445	0.154159044	0.205410765	0.226095776	0.376954292	0.265552047	0.323469488	0.251899206	0.258775469	0.24499803	0.192478498	0.137216043	0.216622294	0.123802362	0.174727545	0.153805438	0.288721865	0.241239958	0.232745562	0.263350323	0.30281912	0.128909771	0.091886201	0.1447005	0.073948479	0.127048866	0.185189913	0.127438424	0.157681427	0.096343818	0.156162865
CUB040_vs._CUB040	0.351103833	0.47417407	0.288146093	0.370658719	0.447557638	0.372454643	0.337737126	0.398482311	0.408813185	0.292055197	0.108769682	0.166884418	0.180539071	0.171053308	0.129880607	0.13122366	0.2743587	0.249359287	0.259707791	0.25098808	0.195588887	0.22634995	0.259070097	0.224349941	0.157805558	0.191016351	0.165830522	0.102690953	0.161027438	0.23977461	0.175313603	0.123540264	0.146712039	0.180019132	0.234987954	0.212709877	0.21671383	0.103392305	0.336651117	0.100997977	0.2078062	0.205989172	0.191323431	0.190089027	0.309703634
CUB004_vs._CUB004	0.387682938	0.459282037	0.316932061	0.248832918	0.22024811	0.354493789	0.244134191	0.345963848	0.28977583	0.151411817	0.320779081	0.294171396	0.337577754	0.223967405	0.294761353	0.341261916	0.271808576	0.288695028	0.276061957	0.329240215	0.162807796	0.28259791	0.250157333	0.250342135	0.099096753	0.166758971	0.211193128	0.112892128	0.187483617	0.100854107	0.12450301	0.166414703	0.066376109	0.182121698	0.090121544	0.238708637	0.171781437	0.216523574	0.123958868	0.182130942	0.131239371	0.204740909	0.203183491	0.123696209	0.195773716
CUB000_vs._CUB000	0.34760608	0.293328911	0.194694278	0.177673328	0.301119225	0.182122519	0.088548413	0.141480888	0.259276158	0.489461891	0.307904024	0.429138714	0.166446343	0.258807301	0.291674017	0.303331432	0.19471228	0.354147775	0.267367467	0.471645066	0.370026106	0.324163662	0.352645227	0.455510917	0.13948735	0.256459207	0.144001421	0.167421739	0.12365433	0.176482604	0.362547037	0.232186319	0.198555075	0.17685864	0.297522882	0.18057946	0.24650337	0.235693049	0.109225005	0.17015044	0.202762963	0.133276205	0.108938183	0.210846079	0.193994868
NAU159_vs._NAU159	0.130920564	0.205816899	0.180650914	0.113757533	0.144618865	0.270672246	0.263680572	0.204692927	0.236724731	0.153116696	0.174725747	0.190623951	0.347238162	0.244295536	0.261918663	0.302123933	0.289660404	0.129246062	0.345187477	0.370125417	0.300560144	0.208764541	0.239968067	0.348986322	0.165251182	0.251919501	0.223519658	0.208934931	0.253562731	0.172287816	0.359371061	0.345246381	0.294752986	0.244218536	0.138242893	0.189172005
CUB019_vs._CUB019	0.338092233	0.316415992	0.325495796	0.465879361	0.283221523	0.315426677	0.227989036	0.179598184	0.226020847	0.408011189	0.26863966	0.160451722	0.359841252	0.209985341	0.309915015	0.23427071	0.198562359	0.095148005	0.247072995	0.238913236	0.20702369	0.239460621	0.261224577	0.094932505	0.275824644	0.266378484	0.200786738	0.23484477	0.344913145	0.350741855	0.258556204	0.197536201	0.170844131	0.242052761	0.287246617	0.20717959
NAU110_vs._NAU110	0.179132013	0.218141286	0.293335873	0.234727501	0.171895507	0.196695118	0.344466257	0.213243198	0.281870327	0.349523146	0.244734686	0.146166632	0.326595121	0.406071146	0.251769045	0.163207873	0.129146971	0.271421183	0.131626856	0.513723473	0.198488972	0.126924264	0.344745146	0.206646845	0.529700798	0.156014947	0.26284326	0.192942873	0.517613296	0.115761637	0.266034483	0.411753582	0.263460233	0.505183275	0.237799896	0.418255377
CUB048_vs._CUB048	0.384302303	0.302421649	0.476960412	0.400813209	0.350678802	0.343502529	0.417543645	0.341282764	0.33136833	0.263959736	0.181114963	0.105722368	0.246736663	0.228351672	0.211103596	0.228408941	0.205654933	0.328366191	0.280617344	0.188671213	0.178010794	0.358233918	0.214153445	0.170388561	0.163464045	0.282638862	0.251354637	0.249177425	0.292314886	0.289133302	0.253489459	0.237792506	0.242252184	0.251497043	0.228442317	0.121484161	0.369983439	0.174251738	0.153221866	0.343426064	0.166785967	0.127722181	0.402968351	0.368948865	0.09499402
CUB042_vs._CUB042	0.107021027	0.336124184	0.235668401	0.274739262	0.294298554	0.106958645	0.289464601	0.254481698	0.20784144	0.340656785	0.262749472	0.251297445	0.290923283	0.15526016	0.293259454	0.249003605	0.221237687	0.360314333	0.55687303	0.36011422	0.320087121	0.151359199	0.341591716	0.22135267	0.252029467	0.100252695	0.193328108	0.283985408	0.184385517	0.223824561	0.2616683	0.255276437	0.487666045	0.293386288	0.43064948	0.233583263	0.269723093	0.199867744	0.26316151	0.26750187	0.197835589	0.223230817	0.271115745	0.147272271	0.20759107
CUB044_vs._CUB044	0.474670246	0.354759852	0.160871632	0.130486	0.116926131	0.182282327	0.211102719	0.262897736	0.648945792	0.508912572	0.55636064	0.445861019	0.622512275	0.395729207	0.610316568	0.316392554	0.283024128	0.300372703	0.367937557	0.440619887	0.397773324	0.12055747	0.123022319	0.192280915	0.181117203	0.137968834	0.119541347	0.120408223	0.274217543	0.203184694	0.228284314	0.181423128	0.221826593	0.320046242	0.210886293	0.253186725
NCS236_vs._NCS236	0.325312458	0.395636744	0.386684933	0.320556501	0.382105357	0.345516001	0.238010029	0.328089661	0.344276496	0.250500425	0.368138065	0.148697663	0.238134767	0.159429631	0.216888149	0.201980659	0.261343943	0.396883203	0.218396887	0.293288655	0.210548307	0.259682298	0.300615332	0.241520296	0.228564486	0.179018398	0.407457624	0.222201508	0.2985435	0.30409754	0.257957738	0.226750674	0.29565557	0.17700464	0.20463048	0.214837928
NCS243_vs._NCS243	0.290997656	0.208375086	0.266747195	0.224263216	0.320382326	0.454170691	0.49421943	0.121395808	0.169173563	0.188409464	0.136709586	0.300809309	0.348756194	0.172206735	0.156232804	0.179664578	0.344185041	0.392663132	0.132475439	0.114799587	0.329868236	0.363264723	0.159527246	0.372355623	0.419413798	0.256350439	0.299751246	0.109555553
NAU161_vs._NAU161	0.627919224	0.232218575	0.186867516	0.315818198	0.186685879	0.174323731	0.630498757	0.679439152	0.602762552	0.732853587	0.683909021	0.263478423	0.282551067	0.23879609	0.238830126	0.35703149	0.093929401	0.215129555	0.352286847	0.250017143	0.181765344
NAU109_vs._NAU109	0.083417897	0.34756544	0.284243428	0.251114859	0.151374448	0.35391199	0.169475929	0.187633386	0.328215499	0.274351207	0.269151234	0.153706289	0.332641355	0.134783014	0.168183731	0.213057246	0.398344031	0.266360204	0.280144088	0.404272171	0.243085166	0.365416029	0.205619342	0.278299762	0.355482185	0.181094354	0.219386375	0.312911805	0.334618816	0.233793081	0.290139374	0.235051653	0.120473176	0.404663459	0.235075354	0.262780153
NAU132_vs._NAU132	0.448739854	0.347744951	0.246225252	0.144529441	0.342691467	0.33727968	0.404693001	0.342368405	0.252733733	0.298510094	0.381600781	0.215047535	0.293926232	0.242208855	0.269345419	0.260302537	0.286259194	0.168998014	0.356098869	0.284832208	0.228944182	0.230502809	0.179946301	0.21121628	0.241052543	0.206554389	0.27094258	0.344128089	0.409289534	0.311673852	0.234648769	0.18904	0.122337098	0.254753347	0.294435093	0.171184342
NAU156_vs._NAU156	0.159789535	0.177810656	0.338940552	0.23235288	0.131227156	0.290183016	0.177435239	0.420161991	0.265102981	0.120938977	0.435177157	0.467658154	0.233357262	0.156038376	0.404795788	0.49593964	0.3662389	0.229073798	0.261978198	0.434973888	0.34809286
CUB037_vs._CUB037	0.329283425	0.34444985	0.536646441	0.580265432	0.409403275	0.679876583	0.364483937	0.572845326	0.515812964	0.136563789	0.298802966	0.355516321	0.227919268	0.425077012	0.122201386	0.302542171	0.287260633	0.271785657	0.325188704	0.157705097	0.378314837	0.149366601	0.269812388	0.20276719	0.158227587	0.236535058	0.2625617	0.227148574	0.241727109	0.278094573	0.224087337	0.288454113	0.277255957	0.258271692	0.297644812	0.30058699	0.16890391	0.234637861	0.247661343	0.356279242	0.176231945	0.260309159	0.262282283	0.271155751	0.149830566
NAU157_vs._NAU157	0.259739155	0.35217844	0.267280927	0.335668074	0.226977198	0.233793274	0.255890926	0.266241064	0.307248967	0.320206932	0.474150187	0.251129957	0.196474299	0.284153823	0.225647419	0.385035017	0.343171178	0.221502774	0.190038746	0.231729194	0.347541206	0.227409409	0.313479783	0.261236295	0.284248395	0.221939093	0.361752316	0.306184176	0.308952392	0.387974332	0.213134118	0.319882518	0.319769266	0.130556918	0.256940558	0.27960987
NCS255_vs._NCS255	0.513814184	0.552770515	0.487130656	0.61572332	0.531639191	0.628131864	0.293262692	0.567856419	0.266233565	0.12901349	0.236266662	0.320372177	0.2217635	0.286302236	0.236775957	0.254205163	0.250159515	0.267216218	0.213432973	0.388405855	0.279230328	0.242423358	0.289853899	0.227972678	0.268522742	0.246601183	0.175664041	0.157917666	0.376167858	0.258396541	0.259586169	0.332963871	0.323510458	0.400039146	0.174314289	0.316411649
NCS213_vs._NCS213	0.358119177	0.386473427	0.279114266	0.315242857	0.363584313	0.51570012	0.314878028	0.206285922	0.319938817	0.257396638	0.151141774	0.270625855	0.308002349	0.345534909	0.191578812	0.151226162	0.231280903	0.256780047	0.168250817	0.327344855	0.502231408	0.189589814	0.210992398	0.374144167	0.155632241	0.215500807	0.258491341	0.382912626
CUB049_vs._CUB049	0.31894877	0.29110524	0.41872642	0.409240522	0.414092728	0.332887389	0.243689845	0.288525975	0.338635067	0.396031968	0.38633174	0.395183844	0.439204936	0.316910461	0.258159497	0.199417405	0.436728611	0.231143406	0.2485161	0.19820994	0.239933125	0.209293947	0.375884605	0.193781183	0.170579348	0.125916972	0.234790171	0.226677659	0.287383451	0.278493635	0.175944222	0.178810991	0.187034325	0.333380347	0.302967427	0.267037109	0.232545043	0.316373957	0.212345613	0.175630836	0.295685658	0.32345435	0.229346822	0.227119854	0.369501278
CUB012_vs._CUB012	0.224128877	0.129467228	0.191162717	0.354651655	0.63862266	0.294591249	0.279451475	0.243897694	0.264431993	0.245581431	0.351439426	0.39836706	0.661353163	0.315956548	0.37656818	0.279185443	0.249546624	0.153231199	0.328174911	0.619114716	0.283891003	0.260275695	0.210024156	0.221424385	0.358087316	0.651420277	0.326435004	0.251390236	0.314271711	0.27151565	0.357445011	0.138821256	0.217837302	0.370123273	0.265564374	0.378783223	0.447961243	0.551617468	0.576915729	0.18682467	0.290755547	0.237699084	0.244231635	0.278810078	0.272424205
NAU133_vs._NAU133	0.241092563	0.36385176	0.389747753	0.385878213	0.386079889	0.708969442	0.255125167	0.284004574	0.274283852	0.245870346	0.572514777	0.234245105	0.153112913	0.082580121	0.41811252	0.194111914	0.241829484	0.400469195	0.15402883	0.420124205	0.400129799
CUB056_vs._CUB056	0.339782502	0.516744125	0.351990898	0.32758058	0.260071004	0.322598196	0.251226153	0.333917887	0.136367536	0.288464556	0.177665278	0.221237856	0.269869531	0.311771103	0.429696947	0.349224931	0.279769435	0.461026004	0.249444196	0.137452058	0.305056982	0.257841535	0.187382914	0.389834258	0.197127221	0.267044888	0.161806563	0.305198647
NAU150_vs._NAU150	0.266339895	0.174717945	0.38339415	0.263426731	0.199573999	0.441611766	0.194969069	0.201569423	0.331225264	0.193965153	0.150993338	0.249380862	0.304410603	0.376298364	0.413897808	0.465202865	0.268877844	0.198069484	0.542466777	0.185645602	0.19221771	0.296787525	0.355643557	0.274026674	0.486144257	0.518290055	0.240010506	0.360649091	0.363529638	0.38290349	0.383675085	0.186879456	0.26939818	0.548256225	0.587526417	0.165559074
NAU121_vs._NAU121	0.317764603	0.44020379	0.186070873	0.263499201	0.210026905	0.281733778	0.357831709	0.464572502	0.407009883	0.32050378	0.250695308	0.379480906	0.275834225	0.179910052	0.471600523	0.283161123	0.258286593	0.471676013	0.26375426	0.420704347	0.244525536	0.175326438	0.253553636	0.182048711	0.37759285	0.288267993	0.284492652	0.084559325	0.255955798	0.292591923	0.344023703	0.406124164	0.378557475	0.260015961	0.30914588	0.445460015
NAU148_vs._NAU148	0.222575248	0.215454802	0.191144706	0.231678145	0.358028444	0.289873966	0.422126477	0.208942298	0.176853832	0.215922787	0.352658158	0.265339472	0.417035677	0.16656769	0.131185967	0.309222708	0.209601556	0.383965101	0.202301793	0.306508128	0.199643754	0.435022883	0.303703027	0.283518149	0.304231766	0.358585692	0.458472341	0.532087715
CUB007_vs._CUB007	0.260432619	0.283127089	0.511356282	0.275510285	0.303502021	0.282568718	0.195461929	0.379711396	0.252228082	0.363681259	0.26009843	0.183837522	0.251085739	0.2020652	0.204271277	0.561423401	0.205360264	0.30173094	0.207290855	0.297757064	0.361918573	0.592710847	0.389025623	0.578584106	0.386334445	0.331870454	0.334688964	0.183514477	0.310451426	0.423456899	0.274368815	0.20391505	0.153576411	0.257157503	0.354197428	0.299075689
NAU154_vs._NAU154	0.475893603	0.142165462	0.340200189	0.19260845	0.3920519	0.177656983	0.220375476	0.360986618	0.425725491	0.38042566	0.489957971	0.434823341	0.42542043	0.302218197	0.375248461	0.293328733	0.2328184	0.348213334	0.108882035	0.254985146	0.297262022	0.265496367	0.157820471	0.324296306	0.264480283	0.191391967	0.305545758	0.253625121	0.236772096	0.238208884	0.391120423	0.3141804	0.18921751	0.258339029	0.345737817	0.234217442
NCS234_vs._NCS234	0.312544087	0.290965645	0.469633557	0.443223069	0.215241939	0.229250437	0.230581809	0.242405597	0.181979308	0.327075386	0.406888102	0.349332496	0.212851662	0.13932402	0.303779494	0.239770768	0.353640854	0.296906194	0.241521056	0.265088826	0.327211312	0.282046602	0.427992818	0.360951918	0.394381224	0.404637268	0.493597264	0.479783732	0.496752272	0.487954776	0.29373371	0.287013292	0.159802152	0.143665538	0.265464458	0.250609474
NAU153_vs._NAU153	0.204908319	0.301500586	0.344567006	0.38770611	0.463006192	0.432683353	0.413369841	0.146284909	0.196016963	0.253049137	0.282530897	0.315625392	0.284491664	0.180613124	0.315681546	0.315849644	0.207098473	0.177253445	0.244212194	0.182012006	0.344403263	0.285213609	0.297999478	0.493704199	0.430098277	0.491008525	0.326942187	0.236638114
NAU123_vs._NAU123	0.244709715	0.212521057	0.34317237	0.371871455	0.387773618	0.303279791	0.249321153	0.348626865	0.206915566	0.446139611	0.24219772	0.211149135	0.292041128	0.313000974	0.371851592	0.521843767	0.429783774	0.359630383	0.471032428	0.394396772	0.52138308	0.355098105	0.456973396	0.265888201	0.170390711	0.170789645	0.147405151	0.170963228	0.304099916	0.259793266	0.247013309	0.297995455	0.361594969	0.206789202	0.156462272	0.186804754
CUB003_vs._CUB003	0.141648694	0.605141249	0.347651822	0.273069945	0.341975343	0.305502385	0.283013204	0.453284924	0.386795199	0.562086589	0.35509405	0.200594355	0.323860249	0.274722915	0.294683194	0.49955821	0.396474041	0.596086551	0.474341514	0.505821676	0.519866972	0.549569125	0.526494361	0.412494672	0.291118371	0.369785793	0.297606007	0.301406608	0.47661422	0.412083923	0.241997594	0.190122034	0.189122715	0.401030473	0.29863608	0.172766066	0.192473129	0.220640335	0.212054308	0.113636741	0.246079601	0.223269024	0.25080605	0.242363847	0.151808525
All_within_PersonalID	0.371895927	0.537769914	0.349974736	0.341150235	0.464138961	0.55990266	0.171752269	0.480884011	0.340434221	0.399642693	0.333430256	0.30092314	0.372331469	0.428831092	0.506696256	0.351279648	0.476238233	0.215623355	0.155048488	0.635838717	0.329347301	0.209109703	0.262070635	0.300016058	0.426814001	0.166668375	0.37278372	0.487900279	0.407215372	0.316480764	0.232747595	0.529560138	0.33083183	0.642346247	0.266294731	0.555385122	0.317764603	0.44020379	0.186070873	0.263499201	0.210026905	0.281733778	0.357831709	0.464572502	0.407009883	0.32050378	0.250695308	0.379480906	0.275834225	0.179910052	0.471600523	0.283161123	0.258286593	0.471676013	0.26375426	0.420704347	0.244525536	0.175326438	0.253553636	0.182048711	0.37759285	0.288267993	0.284492652	0.084559325	0.255955798	0.292591923	0.344023703	0.406124164	0.378557475	0.260015961	0.30914588	0.445460015	0.244709715	0.212521057	0.34317237	0.371871455	0.387773618	0.303279791	0.249321153	0.348626865	0.206915566	0.446139611	0.24219772	0.211149135	0.292041128	0.313000974	0.371851592	0.521843767	0.429783774	0.359630383	0.471032428	0.394396772	0.52138308	0.355098105	0.456973396	0.265888201	0.170390711	0.170789645	0.147405151	0.170963228	0.304099916	0.259793266	0.247013309	0.297995455	0.361594969	0.206789202	0.156462272	0.186804754	0.271573726	0.323995317	0.305909139	0.12885076	0.266380947	0.198123566	0.281846275	0.415397171	0.536783115	0.264642657	0.374327512	0.455606257	0.417319832	0.520269139	0.633231489	0.521141216	0.259923007	0.278290468	0.327365283	0.141018628	0.168135994	0.424220283	0.538530262	0.369665797	0.508771522	0.651297958	0.194447121	0.19516489	0.189057705	0.327985997	0.278990355	0.269753462	0.314814226	0.272644097	0.434222557	0.210552836	0.474105272	0.330662367	0.388721459	0.464274843	0.51522392	0.719013602	0.412019914	0.462664052	0.358911541	0.259205133	0.357068953	0.177468146	0.439947518	0.4348651	0.20576476	0.175631854	0.200491514	0.359576401	0.644131787	0.257710683	0.281372335	0.178170284	0.285572009	0.566013967	0.344544663	0.148362453	0.323440635	0.624682413	0.320771451	0.277009279	0.474591778	0.371595356	0.286677714	0.656264368	0.528183266	0.437841128	0.58505225	0.619659769	0.791076875	0.766038244	0.444040004	0.614643128	0.55865066	0.524285848	0.534595147	0.174363705	0.372425913	0.370744348	0.669854274	0.171925906	0.491612078	0.349854138	0.201237297	0.392549514	0.439630547	0.700451225	0.222117179	0.596393717	0.378664885	0.295901336	0.163759875	0.851493769	0.378209937	0.567914973	0.593311403	0.505021908	0.831382672	0.300321982	0.53494343	0.605586568	0.471841495	0.697511402	0.612875858	0.567545816	0.604214697	0.523678358	0.356634438	0.247088281	0.494740998	0.448435673	0.203556523	0.119457232	0.177696423	0.445916721	0.27695885	0.296848214	0.375230833	0.246190564	0.217111213	0.458315969	0.283128076	0.29373442	0.275266373	0.199633192	0.364446596	0.168843013	0.203223027	0.461417022	0.340410969	0.466848869	0.217985825	0.69143736	0.443092671	0.320660616	0.499888733	0.405857074	0.526248033	0.298925754	0.334786399	0.329283425	0.34444985	0.536646441	0.580265432	0.409403275	0.679876583	0.364483937	0.572845326	0.515812964	0.136563789	0.298802966	0.355516321	0.227919268	0.425077012	0.122201386	0.302542171	0.287260633	0.271785657	0.325188704	0.157705097	0.378314837	0.149366601	0.269812388	0.20276719	0.158227587	0.236535058	0.2625617	0.227148574	0.241727109	0.278094573	0.224087337	0.288454113	0.277255957	0.258271692	0.297644812	0.30058699	0.16890391	0.234637861	0.247661343	0.356279242	0.176231945	0.260309159	0.262282283	0.271155751	0.149830566	0.146368955	0.201708306	0.19598784	0.216477767	0.163504244	0.409892473	0.693467488	0.213466499	0.301368893	0.316683422	0.155573305	0.475682658	0.720661671	0.29697538	0.290262389	0.208019156	0.324580477	0.713484384	0.079430503	0.181257348	0.315977433	0.76446335	0.188919457	0.322692642	0.775025439	0.365207933	0.775037096	0.789296427	0.387682938	0.459282037	0.316932061	0.248832918	0.22024811	0.354493789	0.244134191	0.345963848	0.28977583	0.151411817	0.320779081	0.294171396	0.337577754	0.223967405	0.294761353	0.341261916	0.271808576	0.288695028	0.276061957	0.329240215	0.162807796	0.28259791	0.250157333	0.250342135	0.099096753	0.166758971	0.211193128	0.112892128	0.187483617	0.100854107	0.12450301	0.166414703	0.066376109	0.182121698	0.090121544	0.238708637	0.171781437	0.216523574	0.123958868	0.182130942	0.131239371	0.204740909	0.203183491	0.123696209	0.195773716	0.260432619	0.283127089	0.511356282	0.275510285	0.303502021	0.282568718	0.195461929	0.379711396	0.252228082	0.363681259	0.26009843	0.183837522	0.251085739	0.2020652	0.204271277	0.561423401	0.205360264	0.30173094	0.207290855	0.297757064	0.361918573	0.592710847	0.389025623	0.578584106	0.386334445	0.331870454	0.334688964	0.183514477	0.310451426	0.423456899	0.274368815	0.20391505	0.153576411	0.257157503	0.354197428	0.299075689	0.34760608	0.293328911	0.194694278	0.177673328	0.301119225	0.182122519	0.088548413	0.141480888	0.259276158	0.489461891	0.307904024	0.429138714	0.166446343	0.258807301	0.291674017	0.303331432	0.19471228	0.354147775	0.267367467	0.471645066	0.370026106	0.324163662	0.352645227	0.455510917	0.13948735	0.256459207	0.144001421	0.167421739	0.12365433	0.176482604	0.362547037	0.232186319	0.198555075	0.17685864	0.297522882	0.18057946	0.24650337	0.235693049	0.109225005	0.17015044	0.202762963	0.133276205	0.108938183	0.210846079	0.193994868	0.141648694	0.605141249	0.347651822	0.273069945	0.341975343	0.305502385	0.283013204	0.453284924	0.386795199	0.562086589	0.35509405	0.200594355	0.323860249	0.274722915	0.294683194	0.49955821	0.396474041	0.596086551	0.474341514	0.505821676	0.519866972	0.549569125	0.526494361	0.412494672	0.291118371	0.369785793	0.297606007	0.301406608	0.47661422	0.412083923	0.241997594	0.190122034	0.189122715	0.401030473	0.29863608	0.172766066	0.192473129	0.220640335	0.212054308	0.113636741	0.246079601	0.223269024	0.25080605	0.242363847	0.151808525	0.350498652	0.234548032	0.172577356	0.195403094	0.398321594	0.190007512	0.380072655	0.491631925	0.088713667	0.252365128	0.406084876	0.410933284	0.49924479	0.39452459	0.193675365	0.607991309	0.324308203	0.257876398	0.312571832	0.47303322	0.282369134	0.302601865	0.564918297	0.207443099	0.164443462	0.342933178	0.221079714	0.441563145	0.433109231	0.178404365	0.29066943	0.175685364	0.421696613	0.392976853	0.199008015	0.406880698	0.510564041	0.308401431	0.420953703	0.420433783	0.441542243	0.168525895	0.624162218	0.344531088	0.475018108	0.513814184	0.552770515	0.487130656	0.61572332	0.531639191	0.628131864	0.293262692	0.567856419	0.266233565	0.12901349	0.236266662	0.320372177	0.2217635	0.286302236	0.236775957	0.254205163	0.250159515	0.267216218	0.213432973	0.388405855	0.279230328	0.242423358	0.289853899	0.227972678	0.268522742	0.246601183	0.175664041	0.157917666	0.376167858	0.258396541	0.259586169	0.332963871	0.323510458	0.400039146	0.174314289	0.316411649	0.498464336	0.807414932	0.558758024	0.746643109	0.459082821	0.699580439	0.587550411	0.707049704	0.329144938	0.33162328	0.284809305	0.179219899	0.504644297	0.407935587	0.492526534	0.5599389	0.166061001	0.410530141	0.756010135	0.672208131	0.724275216	0.482571953	0.389066965	0.352403383	0.255516267	0.335821024	0.31784837	0.677960976	0.578702784	0.659218027	0.531177894	0.375904464	0.544372951	0.180285508	0.063977815	0.186664683	0.224128877	0.129467228	0.191162717	0.354651655	0.63862266	0.294591249	0.279451475	0.243897694	0.264431993	0.245581431	0.351439426	0.39836706	0.661353163	0.315956548	0.37656818	0.279185443	0.249546624	0.153231199	0.328174911	0.619114716	0.283891003	0.260275695	0.210024156	0.221424385	0.358087316	0.651420277	0.326435004	0.251390236	0.314271711	0.27151565	0.357445011	0.138821256	0.217837302	0.370123273	0.265564374	0.378783223	0.447961243	0.551617468	0.576915729	0.18682467	0.290755547	0.237699084	0.244231635	0.278810078	0.272424205	0.132489133	0.358097302	0.33091037	0.361128277	0.227443769	0.462586638	0.587809962	0.287692953	0.319231349	0.344119978	0.165543906	0.505034551	0.632027615	0.172229038	0.295489323	0.310442769	0.55843247	0.699548862	0.282293935	0.353003677	0.585018834	0.724060436	0.243897988	0.474925497	0.533354379	0.362482189	0.499775643	0.45984955	0.482496032	0.394049341	0.269430645	0.335567841	0.269812871	0.341422467	0.427651555	0.437576446	0.31769527	0.494872183	0.241863541	0.321148005	0.504580951	0.237226051	0.529715627	0.25704341	0.263266862	0.383836394	0.391613068	0.508044006	0.437437286	0.165259654	0.517195577	0.382330995	0.200956204	0.319981088	0.106034572	0.418301464	0.217089207	0.183737505	0.269140738	0.2136444	0.416170232	0.250474907	0.253300155	0.31308447	0.51091102	0.392151873	0.342579755	0.4158464	0.164817977	0.140954661	0.494127321	0.339128011	0.207937282	0.580809962	0.729671125	0.53992952	0.418508085	0.573247169	0.300539072	0.211262683	0.284508543	0.404301715	0.570642744	0.567729839	0.578519965	0.521211816	0.510527713	0.689087309	0.636713777	0.665530902	0.660221622	0.644381295	0.640297568	0.803449352	0.192796769	0.205111107	0.293394396	0.479835877	0.470181585	0.206205176	0.165639433	0.37518815	0.355504976	0.357636669	0.530517642	0.478215088	0.242084873	0.299802413	0.3710881	0.147365723	0.266854007	0.270130736	0.400722509	0.437061883	0.26930238	0.35657287	0.212575788	0.25741367	0.193072965	0.281025304	0.331037692	0.277607469	0.229072183	0.201939363	0.395460685	0.49942256	0.328004128	0.393903967	0.416899933	0.323023091	0.233658119	0.382265685	0.381983432	0.29201032	0.28169922	0.367190278	0.393207183	0.146290103	0.269840735	0.438033961	0.322710187	0.334666425	0.323912778	0.240870692	0.223145728	0.234644263	0.535393743	0.651558105	0.652551062	0.580589155	0.75973073	0.43672323	0.674152898	0.653345866	0.757070446	0.766528189	0.6961553	0.859256811	0.553658937	0.782268751	0.26027815	0.264414981	0.142736594	0.392018325	0.170772717	0.316461045	0.216806051	0.216451644	0.213873393	0.347283609	0.164579623	0.156067605	0.260677064	0.317016088	0.191588248	0.351783277	0.199423023	0.256771605	0.458475942	0.181595428	0.370187322	0.338092233	0.316415992	0.325495796	0.465879361	0.283221523	0.315426677	0.227989036	0.179598184	0.226020847	0.408011189	0.26863966	0.160451722	0.359841252	0.209985341	0.309915015	0.23427071	0.198562359	0.095148005	0.247072995	0.238913236	0.20702369	0.239460621	0.261224577	0.094932505	0.275824644	0.266378484	0.200786738	0.23484477	0.344913145	0.350741855	0.258556204	0.197536201	0.170844131	0.242052761	0.287246617	0.20717959	0.127952484	0.124884876	0.190556948	0.335863819	0.250125374	0.488379948	0.29986508	0.266452004	0.17871565	0.28211062	0.325568785	0.33628257	0.428307674	0.281721414	0.313857768	0.186949162	0.428530673	0.310804096	0.54022658	0.390088104	0.330087642	0.360560423	0.243411546	0.562702398	0.370826542	0.264073856	0.189405255	0.553963385	0.220429449	0.201570525	0.57799412	0.30493105	0.179543272	0.55159237	0.59921598	0.214259882	0.282352931	0.820222876	0.747529483	0.98976918	0.359949417	0.768399324	0.282759263	0.600263345	0.60062975	0.853442077	0.205120074	0.624263943	0.232406588	0.149415203	0.627399634	0.597620577	0.580586086	0.726408781	0.635871317	0.541642848	0.635096241	0.66623893	0.825598355	0.698107198	0.901826909	0.661293093	0.166892516	0.750660809	0.179132013	0.218141286	0.293335873	0.234727501	0.171895507	0.196695118	0.344466257	0.213243198	0.281870327	0.349523146	0.244734686	0.146166632	0.326595121	0.406071146	0.251769045	0.163207873	0.129146971	0.271421183	0.131626856	0.513723473	0.198488972	0.126924264	0.344745146	0.206646845	0.529700798	0.156014947	0.26284326	0.192942873	0.517613296	0.115761637	0.266034483	0.411753582	0.263460233	0.505183275	0.237799896	0.418255377	0.17338779	0.418584811	0.234820319	0.409344595	0.260119076	0.527293809	0.261785594	0.396749343	0.126259655	0.496867781	0.28276564	0.639209365	0.342044788	0.361838322	0.446273116	0.348666839	0.476127096	0.303194821	0.527756082	0.290753839	0.597018348	0.366732111	0.462561643	0.202485974	0.259151127	0.567880067	0.275254778	0.340189991	0.504896181	0.605298871	0.244022419	0.34187143	0.496234197	0.397154935	0.116174406	0.544402032	0.374385481	0.12769462	0.540276924	0.644775498	0.469421413	0.171865154	0.637898426	0.247720365	0.528444952	0.219954986	0.406784859	0.280314095	0.52247113	0.2555229	0.2230489	0.464018935	0.392436983	0.585536573	0.272727995	0.283908446	0.279143529	0.179924217	0.463162359	0.138553861	0.507503611	0.328954037	0.437338661	0.314996253	0.278662152	0.52304736	0.333477388	0.45289426	0.192973234	0.539205458	0.323124594	0.205696723	0.156272518	0.291770444	0.320670951	0.293223227	0.195001828	0.260584125	0.389418477	0.376466222	0.437898106	0.095526369	0.131018933	0.28308641	0.500705527	0.315626799	0.335681271	0.32886243	0.427234916	0.332026903	0.151942512	0.358861614	0.384206333	0.292954405	0.245905712	0.339488597	0.418355449	0.438517427	0.22430915	0.307202945	0.159494138	0.261558357	0.416461326	0.251788651	0.519886168	0.342425357	0.144766443	0.396689103	0.392859578	0.22341804	0.509908205	0.402029076	0.201415948	0.237217102	0.457468174	0.471765647	0.291687981	0.576685246	0.459369807	0.106246283	0.206074799	0.473638307	0.417778425	0.230442716	0.352429323	0.476143081	0.379403107	0.300268656	0.315353175	0.169081844	0.45173961	0.411419228	0.403213501	0.306605118	0.278912638	0.178442734	0.206690007	0.568609409	0.446090923	0.446362802	0.414313678	0.18130781	0.601776101	0.13698645	0.560498095	0.334121843	0.233711945	0.514402876	0.423276649	0.802845571	0.625949721	0.235865064	0.34038784	0.42096777	0.235604655	0.31344296	0.288457804	0.512774913	0.325732627	0.227751157	0.456738424	0.397976961	0.759747811	0.312045434	0.37325948	0.131871215	0.241923892	0.268676456	0.122595496	0.256292459	0.204019496	0.563505734	0.310330889	0.246741832	0.619731988	0.155402905	0.355851765	0.468023684	0.621197562	0.408254749	0.445646321	0.400918808	0.588119841	0.581423495	0.566843793	0.427967065	0.47990341	0.682943439	0.268827429	0.191179	0.331237069	0.377674458	0.497493952	0.332419529	0.334020236	0.406321324	0.359765255	0.281261287	0.49741104	0.325312458	0.395636744	0.386684933	0.320556501	0.382105357	0.345516001	0.238010029	0.328089661	0.344276496	0.250500425	0.368138065	0.148697663	0.238134767	0.159429631	0.216888149	0.201980659	0.261343943	0.396883203	0.218396887	0.293288655	0.210548307	0.259682298	0.300615332	0.241520296	0.228564486	0.179018398	0.407457624	0.222201508	0.2985435	0.30409754	0.257957738	0.226750674	0.29565557	0.17700464	0.20463048	0.214837928	0.083417897	0.34756544	0.284243428	0.251114859	0.151374448	0.35391199	0.169475929	0.187633386	0.328215499	0.274351207	0.269151234	0.153706289	0.332641355	0.134783014	0.168183731	0.213057246	0.398344031	0.266360204	0.280144088	0.404272171	0.243085166	0.365416029	0.205619342	0.278299762	0.355482185	0.181094354	0.219386375	0.312911805	0.334618816	0.233793081	0.290139374	0.235051653	0.120473176	0.404663459	0.235075354	0.262780153	0.468825436	0.320386606	0.559645131	0.334255455	0.282548396	0.446436297	0.216021052	0.269395211	0.293805427	0.417578354	0.238439269	0.384715863	0.149802827	0.26920651	0.145684309	0.429737654	0.498912017	0.367261966	0.259708747	0.2339279	0.303758939	0.20890651	0.518521631	0.513913397	0.685202766	0.533922391	0.269076773	0.383227193	0.386124343	0.560197148	0.400164539	0.182592599	0.176176464	0.213676203	0.101944282	0.340797468	0.281236923	0.22205558	0.336128248	0.194835323	0.506949445	0.348392794	0.627919224	0.232218575	0.186867516	0.315818198	0.186685879	0.174323731	0.630498757	0.679439152	0.602762552	0.732853587	0.683909021	0.263478423	0.282551067	0.23879609	0.238830126	0.35703149	0.093929401	0.215129555	0.352286847	0.250017143	0.181765344	0.246573749	0.361563968	0.388159327	0.267698994	0.325751268	0.526618113	0.290005341	0.359016951	0.486915952	0.208053619	0.205591299	0.554507382	0.253227402	0.442946473	0.450908224	0.395331042	0.458873007	0.187730283	0.495221065	0.492196719	0.328881214	0.481689222	0.186222416	0.553828577	0.355384337	0.539473601	0.322959595	0.536201866	0.200261138	0.270406355	0.173525448	0.176736198	0.204011366	0.307796305	0.216995485	0.375780246	0.198591289	0.155503548	0.172774164	0.16031137	0.291878007	0.198967757	0.337179666	0.157272429	0.155259407	0.138178193	0.153139226	0.239199316	0.357677841	0.171962806	0.159801304	0.232628027	0.178120299	0.32469228	0.113224726	0.192206531	0.178346077	0.335600078	0.227158153	0.150010595	0.32626668	0.254896716	0.367343701	0.313450089	0.232219541	0.272108426	0.290473978	0.140269837	0.304947824	0.215437567	0.288140953	0.367155579	0.109703883	0.158477591	0.117019028	0.157641289	0.123126254	0.161405646	0.276563336	0.21235758	0.163108099	0.16988468	0.163233481	0.196125721	0.309351879	0.216611663	0.132739034	0.127977453	0.126854423	0.132013001	0.191396963	0.121175786	0.191774428	0.299883078	0.108242159	0.143833485	0.211558661	0.16076379	0.221782892	0.201186492	0.266339895	0.174717945	0.38339415	0.263426731	0.199573999	0.441611766	0.194969069	0.201569423	0.331225264	0.193965153	0.150993338	0.249380862	0.304410603	0.376298364	0.413897808	0.465202865	0.268877844	0.198069484	0.542466777	0.185645602	0.19221771	0.296787525	0.355643557	0.274026674	0.486144257	0.518290055	0.240010506	0.360649091	0.363529638	0.38290349	0.383675085	0.186879456	0.26939818	0.548256225	0.587526417	0.165559074	0.204908319	0.301500586	0.344567006	0.38770611	0.463006192	0.432683353	0.413369841	0.146284909	0.196016963	0.253049137	0.282530897	0.315625392	0.284491664	0.180613124	0.315681546	0.315849644	0.207098473	0.177253445	0.244212194	0.182012006	0.344403263	0.285213609	0.297999478	0.493704199	0.430098277	0.491008525	0.326942187	0.236638114	0.475893603	0.142165462	0.340200189	0.19260845	0.3920519	0.177656983	0.220375476	0.360986618	0.425725491	0.38042566	0.489957971	0.434823341	0.42542043	0.302218197	0.375248461	0.293328733	0.2328184	0.348213334	0.108882035	0.254985146	0.297262022	0.265496367	0.157820471	0.324296306	0.264480283	0.191391967	0.305545758	0.253625121	0.236772096	0.238208884	0.391120423	0.3141804	0.18921751	0.258339029	0.345737817	0.234217442	0.320691737	0.211966945	0.096855416	0.180630036	0.300566088	0.45844511	0.292967259	0.24398951	0.130479792	0.325410799	0.318361267	0.418505687	0.443912419	0.439871186	0.390489547	0.228682379	0.259826817	0.347140537	0.389070241	0.347237808	0.296005373	0.22389517	0.35093823	0.496060366	0.302326567	0.29051463	0.186532334	0.407637642	0.300118277	0.179254524	0.390554296	0.419735487	0.291595008	0.452529493	0.41953996	0.207450293	0.159789535	0.177810656	0.338940552	0.23235288	0.131227156	0.290183016	0.177435239	0.420161991	0.265102981	0.120938977	0.435177157	0.467658154	0.233357262	0.156038376	0.404795788	0.49593964	0.3662389	0.229073798	0.261978198	0.434973888	0.34809286	0.259739155	0.35217844	0.267280927	0.335668074	0.226977198	0.233793274	0.255890926	0.266241064	0.307248967	0.320206932	0.474150187	0.251129957	0.196474299	0.284153823	0.225647419	0.385035017	0.343171178	0.221502774	0.190038746	0.231729194	0.347541206	0.227409409	0.313479783	0.261236295	0.284248395	0.221939093	0.361752316	0.306184176	0.308952392	0.387974332	0.213134118	0.319882518	0.319769266	0.130556918	0.256940558	0.27960987	0.130920564	0.205816899	0.180650914	0.113757533	0.144618865	0.270672246	0.263680572	0.204692927	0.236724731	0.153116696	0.174725747	0.190623951	0.347238162	0.244295536	0.261918663	0.302123933	0.289660404	0.129246062	0.345187477	0.370125417	0.300560144	0.208764541	0.239968067	0.348986322	0.165251182	0.251919501	0.223519658	0.208934931	0.253562731	0.172287816	0.359371061	0.345246381	0.294752986	0.244218536	0.138242893	0.189172005	0.187821371	0.321408398	0.666217374	0.234424033	0.476760661	0.612380537	0.370808401	0.601040193	0.302870886	0.51703194	0.67767424	0.75774406	0.161583443	0.221649635	0.398311229	0.725190525	0.680259829	0.647085073	0.281394954	0.470980376	0.267649768	0.351103833	0.47417407	0.288146093	0.370658719	0.447557638	0.372454643	0.337737126	0.398482311	0.408813185	0.292055197	0.108769682	0.166884418	0.180539071	0.171053308	0.129880607	0.13122366	0.2743587	0.249359287	0.259707791	0.25098808	0.195588887	0.22634995	0.259070097	0.224349941	0.157805558	0.191016351	0.165830522	0.102690953	0.161027438	0.23977461	0.175313603	0.123540264	0.146712039	0.180019132	0.234987954	0.212709877	0.21671383	0.103392305	0.336651117	0.100997977	0.2078062	0.205989172	0.191323431	0.190089027	0.309703634	0.107021027	0.336124184	0.235668401	0.274739262	0.294298554	0.106958645	0.289464601	0.254481698	0.20784144	0.340656785	0.262749472	0.251297445	0.290923283	0.15526016	0.293259454	0.249003605	0.221237687	0.360314333	0.55687303	0.36011422	0.320087121	0.151359199	0.341591716	0.22135267	0.252029467	0.100252695	0.193328108	0.283985408	0.184385517	0.223824561	0.2616683	0.255276437	0.487666045	0.293386288	0.43064948	0.233583263	0.269723093	0.199867744	0.26316151	0.26750187	0.197835589	0.223230817	0.271115745	0.147272271	0.20759107	0.474670246	0.354759852	0.160871632	0.130486	0.116926131	0.182282327	0.211102719	0.262897736	0.648945792	0.508912572	0.55636064	0.445861019	0.622512275	0.395729207	0.610316568	0.316392554	0.283024128	0.300372703	0.367937557	0.440619887	0.397773324	0.12055747	0.123022319	0.192280915	0.181117203	0.137968834	0.119541347	0.120408223	0.274217543	0.203184694	0.228284314	0.181423128	0.221826593	0.320046242	0.210886293	0.253186725	0.384302303	0.302421649	0.476960412	0.400813209	0.350678802	0.343502529	0.417543645	0.341282764	0.33136833	0.263959736	0.181114963	0.105722368	0.246736663	0.228351672	0.211103596	0.228408941	0.205654933	0.328366191	0.280617344	0.188671213	0.178010794	0.358233918	0.214153445	0.170388561	0.163464045	0.282638862	0.251354637	0.249177425	0.292314886	0.289133302	0.253489459	0.237792506	0.242252184	0.251497043	0.228442317	0.121484161	0.369983439	0.174251738	0.153221866	0.343426064	0.166785967	0.127722181	0.402968351	0.368948865	0.09499402	0.31894877	0.29110524	0.41872642	0.409240522	0.414092728	0.332887389	0.243689845	0.288525975	0.338635067	0.396031968	0.38633174	0.395183844	0.439204936	0.316910461	0.258159497	0.199417405	0.436728611	0.231143406	0.2485161	0.19820994	0.239933125	0.209293947	0.375884605	0.193781183	0.170579348	0.125916972	0.234790171	0.226677659	0.287383451	0.278493635	0.175944222	0.178810991	0.187034325	0.333380347	0.302967427	0.267037109	0.232545043	0.316373957	0.212345613	0.175630836	0.295685658	0.32345435	0.229346822	0.227119854	0.369501278	0.358119177	0.386473427	0.279114266	0.315242857	0.363584313	0.51570012	0.314878028	0.206285922	0.319938817	0.257396638	0.151141774	0.270625855	0.308002349	0.345534909	0.191578812	0.151226162	0.231280903	0.256780047	0.168250817	0.327344855	0.502231408	0.189589814	0.210992398	0.374144167	0.155632241	0.215500807	0.258491341	0.382912626	0.273539608	0.370241934	0.50118556	0.26656479	0.318481009	0.45307169	0.566469494	0.172715972	0.578443818	0.29432487	0.334548603	0.482289882	0.486867906	0.522390532	0.189937452	0.289400001	0.423958766	0.432803572	0.36513097	0.286167583	0.215731868	0.355834588	0.182948941	0.30953956	0.419641634	0.198839063	0.308484609	0.275807454	0.242731579	0.332591934	0.867314152	0.252962105	0.709035927	0.664749579	0.865253276	0.298182585	0.669739547	0.256401998	0.501362304	0.501994396	0.697062455	0.632348986	0.161012883	0.474665183	0.482140203	0.673875866	0.693375099	0.296059071	0.301060265	0.378951718	0.535174862	0.532376034	0.709452941	0.162356776	0.364285087	0.384570325	0.446191295	0.719382408	0.83319264	0.381510837	0.405507418	0.361230741	0.274728453	0.458355215	0.460706575	0.41620717	0.187915473	0.501139842	0.451037832	0.163188974	0.775168655	0.411021376	0.530772653	0.590536539	0.783591607	0.464980844	0.660586759	0.715199969	0.409320673	0.54425663	0.394244822	0.338330749	0.281991695	0.227892934	0.446915868	0.449478994	0.50691499	0.357429946	0.330947986	0.218289539	0.302195506	0.269449725	0.109973248	0.210586882	0.25455999	0.340691182	0.441864791	0.378932962	0.516130347	0.22117232	0.296201074	0.38909863	0.468781155	0.37132611	0.527668445	0.354470124	0.421851728	0.555845473	0.444613206	0.614420281	0.162534472	0.377215427	0.19723682	0.455911381	0.376563459	0.161718898	0.437291585	0.323548309	0.116618932	0.366333407	0.222575248	0.215454802	0.191144706	0.231678145	0.358028444	0.289873966	0.422126477	0.208942298	0.176853832	0.215922787	0.352658158	0.265339472	0.417035677	0.16656769	0.131185967	0.309222708	0.209601556	0.383965101	0.202301793	0.306508128	0.199643754	0.435022883	0.303703027	0.283518149	0.304231766	0.358585692	0.458472341	0.532087715	0.224891057	0.233675706	0.248968445	0.276424892	0.216139152	0.316591916	0.399851493	0.286766947	0.3329567	0.265488429	0.300056973	0.384910287	0.447041908	0.159164383	0.352695164	0.249274654	0.19924653	0.355032191	0.374302515	0.174999897	0.299732573	0.466415204	0.266464146	0.438773766	0.421964087	0.390432126	0.483921167	0.316758303	0.339782502	0.516744125	0.351990898	0.32758058	0.260071004	0.322598196	0.251226153	0.333917887	0.136367536	0.288464556	0.177665278	0.221237856	0.269869531	0.311771103	0.429696947	0.349224931	0.279769435	0.461026004	0.249444196	0.137452058	0.305056982	0.257841535	0.187382914	0.389834258	0.197127221	0.267044888	0.161806563	0.305198647	0.440781732	0.35818734	0.250029436	0.519774799	0.52314568	0.227840348	0.556969926	0.238046449	0.222255684	0.538627022	0.367977712	0.187533959	0.13174192	0.429226646	0.213824802	0.382546021	0.48374811	0.217768778	0.646699403	0.530637092	0.258970106	0.716719804	0.185138545	0.247429948	0.466476339	0.358690004	0.092378168	0.536598134	0.137536063	0.204873854	0.177921493	0.517972159	0.194394467	0.510397876	0.603782407	0.44194089	0.212380386	0.391707537	0.540489342	0.586657862	0.203118027	0.166249752	0.562406723	0.652388534	0.171289003	0.129325925	0.155757267	0.23007924	0.290665547	0.269534601	0.286769233	0.230733665	0.300321388	0.244346584	0.111437398	0.295790049	0.184089464	0.175657176	0.179775112	0.144270784	0.191390735	0.157325835	0.318141193	0.187179302	0.144486962	0.19219211	0.15383502	0.202117557	0.198441877	0.411693223	0.412536601	0.420702703	0.374508473	0.461469546	0.377788368	0.147978134	0.104300568	0.121768662	0.140066761	0.111583545	0.120730584	0.124869764	0.102711165	0.149559513	0.140220826	0.130232793	0.139014813	0.130136241	0.058945727	0.144026728	0.287171829	0.198368919	0.350531929	0.179268334	0.285030835	0.202950445	0.154159044	0.205410765	0.226095776	0.376954292	0.265552047	0.323469488	0.251899206	0.258775469	0.24499803	0.192478498	0.137216043	0.216622294	0.123802362	0.174727545	0.153805438	0.288721865	0.241239958	0.232745562	0.263350323	0.30281912	0.128909771	0.091886201	0.1447005	0.073948479	0.127048866	0.185189913	0.127438424	0.157681427	0.096343818	0.156162865	0.243432252	0.698016308	0.327790449	0.378330826	0.600764182	0.431812242	0.346327422	0.73870474	0.180893351	0.410366536	0.570052436	0.483139476	0.37689929	0.781648731	0.703636584	0.423899316	0.717001938	0.48213151	0.434798547	0.655712321	0.533158711	0.457952529	0.491291948	0.191084954	0.320241644	0.441553698	0.39716613	0.295919368	0.312544087	0.290965645	0.469633557	0.443223069	0.215241939	0.229250437	0.230581809	0.242405597	0.181979308	0.327075386	0.406888102	0.349332496	0.212851662	0.13932402	0.303779494	0.239770768	0.353640854	0.296906194	0.241521056	0.265088826	0.327211312	0.282046602	0.427992818	0.360951918	0.394381224	0.404637268	0.493597264	0.479783732	0.496752272	0.487954776	0.29373371	0.287013292	0.159802152	0.143665538	0.265464458	0.250609474	0.734106931	0.50338226	0.403809366	0.542105485	0.528340831	0.408618812	0.506917553	0.295415269	0.393861529	0.397044166	0.376611956	0.398002841	0.438205394	0.169440094	0.241516985	0.181913011	0.161775936	0.210686445	0.317306761	0.208682575	0.104083556	0.266664105	0.324142596	0.293296947	0.168339562	0.255476285	0.262703144	0.242049585	0.125506855	0.621371633	0.347865281	0.102691588	0.461952409	0.510351669	0.374094986	0.399167428	0.62651198	0.357035262	0.128708521	0.452157674	0.574229848	0.430148663	0.284297363	0.441139552	0.577735921	0.41044137	0.502237634	0.530894183	0.519708983	0.332733763	0.180577438	0.288214458	0.216087877	0.378055341	0.444769507	0.477126027	0.329690954	0.350249452	0.255004738	0.373503981	0.465707883	0.260989647	0.643775935	0.463739302	0.448739854	0.347744951	0.246225252	0.144529441	0.342691467	0.33727968	0.404693001	0.342368405	0.252733733	0.298510094	0.381600781	0.215047535	0.293926232	0.242208855	0.269345419	0.260302537	0.286259194	0.168998014	0.356098869	0.284832208	0.228944182	0.230502809	0.179946301	0.21121628	0.241052543	0.206554389	0.27094258	0.344128089	0.409289534	0.311673852	0.234648769	0.18904	0.122337098	0.254753347	0.294435093	0.171184342	0.241092563	0.36385176	0.389747753	0.385878213	0.386079889	0.708969442	0.255125167	0.284004574	0.274283852	0.245870346	0.572514777	0.234245105	0.153112913	0.082580121	0.41811252	0.194111914	0.241829484	0.400469195	0.15402883	0.420124205	0.400129799	0.400771356	0.32547056	0.4960691	0.405399147	0.374247359	0.50532165	0.403820496	0.500496952	0.19981065	0.50881394	0.171806393	0.287406105	0.413516402	0.298792996	0.612610546	0.571475966	0.150618721	0.351724965	0.542079706	0.360115454	0.673635812	0.559939105	0.362787279	0.305141126	0.361122782	0.310006642	0.313442278	0.523940873	0.347315797	0.670554297	0.325748185	0.117728401	0.383437783	0.24722796	0.257444722	0.348706028	0.290997656	0.208375086	0.266747195	0.224263216	0.320382326	0.454170691	0.49421943	0.121395808	0.169173563	0.188409464	0.136709586	0.300809309	0.348756194	0.172206735	0.156232804	0.179664578	0.344185041	0.392663132	0.132475439	0.114799587	0.329868236	0.363264723	0.159527246	0.372355623	0.419413798	0.256350439	0.299751246	0.109555553	0.268311782	0.439272009	0.216973271	0.283183422	0.408025192	0.29702397	0.333458138	0.419973817	0.306075061	0.260100346	0.496319996	0.368589584	0.36620472	0.302753552	0.597102051	0.425062709	0.635356485	0.681325131	0.401061923	0.293899337	0.344805395	0.480969519	0.575871642	0.304728978	0.189391926	0.440035116	0.61756662	0.26397004	0.29471534	0.500257904	0.504914151	0.514797233	0.512705842	0.555542938	0.30552936	0.345956161	0.350349547	0.306342638	0.446800614	0.158802937	0.178030849	0.186729668	0.297449736	0.030436766	0.261230667	0.158824539	0.277200651	0.143265277	0.378777252	0.205083488	0.18094964	0.187081673	0.309189639	0.525120496	0.634836569	0.304914072	0.224994737	0.212340455	0.38146244	0.497678353	0.210234559	0.424684223	0.58430985	0.742364515	0.374855982	0.406490753	0.654666064	0.326011287	0.450396204	0.548957725	0.491967301	0.502058379	0.696652219	0.655102848	0.781036792	0.665109649	0.783730613	0.545183408	0.63597799	0.514816943	0.726743295	0.564645092	0.742553938	0.242682632	0.238959399	0.329614725	0.197399872	0.336988998	0.224000249	0.153040227	0.160955404	0.280801492	0.352006968	0.123891129	0.359356911	0.244392413	0.292335383	0.27264803	0.317880324	0.2488018	0.668453293	0.383454767	0.378385316	0.342806041	0.180892874	0.199949299	0.203661846	0.621197463	0.413952119	0.434770104	0.405545019	0.196721612	0.450475355	0.695506781	0.296373963	0.349672206	0.281817097	0.162561314	0.375828853	0.739393412	0.690791499	0.744851492	0.663912103	0.622233698	0.232661699	0.109217624	0.320105533	0.503555688	0.210547043	0.329373516	0.431499899	0.302449093	0.45952759	0.306573283	0.532017208	0.357456511	0.516351232	0.214635453	0.362239016	0.447626963	0.341882119	0.417415079	0.404343578	0.462484155	0.277827696	0.297437279	0.447114021	0.328510461	0.264907904	0.339524761	0.270997136	0.534482886	0.356601953	0.33132462	0.302505047	0.380036879	0.322273749	0.29395936	0.305285984	0.226013001	0.294098323	0.43103537	0.302999823	0.264688744	0.335202047	0.508072104	0.477174118	0.324578608	0.540799501	0.452364142	0.443932099	0.528882598	0.713499781	0.689681463	0.526022597	0.729570264	0.661456947	0.295708283	0.323312484	0.335024956	0.29032038	0.396019035	0.314574552	0.290626999	0.243541943	0.300743169	0.418359572	0.359208107	0.129901508	0.238213856	0.178331805	0.140730338	0.204669242	0.220323239	0.18054911	0.275542931	0.178406226	0.174524913
NAU108_vs._NAU108	0.468825436	0.320386606	0.559645131	0.334255455	0.282548396	0.446436297	0.216021052	0.269395211	0.293805427	0.417578354	0.238439269	0.384715863	0.149802827	0.26920651	0.145684309	0.429737654	0.498912017	0.367261966	0.259708747	0.2339279	0.303758939
NAU137_vs._NAU137	0.29471534	0.500257904	0.504914151	0.514797233	0.512705842	0.555542938	0.30552936	0.345956161	0.350349547	0.306342638	0.446800614	0.158802937	0.178030849	0.186729668	0.297449736	0.030436766	0.261230667	0.158824539	0.277200651	0.143265277	0.378777252
NCS248_vs._NCS248	0.734106931	0.50338226	0.403809366	0.542105485	0.528340831	0.408618812	0.506917553	0.295415269	0.393861529	0.397044166	0.376611956	0.398002841	0.438205394	0.169440094	0.241516985	0.181913011	0.161775936	0.210686445	0.317306761	0.208682575	0.104083556	0.266664105	0.324142596	0.293296947	0.168339562	0.255476285	0.262703144	0.242049585
CUB016_vs._CUB016	0.147365723	0.266854007	0.270130736	0.400722509	0.437061883	0.26930238	0.35657287	0.212575788	0.25741367	0.193072965	0.281025304	0.331037692	0.277607469	0.229072183	0.201939363	0.395460685	0.49942256	0.328004128	0.393903967	0.416899933	0.323023091	0.233658119	0.382265685	0.381983432	0.29201032	0.28169922	0.367190278	0.393207183	0.146290103	0.269840735	0.438033961	0.322710187	0.334666425	0.323912778	0.240870692	0.223145728
NAU114_vs._NAU114	0.127952484	0.124884876	0.190556948	0.335863819	0.250125374	0.488379948	0.29986508	0.266452004	0.17871565	0.28211062	0.325568785	0.33628257	0.428307674	0.281721414	0.313857768	0.186949162	0.428530673	0.310804096	0.54022658	0.390088104	0.330087642	0.360560423	0.243411546	0.562702398	0.370826542	0.264073856	0.189405255	0.553963385	0.220429449	0.201570525	0.57799412	0.30493105	0.179543272	0.55159237	0.59921598	0.214259882
NAU144_vs._NAU144	0.224891057	0.233675706	0.248968445	0.276424892	0.216139152	0.316591916	0.399851493	0.286766947	0.3329567	0.265488429	0.300056973	0.384910287	0.447041908	0.159164383	0.352695164	0.249274654	0.19924653	0.355032191	0.374302515	0.174999897	0.299732573	0.466415204	0.266464146	0.438773766	0.421964087	0.390432126	0.483921167	0.316758303
CUB036_vs._CUB036	0.146368955	0.201708306	0.19598784	0.216477767	0.163504244	0.409892473	0.693467488	0.213466499	0.301368893	0.316683422	0.155573305	0.475682658	0.720661671	0.29697538	0.290262389	0.208019156	0.324580477	0.713484384	0.079430503	0.181257348	0.315977433	0.76446335	0.188919457	0.322692642	0.775025439	0.365207933	0.775037096	0.789296427
CUB032_vs._CUB032	0.119457232	0.177696423	0.445916721	0.27695885	0.296848214	0.375230833	0.246190564	0.217111213	0.458315969	0.283128076	0.29373442	0.275266373	0.199633192	0.364446596	0.168843013	0.203223027	0.461417022	0.340410969	0.466848869	0.217985825	0.69143736	0.443092671	0.320660616	0.499888733	0.405857074	0.526248033	0.298925754	0.334786399
NAU155_vs._NAU155	0.320691737	0.211966945	0.096855416	0.180630036	0.300566088	0.45844511	0.292967259	0.24398951	0.130479792	0.325410799	0.318361267	0.418505687	0.443912419	0.439871186	0.390489547	0.228682379	0.259826817	0.347140537	0.389070241	0.347237808	0.296005373	0.22389517	0.35093823	0.496060366	0.302326567	0.29051463	0.186532334	0.407637642	0.300118277	0.179254524	0.390554296	0.419735487	0.291595008	0.452529493	0.41953996	0.207450293
NAU124_vs._NAU124	0.271573726	0.323995317	0.305909139	0.12885076	0.266380947	0.198123566	0.281846275	0.415397171	0.536783115	0.264642657	0.374327512	0.455606257	0.417319832	0.520269139	0.633231489	0.521141216	0.259923007	0.278290468	0.327365283	0.141018628	0.168135994	0.424220283	0.538530262	0.369665797	0.508771522	0.651297958	0.194447121	0.19516489	0.189057705	0.327985997	0.278990355	0.269753462	0.314814226	0.272644097	0.434222557	0.210552836
NAU101_vs._NAU101	0.323124594	0.205696723	0.156272518	0.291770444	0.320670951	0.293223227	0.195001828	0.260584125	0.389418477	0.376466222	0.437898106	0.095526369	0.131018933	0.28308641	0.500705527	0.315626799	0.335681271	0.32886243	0.427234916	0.332026903	0.151942512	0.358861614	0.384206333	0.292954405	0.245905712	0.339488597	0.418355449	0.438517427	0.22430915	0.307202945	0.159494138	0.261558357	0.416461326	0.251788651	0.519886168	0.342425357
CUB027_vs._CUB027	0.302999823	0.264688744	0.335202047	0.508072104	0.477174118	0.324578608	0.540799501	0.452364142	0.443932099	0.528882598	0.713499781	0.689681463	0.526022597	0.729570264	0.661456947	0.295708283	0.323312484	0.335024956	0.29032038	0.396019035	0.314574552	0.290626999	0.243541943	0.300743169	0.418359572	0.359208107	0.129901508	0.238213856	0.178331805	0.140730338	0.204669242	0.220323239	0.18054911	0.275542931	0.178406226	0.174524913
NCS212_vs._NCS212	0.273539608	0.370241934	0.50118556	0.26656479	0.318481009	0.45307169	0.566469494	0.172715972	0.578443818	0.29432487	0.334548603	0.482289882	0.486867906	0.522390532	0.189937452	0.289400001	0.423958766	0.432803572	0.36513097	0.286167583	0.215731868	0.355834588	0.182948941	0.30953956	0.419641634	0.198839063	0.308484609	0.275807454
NAU102_vs._NAU102	0.2555229	0.2230489	0.464018935	0.392436983	0.585536573	0.272727995	0.283908446	0.279143529	0.179924217	0.463162359	0.138553861	0.507503611	0.328954037	0.437338661	0.314996253	0.278662152	0.52304736	0.333477388	0.45289426	0.192973234	0.539205458
NAU106_vs._NAU106	0.601776101	0.13698645	0.560498095	0.334121843	0.233711945	0.514402876	0.423276649	0.802845571	0.625949721	0.235865064	0.34038784	0.42096777	0.235604655	0.31344296	0.288457804	0.512774913	0.325732627	0.227751157	0.456738424	0.397976961	0.759747811	0.312045434	0.37325948	0.131871215	0.241923892	0.268676456	0.122595496	0.256292459	0.204019496	0.563505734	0.310330889	0.246741832	0.619731988	0.155402905	0.355851765	0.468023684
CUB010_vs._CUB010	0.482496032	0.394049341	0.269430645	0.335567841	0.269812871	0.341422467	0.427651555	0.437576446	0.31769527	0.494872183	0.241863541	0.321148005	0.504580951	0.237226051	0.529715627	0.25704341	0.263266862	0.383836394	0.391613068	0.508044006	0.437437286	0.165259654	0.517195577	0.382330995	0.200956204	0.319981088	0.106034572	0.418301464	0.217089207	0.183737505	0.269140738	0.2136444	0.416170232	0.250474907	0.253300155	0.31308447	0.51091102	0.392151873	0.342579755	0.4158464	0.164817977	0.140954661	0.494127321	0.339128011	0.207937282
CUB026_vs._CUB026	0.532017208	0.357456511	0.516351232	0.214635453	0.362239016	0.447626963	0.341882119	0.417415079	0.404343578	0.462484155	0.277827696	0.297437279	0.447114021	0.328510461	0.264907904	0.339524761	0.270997136	0.534482886	0.356601953	0.33132462	0.302505047	0.380036879	0.322273749	0.29395936	0.305285984	0.226013001	0.294098323	0.43103537
NAU164_vs._NAU164	0.20890651	0.518521631	0.513913397	0.685202766	0.533922391	0.269076773	0.383227193	0.386124343	0.560197148	0.400164539	0.182592599	0.176176464	0.213676203	0.101944282	0.340797468	0.281236923	0.22205558	0.336128248	0.194835323	0.506949445	0.348392794
CUB009_vs._CUB009	0.350498652	0.234548032	0.172577356	0.195403094	0.398321594	0.190007512	0.380072655	0.491631925	0.088713667	0.252365128	0.406084876	0.410933284	0.49924479	0.39452459	0.193675365	0.607991309	0.324308203	0.257876398	0.312571832	0.47303322	0.282369134	0.302601865	0.564918297	0.207443099	0.164443462	0.342933178	0.221079714	0.441563145	0.433109231	0.178404365	0.29066943	0.175685364	0.421696613	0.392976853	0.199008015	0.406880698	0.510564041	0.308401431	0.420953703	0.420433783	0.441542243	0.168525895	0.624162218	0.344531088	0.475018108
CUB015_vs._CUB015	0.234644263	0.535393743	0.651558105	0.652551062	0.580589155	0.75973073	0.43672323	0.674152898	0.653345866	0.757070446	0.766528189	0.6961553	0.859256811	0.553658937	0.782268751	0.26027815	0.264414981	0.142736594	0.392018325	0.170772717	0.316461045	0.216806051	0.216451644	0.213873393	0.347283609	0.164579623	0.156067605	0.260677064	0.317016088	0.191588248	0.351783277	0.199423023	0.256771605	0.458475942	0.181595428	0.370187322
NAU119_vs._NAU119	0.17338779	0.418584811	0.234820319	0.409344595	0.260119076	0.527293809	0.261785594	0.396749343	0.126259655	0.496867781	0.28276564	0.639209365	0.342044788	0.361838322	0.446273116	0.348666839	0.476127096	0.303194821	0.527756082	0.290753839	0.597018348	0.366732111	0.462561643	0.202485974	0.259151127	0.567880067	0.275254778	0.340189991
CUB028_vs._CUB028	0.491967301	0.502058379	0.696652219	0.655102848	0.781036792	0.665109649	0.783730613	0.545183408	0.63597799	0.514816943	0.726743295	0.564645092	0.742553938	0.242682632	0.238959399	0.329614725	0.197399872	0.336988998	0.224000249	0.153040227	0.160955404	0.280801492	0.352006968	0.123891129	0.359356911	0.244392413	0.292335383	0.27264803
CUB038_vs._CUB038	0.474105272	0.330662367	0.388721459	0.464274843	0.51522392	0.719013602	0.412019914	0.462664052	0.358911541	0.259205133	0.357068953	0.177468146	0.439947518	0.4348651	0.20576476	0.175631854	0.200491514	0.359576401	0.644131787	0.257710683	0.281372335	0.178170284	0.285572009	0.566013967	0.344544663	0.148362453	0.323440635	0.624682413	0.320771451	0.277009279	0.474591778	0.371595356	0.286677714	0.656264368	0.528183266	0.437841128
CUB011_vs._CUB011	0.132489133	0.358097302	0.33091037	0.361128277	0.227443769	0.462586638	0.587809962	0.287692953	0.319231349	0.344119978	0.165543906	0.505034551	0.632027615	0.172229038	0.295489323	0.310442769	0.55843247	0.699548862	0.282293935	0.353003677	0.585018834	0.724060436	0.243897988	0.474925497	0.533354379	0.362482189	0.499775643	0.45984955
NAU129_vs._NAU129	0.371895927	0.537769914	0.349974736	0.341150235	0.464138961	0.55990266	0.171752269	0.480884011	0.340434221	0.399642693	0.333430256	0.30092314	0.372331469	0.428831092	0.506696256	0.351279648	0.476238233	0.215623355	0.155048488	0.635838717	0.329347301	0.209109703	0.262070635	0.300016058	0.426814001	0.166668375	0.37278372	0.487900279	0.407215372	0.316480764	0.232747595	0.529560138	0.33083183	0.642346247	0.266294731	0.555385122
NAU130_vs._NAU130	0.400771356	0.32547056	0.4960691	0.405399147	0.374247359	0.50532165	0.403820496	0.500496952	0.19981065	0.50881394	0.171806393	0.287406105	0.413516402	0.298792996	0.612610546	0.571475966	0.150618721	0.351724965	0.542079706	0.360115454	0.673635812	0.559939105	0.362787279	0.305141126	0.361122782	0.310006642	0.313442278	0.523940873	0.347315797	0.670554297	0.325748185	0.117728401	0.383437783	0.24722796	0.257444722	0.348706028
CUB029_vs._CUB029	0.317880324	0.2488018	0.668453293	0.383454767	0.378385316	0.342806041	0.180892874	0.199949299	0.203661846	0.621197463	0.413952119	0.434770104	0.405545019	0.196721612	0.450475355	0.695506781	0.296373963	0.349672206	0.281817097	0.162561314	0.375828853	0.739393412	0.690791499	0.744851492	0.663912103	0.622233698	0.232661699	0.109217624	0.320105533	0.503555688	0.210547043	0.329373516	0.431499899	0.302449093	0.45952759	0.306573283
NAU136_vs._NAU136	0.268311782	0.439272009	0.216973271	0.283183422	0.408025192	0.29702397	0.333458138	0.419973817	0.306075061	0.260100346	0.496319996	0.368589584	0.36620472	0.302753552	0.597102051	0.425062709	0.635356485	0.681325131	0.401061923	0.293899337	0.344805395	0.480969519	0.575871642	0.304728978	0.189391926	0.440035116	0.61756662	0.26397004
CUB053_vs._CUB053	0.440781732	0.35818734	0.250029436	0.519774799	0.52314568	0.227840348	0.556969926	0.238046449	0.222255684	0.538627022	0.367977712	0.187533959	0.13174192	0.429226646	0.213824802	0.382546021	0.48374811	0.217768778	0.646699403	0.530637092	0.258970106	0.716719804	0.185138545	0.247429948	0.466476339	0.358690004	0.092378168	0.536598134	0.137536063	0.204873854	0.177921493	0.517972159	0.194394467	0.510397876	0.603782407	0.44194089	0.212380386	0.391707537	0.540489342	0.586657862	0.203118027	0.166249752	0.562406723	0.652388534	0.171289003
NAU149_vs._NAU149	0.446915868	0.449478994	0.50691499	0.357429946	0.330947986	0.218289539	0.302195506	0.269449725	0.109973248	0.210586882	0.25455999	0.340691182	0.441864791	0.378932962	0.516130347	0.22117232	0.296201074	0.38909863	0.468781155	0.37132611	0.527668445	0.354470124	0.421851728	0.555845473	0.444613206	0.614420281	0.162534472	0.377215427	0.19723682	0.455911381	0.376563459	0.161718898	0.437291585	0.323548309	0.116618932	0.366333407
NAU160_vs._NAU160	0.246573749	0.361563968	0.388159327	0.267698994	0.325751268	0.526618113	0.290005341	0.359016951	0.486915952	0.208053619	0.205591299	0.554507382	0.253227402	0.442946473	0.450908224	0.395331042	0.458873007	0.187730283	0.495221065	0.492196719	0.328881214	0.481689222	0.186222416	0.553828577	0.355384337	0.539473601	0.322959595	0.536201866
NAU134_vs._NAU134	0.205083488	0.18094964	0.187081673	0.309189639	0.525120496	0.634836569	0.304914072	0.224994737	0.212340455	0.38146244	0.497678353	0.210234559	0.424684223	0.58430985	0.742364515	0.374855982	0.406490753	0.654666064	0.326011287	0.450396204	0.548957725
NAU107_vs._NAU107	0.144766443	0.396689103	0.392859578	0.22341804	0.509908205	0.402029076	0.201415948	0.237217102	0.457468174	0.471765647	0.291687981	0.576685246	0.459369807	0.106246283	0.206074799	0.473638307	0.417778425	0.230442716	0.352429323	0.476143081	0.379403107	0.300268656	0.315353175	0.169081844	0.45173961	0.411419228	0.403213501	0.306605118	0.278912638	0.178442734	0.206690007	0.568609409	0.446090923	0.446362802	0.414313678	0.18130781
NAU139_vs._NAU139	0.125506855	0.621371633	0.347865281	0.102691588	0.461952409	0.510351669	0.374094986	0.399167428	0.62651198	0.357035262	0.128708521	0.452157674	0.574229848	0.430148663	0.284297363	0.441139552	0.577735921	0.41044137	0.502237634	0.530894183	0.519708983	0.332733763	0.180577438	0.288214458	0.216087877	0.378055341	0.444769507	0.477126027	0.329690954	0.350249452	0.255004738	0.373503981	0.465707883	0.260989647	0.643775935	0.463739302
CUB061_vs._CUB061	0.504896181	0.605298871	0.244022419	0.34187143	0.496234197	0.397154935	0.116174406	0.544402032	0.374385481	0.12769462	0.540276924	0.644775498	0.469421413	0.171865154	0.637898426	0.247720365	0.528444952	0.219954986	0.406784859	0.280314095	0.52247113
NAU105_vs._NAU105	0.621197562	0.408254749	0.445646321	0.400918808	0.588119841	0.581423495	0.566843793	0.427967065	0.47990341	0.682943439	0.268827429	0.191179	0.331237069	0.377674458	0.497493952	0.332419529	0.334020236	0.406321324	0.359765255	0.281261287	0.49741104
NCS233_vs._NCS233	0.243432252	0.698016308	0.327790449	0.378330826	0.600764182	0.431812242	0.346327422	0.73870474	0.180893351	0.410366536	0.570052436	0.483139476	0.37689929	0.781648731	0.703636584	0.423899316	0.717001938	0.48213151	0.434798547	0.655712321	0.533158711	0.457952529	0.491291948	0.191084954	0.320241644	0.441553698	0.39716613	0.295919368
NCS214_vs._NCS214	0.446191295	0.719382408	0.83319264	0.381510837	0.405507418	0.361230741	0.274728453	0.458355215	0.460706575	0.41620717	0.187915473	0.501139842	0.451037832	0.163188974	0.775168655	0.411021376	0.530772653	0.590536539	0.783591607	0.464980844	0.660586759	0.715199969	0.409320673	0.54425663	0.394244822	0.338330749	0.281991695	0.227892934
NCS263_vs._NCS263	0.187821371	0.321408398	0.666217374	0.234424033	0.476760661	0.612380537	0.370808401	0.601040193	0.302870886	0.51703194	0.67767424	0.75774406	0.161583443	0.221649635	0.398311229	0.725190525	0.680259829	0.647085073	0.281394954	0.470980376	0.267649768
CUB017_vs._CUB017	0.580809962	0.729671125	0.53992952	0.418508085	0.573247169	0.300539072	0.211262683	0.284508543	0.404301715	0.570642744	0.567729839	0.578519965	0.521211816	0.510527713	0.689087309	0.636713777	0.665530902	0.660221622	0.644381295	0.640297568	0.803449352	0.192796769	0.205111107	0.293394396	0.479835877	0.470181585	0.206205176	0.165639433	0.37518815	0.355504976	0.357636669	0.530517642	0.478215088	0.242084873	0.299802413	0.3710881
NCS253_vs._NCS253	0.498464336	0.807414932	0.558758024	0.746643109	0.459082821	0.699580439	0.587550411	0.707049704	0.329144938	0.33162328	0.284809305	0.179219899	0.504644297	0.407935587	0.492526534	0.5599389	0.166061001	0.410530141	0.756010135	0.672208131	0.724275216	0.482571953	0.389066965	0.352403383	0.255516267	0.335821024	0.31784837	0.677960976	0.578702784	0.659218027	0.531177894	0.375904464	0.544372951	0.180285508	0.063977815	0.186664683
NCS210_vs._NCS210	0.242731579	0.332591934	0.867314152	0.252962105	0.709035927	0.664749579	0.865253276	0.298182585	0.669739547	0.256401998	0.501362304	0.501994396	0.697062455	0.632348986	0.161012883	0.474665183	0.482140203	0.673875866	0.693375099	0.296059071	0.301060265	0.378951718	0.535174862	0.532376034	0.709452941	0.162356776	0.364285087	0.384570325
CUB033_vs._CUB033	0.58505225	0.619659769	0.791076875	0.766038244	0.444040004	0.614643128	0.55865066	0.524285848	0.534595147	0.174363705	0.372425913	0.370744348	0.669854274	0.171925906	0.491612078	0.349854138	0.201237297	0.392549514	0.439630547	0.700451225	0.222117179	0.596393717	0.378664885	0.295901336	0.163759875	0.851493769	0.378209937	0.567914973	0.593311403	0.505021908	0.831382672	0.300321982	0.53494343	0.605586568	0.471841495	0.697511402	0.612875858	0.567545816	0.604214697	0.523678358	0.356634438	0.247088281	0.494740998	0.448435673	0.203556523
NAU117_vs._NAU117	0.282352931	0.820222876	0.747529483	0.98976918	0.359949417	0.768399324	0.282759263	0.600263345	0.60062975	0.853442077	0.205120074	0.624263943	0.232406588	0.149415203	0.627399634	0.597620577	0.580586086	0.726408781	0.635871317	0.541642848	0.635096241	0.66623893	0.825598355	0.698107198	0.901826909	0.661293093	0.166892516	0.750660809
