Analysis of Variance Table

Response: Distances
           Df Sum Sq   Mean Sq F value    Pr(>F)    
Groups     79 1.6676 0.0211085  3.6525 < 2.2e-16 ***
Residuals 595 3.4386 0.0057792                      
---
Signif. codes:  0 ‘***’ 0.001 ‘**’ 0.01 ‘*’ 0.05 ‘.’ 0.1 ‘ ’ 1 

Permutation test for homogeneity of multivariate dispersions

No. of permutations: 999  

**** STRATA ****
Permutations are unstratified

**** SAMPLES ****
Permutation type: free 
Mirrored permutations for Samples?: No 

Response: Distances
           Df Sum Sq   Mean Sq      F N.Perm Pr(>F)    
Groups     79 1.6676 0.0211085 3.6525    999  0.001 ***
Residuals 595 3.4386 0.0057792                         
---
Signif. codes:  0 ‘***’ 0.001 ‘**’ 0.01 ‘*’ 0.05 ‘.’ 0.1 ‘ ’ 1 

Pairwise comparisons:
(Observed p-value below diagonal, permuted p-value above diagonal)
           CUB000     CUB003     CUB004     CUB007     CUB008     CUB009
CUB000            2.0000e-03 5.7200e-01 1.0600e-01 3.4600e-01 1.6000e-02
CUB003 7.0714e-04            2.0000e-03 3.8000e-02 1.0000e-03 4.9000e-01
CUB004 5.7773e-01 3.6548e-03            2.6500e-01 1.3300e-01 3.4000e-02
CUB007 1.1080e-01 4.8170e-02 2.8145e-01            1.1000e-02 2.8800e-01
CUB008 3.0243e-01 8.6540e-05 1.4108e-01 1.9758e-02            4.0000e-03
CUB009 1.7334e-02 5.1318e-01 5.2370e-02 2.6920e-01 3.1297e-03           
CUB010 6.0869e-02 1.2859e-01 1.6387e-01 6.8036e-01 1.0572e-02 4.6923e-01
CUB011 1.6300e-01 1.7371e-01 3.1811e-01 8.3768e-01 4.7415e-02 4.8430e-01
CUB012 7.9715e-01 3.4679e-04 4.3184e-01 7.1749e-02 4.3194e-01 9.9915e-03
CUB015 9.5605e-03 8.7759e-01 2.9347e-02 1.4668e-01 1.7952e-03 6.8665e-01
CUB016 3.5227e-01 1.0189e-02 6.9611e-01 4.8558e-01 7.7853e-02 1.0061e-01
CUB017 4.3004e-01 4.6920e-03 8.2065e-01 3.6821e-01 9.1276e-02 6.3241e-02
CUB019 4.4722e-02 7.2442e-01 9.9498e-02 3.0221e-01 1.1785e-02 8.7955e-01
CUB026 1.0105e-03 1.5298e-06 5.2166e-04 2.1619e-04 2.2155e-02 1.3738e-04
CUB027 1.3548e-01 3.2999e-05 5.3827e-02 7.9950e-03 7.2788e-01 1.7296e-03
CUB028 1.0878e-01 1.1271e-04 5.6915e-02 1.0833e-02 4.5216e-01 2.7709e-03
CUB029 1.4964e-01 2.4053e-02 3.8505e-01 7.5955e-01 2.7501e-02 1.8652e-01
CUB032 2.6059e-01 7.1484e-03 6.0747e-01 4.8469e-01 4.5073e-02 9.1533e-02
CUB033 1.0049e-01 3.5885e-01 2.0380e-01 5.6278e-01 2.7494e-02 7.3963e-01
CUB036 6.1021e-02 4.5336e-01 1.3679e-01 4.4060e-01 1.5643e-02 8.6737e-01
CUB037 1.3479e-02 1.7999e-01 5.2778e-02 4.2321e-01 1.8105e-03 6.2891e-01
CUB038 1.6108e-01 1.7619e-02 4.1021e-01 7.1491e-01 2.7540e-02 1.5632e-01
CUB040 4.2655e-01 7.4972e-05 1.8563e-01 2.4000e-02 7.1690e-01 3.5579e-03
CUB042 3.7246e-01 1.2437e-02 6.9656e-01 5.1809e-01 8.9347e-02 1.0680e-01
CUB044 6.3085e-01 6.6412e-04 3.7017e-01 7.3597e-02 6.9199e-01 1.1691e-02
CUB048 2.6773e-01 1.1749e-02 5.6703e-01 5.9047e-01 5.2038e-02 1.1148e-01
CUB049 5.4978e-01 1.5235e-02 8.8464e-01 4.3700e-01 1.7568e-01 1.0992e-01
CUB050 7.8923e-01 2.5301e-04 3.8824e-01 6.0086e-02 3.7753e-01 9.4202e-03
CUB051 8.1078e-01 1.2232e-03 4.5763e-01 1.0253e-01 4.5867e-01 2.2795e-02
CUB052 7.0913e-01 5.4527e-03 9.3778e-01 3.0008e-01 2.3602e-01 5.4424e-02
CUB053 9.9659e-01 5.4538e-03 7.1147e-01 2.2566e-01 4.6312e-01 4.4968e-02
CUB056 9.0368e-02 5.0593e-05 3.9882e-02 7.3553e-03 5.1065e-01 2.0054e-03
CUB061 1.9462e-01 1.5286e-04 8.4903e-02 1.7696e-02 8.4411e-01 5.1197e-03
NAU101 9.0623e-01 1.0689e-03 6.6866e-01 1.4118e-01 2.6712e-01 2.2386e-02
NAU102 6.3189e-01 6.4989e-03 9.7785e-01 3.1045e-01 1.8469e-01 6.9429e-02
NAU105 9.5569e-01 5.9169e-03 6.5557e-01 2.0744e-01 4.8290e-01 5.1135e-02
NAU106 1.7417e-01 1.0048e-02 4.6146e-01 6.0150e-01 2.7199e-02 1.1750e-01
NAU107 2.2022e-02 1.1084e-01 8.1819e-02 5.7202e-01 2.9553e-03 4.8399e-01
NAU108 1.5750e-01 9.8925e-01 2.4033e-01 4.0967e-01 7.5967e-02 7.7733e-01
NAU109 1.7081e-03 1.1346e-06 8.2868e-04 2.1782e-04 3.0094e-02 1.0187e-04
NAU110 1.8042e-01 6.1200e-05 7.9353e-02 1.2021e-02 7.7620e-01 2.4343e-03
NAU114 3.0889e-01 1.3183e-02 6.2855e-01 5.4802e-01 6.7140e-02 1.1803e-01
NAU117 2.4542e-01 1.2070e-02 5.5335e-01 5.7584e-01 4.6430e-02 1.1945e-01
NAU121 3.1635e-02 7.4174e-02 1.1269e-01 7.0222e-01 4.2461e-03 3.8761e-01
NAU123 3.1146e-01 3.6291e-02 5.6924e-01 7.2400e-01 8.4564e-02 1.9186e-01
NAU124 7.2016e-02 2.0665e-05 2.9369e-02 4.5873e-03 4.7836e-01 1.1013e-03
NAU129 2.3465e-01 4.6844e-03 5.8509e-01 4.6256e-01 3.4704e-02 7.4753e-02
NAU130 3.6244e-01 1.5515e-02 6.8090e-01 5.4132e-01 8.9514e-02 1.2260e-01
NAU132 9.9627e-01 4.8975e-04 5.4883e-01 9.6119e-02 2.7782e-01 1.4655e-02
NAU133 3.4805e-02 9.5568e-06 1.3542e-02 2.3060e-03 3.2523e-01 6.4177e-04
NAU134 7.8499e-03 1.2797e-05 3.8633e-03 1.3063e-03 9.6880e-02 6.7614e-04
NAU136 6.6524e-01 2.3483e-03 8.8862e-01 2.2288e-01 1.6426e-01 4.0152e-02
NAU139 1.3301e-01 1.5169e-02 3.6392e-01 7.4461e-01 1.9860e-02 1.4868e-01
NAU144 3.9585e-01 6.1702e-02 6.3961e-01 7.4431e-01 1.3852e-01 2.4016e-01
NAU147 1.8642e-01 1.8678e-01 3.4623e-01 8.5140e-01 5.8241e-02 4.9310e-01
NAU148 8.6561e-01 1.8608e-03 5.3845e-01 1.3153e-01 4.7982e-01 2.6240e-02
NAU149 9.2424e-02 9.6984e-05 5.1810e-02 9.1698e-03 3.5259e-01 2.0499e-03
NAU150 2.2829e-02 1.0353e-01 8.5576e-02 6.0975e-01 3.2983e-03 4.6625e-01
NAU153 1.2355e-01 4.7603e-01 2.2768e-01 5.4649e-01 4.1191e-02 8.3793e-01
NAU154 1.7754e-01 7.3053e-02 3.6795e-01 9.8451e-01 4.2279e-02 3.0639e-01
NAU155 8.0968e-02 7.4351e-03 2.9516e-01 6.8912e-01 8.8303e-03 1.1464e-01
NAU157 8.5387e-01 7.9998e-03 8.4049e-01 2.9136e-01 3.6222e-01 6.0299e-02
NAU159 2.0961e-02 2.1381e-05 8.5555e-03 2.7016e-03 2.5510e-01 1.2255e-03
NAU160 6.5002e-02 4.8114e-01 1.4188e-01 4.3731e-01 1.7306e-02 8.8919e-01
NAU161 3.0772e-01 3.3641e-03 7.5752e-01 3.3255e-01 4.8229e-02 6.3647e-02
NAU164 2.6235e-01 3.9852e-02 5.1561e-01 7.5169e-01 6.7518e-02 2.1450e-01
NCS203 9.9894e-02 5.7791e-02 2.5684e-01 9.4363e-01 1.7831e-02 2.9886e-01
NCS204 2.5634e-03 1.3955e-06 1.1467e-03 2.9594e-04 4.7813e-02 1.3182e-04
NCS210 4.0981e-01 2.3181e-02 7.0860e-01 5.7513e-01 1.1903e-01 1.4459e-01
NCS212 3.9219e-01 5.9887e-03 7.7806e-01 3.9624e-01 8.1812e-02 7.5513e-02
NCS213 5.5148e-01 3.6091e-03 9.7708e-01 2.8725e-01 1.2938e-01 5.2988e-02
NCS214 4.3438e-01 4.0099e-02 7.0878e-01 6.3583e-01 1.4666e-01 1.9085e-01
NCS233 4.0183e-01 8.3298e-02 6.2780e-01 8.0035e-01 1.5084e-01 2.7757e-01
NCS234 2.3658e-01 1.1602e-02 5.3387e-01 5.9626e-01 4.3144e-02 1.1597e-01
NCS237 5.3977e-05 4.7512e-01 3.5202e-04 1.0266e-02 1.0658e-05 2.3399e-01
NCS243 3.8055e-01 2.1021e-04 1.7738e-01 3.0929e-02 8.4432e-01 6.5614e-03
NCS248 6.7650e-01 2.2138e-03 8.9524e-01 2.2652e-01 1.7376e-01 3.6928e-02
NCS253 4.9316e-04 8.6285e-01 2.8214e-03 5.6522e-02 7.3432e-05 6.0670e-01
NCS255 1.6855e-01 7.0667e-03 4.7414e-01 5.4666e-01 2.4064e-02 9.9888e-02
NCS263 1.6187e-02 3.4389e-05 9.5366e-03 2.4073e-03 9.9476e-02 9.8938e-04
           CUB010     CUB011     CUB012     CUB015     CUB016     CUB017
CUB000 6.4000e-02 1.6600e-01 8.2300e-01 6.0000e-03 3.5800e-01 4.3200e-01
CUB003 1.2000e-01 1.6400e-01 1.0000e-03 8.7500e-01 1.0000e-02 2.0000e-03
CUB004 1.4000e-01 3.0500e-01 4.1900e-01 1.5000e-02 6.9500e-01 8.2000e-01
CUB007 6.8100e-01 8.3900e-01 7.1000e-02 1.3500e-01 5.0400e-01 3.6400e-01
CUB008 9.0000e-03 4.4000e-02 4.5700e-01 3.0000e-03 7.9000e-02 8.0000e-02
CUB009 5.1300e-01 5.0600e-01 8.0000e-03 6.8100e-01 9.3000e-02 4.5000e-02
CUB010            8.9800e-01 2.3000e-02 2.7400e-01 2.9000e-01 1.9700e-01
CUB011 9.0092e-01            1.0600e-01 3.0300e-01 4.6400e-01 3.8100e-01
CUB012 3.7287e-02 1.1584e-01            4.0000e-03 2.7100e-01 3.2200e-01
CUB015 2.6791e-01 3.1439e-01 5.3041e-03            4.5000e-02 2.2000e-02
CUB016 2.9400e-01 4.7094e-01 2.5275e-01 5.5663e-02            8.6800e-01
CUB017 2.0905e-01 3.7605e-01 3.0834e-01 3.3142e-02 8.5963e-01           
CUB019 4.5369e-01 4.8207e-01 2.8171e-02 8.4841e-01 1.5432e-01 1.0823e-01
CUB026 2.3332e-04 3.1058e-03 2.6641e-03 1.2901e-04 4.6379e-04 3.9612e-04
CUB027 5.1770e-03 2.9316e-02 2.2876e-01 1.1412e-03 2.9801e-02 3.4626e-02
CUB028 6.6532e-03 3.2981e-02 1.5783e-01 1.8762e-03 3.5109e-02 3.6765e-02
CUB029 4.9257e-01 6.7192e-01 1.0342e-01 1.0759e-01 6.6223e-01 5.2131e-01
CUB032 2.8763e-01 4.7034e-01 1.7976e-01 4.9940e-02 9.4699e-01 7.8918e-01
CUB033 7.8848e-01 7.5077e-01 6.7053e-02 5.0027e-01 3.0383e-01 2.3086e-01
CUB036 6.5297e-01 6.4338e-01 3.9568e-02 6.0878e-01 2.1748e-01 1.5686e-01
CUB037 7.4520e-01 6.9294e-01 7.8160e-03 3.6677e-01 1.2530e-01 7.6097e-02
CUB038 4.4764e-01 6.3183e-01 1.0845e-01 8.5381e-02 6.9516e-01 5.4990e-01
CUB040 1.3198e-02 5.7126e-02 6.1190e-01 2.0269e-03 9.8275e-02 1.2154e-01
CUB042 3.1223e-01 4.8735e-01 2.6905e-01 5.6894e-02 9.7852e-01 8.4562e-01
CUB044 3.7930e-02 1.1250e-01 7.8419e-01 6.2572e-03 2.3182e-01 2.6811e-01
CUB048 3.5005e-01 5.3178e-01 1.8296e-01 5.6077e-02 8.5514e-01 7.1227e-01
CUB049 2.7754e-01 4.4404e-01 4.2787e-01 6.5596e-02 8.5776e-01 9.6976e-01
CUB050 3.4189e-02 1.1154e-01 9.8193e-01 5.4069e-03 2.1658e-01 2.7290e-01
CUB051 6.4123e-02 1.6709e-01 9.9496e-01 1.4422e-02 2.8730e-01 3.4358e-01
CUB052 1.6810e-01 3.1499e-01 5.6132e-01 2.8138e-02 6.8562e-01 7.8594e-01
CUB053 1.2645e-01 2.5267e-01 8.5475e-01 2.4039e-02 5.1698e-01 5.8236e-01
CUB056 5.0720e-03 2.8351e-02 1.5131e-01 1.4195e-03 2.3979e-02 2.6236e-02
CUB061 1.2899e-02 5.5616e-02 3.1385e-01 3.6797e-03 5.1906e-02 5.9995e-02
NAU101 7.7352e-02 1.9111e-01 7.1494e-01 1.2193e-02 4.2294e-01 5.1066e-01
NAU102 1.9092e-01 3.4863e-01 4.8915e-01 4.1383e-02 7.0166e-01 8.1416e-01
NAU105 1.2736e-01 2.5724e-01 8.9644e-01 3.1385e-02 4.6897e-01 5.3104e-01
NAU106 3.6284e-01 5.5161e-01 1.1736e-01 6.3615e-02 7.8621e-01 6.2786e-01
NAU107 9.2618e-01 8.3387e-01 1.3061e-02 2.7075e-01 1.8618e-01 1.1881e-01
NAU108 5.0296e-01 5.4532e-01 1.1968e-01 9.5197e-01 2.9729e-01 2.4236e-01
NAU109 1.9542e-04 2.6711e-03 3.8712e-03 8.7659e-05 6.1434e-04 5.3701e-04
NAU110 7.2560e-03 3.6561e-02 2.7899e-01 1.5485e-03 4.4535e-02 5.1093e-02
NAU114 3.3685e-01 5.1607e-01 2.1953e-01 6.5328e-02 9.2393e-01 7.8333e-01
NAU117 3.5170e-01 5.3503e-01 1.6994e-01 6.5481e-02 8.6103e-01 7.1243e-01
NAU121 9.3208e-01 9.4575e-01 1.9082e-02 2.1097e-01 2.4737e-01 1.6388e-01
NAU123 4.7726e-01 6.4435e-01 2.2617e-01 1.0701e-01 8.0159e-01 6.8128e-01
NAU124 3.0487e-03 1.9882e-02 1.2648e-01 7.5352e-04 1.6770e-02 1.8540e-02
NAU129 2.6202e-01 4.4540e-01 1.5646e-01 3.8347e-02 9.4046e-01 7.7427e-01
NAU130 3.3651e-01 5.1210e-01 2.6401e-01 6.8573e-02 9.6028e-01 8.2831e-01
NAU132 5.3274e-02 1.5047e-01 7.8868e-01 8.1507e-03 3.2276e-01 4.0132e-01
NAU133 1.6824e-03 1.3101e-02 6.8466e-02 4.6470e-04 8.0349e-03 8.6542e-03
NAU134 1.2384e-03 1.0445e-02 1.7143e-02 5.9129e-04 3.0277e-03 2.8444e-03
NAU136 1.2899e-01 2.7163e-01 5.0190e-01 2.2712e-02 5.9302e-01 7.0947e-01
NAU139 4.5602e-01 6.4350e-01 8.6182e-02 7.6818e-02 6.4329e-01 4.9729e-01
NAU144 5.1884e-01 6.7315e-01 3.0466e-01 1.4514e-01 8.4358e-01 7.3843e-01
NAU147 8.9713e-01 9.9417e-01 1.3475e-01 3.2440e-01 4.9709e-01 4.0314e-01
NAU148 7.5910e-02 1.8363e-01 9.6375e-01 1.5351e-02 3.5512e-01 4.1360e-01
NAU149 5.0012e-03 2.6034e-02 1.2575e-01 1.3006e-03 3.1783e-02 3.2183e-02
NAU150 9.6675e-01 8.6828e-01 1.4210e-02 2.6689e-01 1.9901e-01 1.2813e-01
NAU153 7.4023e-01 7.2165e-01 8.6841e-02 6.0982e-01 3.2072e-01 2.5064e-01
NAU154 6.9642e-01 8.4103e-01 1.2190e-01 1.7564e-01 5.6105e-01 4.4913e-01
NAU155 4.0042e-01 5.9904e-01 5.1509e-02 5.7581e-02 6.1284e-01 4.5094e-01
NAU157 1.6759e-01 3.0786e-01 7.1344e-01 3.2211e-02 6.2747e-01 7.0654e-01
NAU159 2.5626e-03 1.8026e-02 4.8946e-02 1.0270e-03 6.3721e-03 6.6728e-03
NAU160 6.4179e-01 6.3578e-01 4.2479e-02 6.3196e-01 2.2145e-01 1.6098e-01
NAU161 2.0184e-01 3.7494e-01 2.1757e-01 3.7412e-02 8.4705e-01 9.8382e-01
NAU164 5.0733e-01 6.7431e-01 1.9003e-01 1.2784e-01 7.5826e-01 6.3363e-01
NCS203 7.3235e-01 8.8136e-01 6.4279e-02 1.6446e-01 4.4757e-01 3.3568e-01
NCS204 2.6810e-04 3.4176e-03 6.1093e-03 1.1164e-04 8.3572e-04 7.6465e-04
NCS210 3.6824e-01 5.3894e-01 3.0748e-01 8.2532e-02 9.6092e-01 8.4073e-01
NCS212 2.3385e-01 4.0599e-01 2.8120e-01 4.1700e-02 8.9675e-01 9.5920e-01
NCS213 1.6715e-01 3.2310e-01 4.0886e-01 2.9638e-02 7.1201e-01 8.4042e-01
NCS214 4.3030e-01 5.9413e-01 3.3586e-01 1.1631e-01 9.3595e-01 8.2609e-01
NCS233 5.7265e-01 7.1744e-01 3.1238e-01 1.6887e-01 8.1355e-01 7.1458e-01
NCS234 3.5747e-01 5.4145e-01 1.6074e-01 6.0502e-02 8.3315e-01 6.8547e-01
NCS237 4.0553e-02 7.7733e-02 3.3685e-05 5.0066e-01 1.3763e-03 5.3671e-04
NCS243 1.9345e-02 7.3451e-02 5.4390e-01 4.2039e-03 1.0258e-01 1.2228e-01
NCS248 1.2526e-01 2.6500e-01 5.1270e-01 1.9690e-02 6.0528e-01 7.1915e-01
NCS253 1.6467e-01 2.1356e-01 2.8428e-04 9.8321e-01 9.4392e-03 4.2854e-03
NCS255 3.2346e-01 5.1345e-01 1.1330e-01 5.3891e-02 8.2531e-01 6.5788e-01
NCS263 1.7760e-03 1.2785e-02 2.5241e-02 7.9708e-04 6.6921e-03 6.0498e-03
           CUB019     CUB026     CUB027     CUB028     CUB029     CUB032
CUB000 4.8000e-02 3.0000e-03 1.3200e-01 1.1000e-01 1.7100e-01 2.7000e-01
CUB003 7.4200e-01 1.0000e-03 1.0000e-03 1.0000e-03 1.5000e-02 9.0000e-03
CUB004 9.5000e-02 2.0000e-03 4.0000e-02 5.1000e-02 3.8800e-01 6.2400e-01
CUB007 3.0300e-01 2.0000e-03 3.0000e-03 1.0000e-02 7.7200e-01 4.8500e-01
CUB008 8.0000e-03 1.6000e-02 7.3400e-01 4.6600e-01 2.7000e-02 3.6000e-02
CUB009 8.9200e-01 1.0000e-03 2.0000e-03 2.0000e-03 1.8900e-01 8.2000e-02
CUB010 4.9700e-01 1.0000e-03 5.0000e-03 8.0000e-03 5.2300e-01 2.9800e-01
CUB011 4.6300e-01 2.0000e-03 2.7000e-02 2.8000e-02 6.7100e-01 4.9700e-01
CUB012 2.5000e-02 5.0000e-03 2.1700e-01 1.6200e-01 1.1200e-01 1.8400e-01
CUB015 8.7200e-01 1.0000e-03 3.0000e-03 2.0000e-03 9.3000e-02 4.9000e-02
CUB016 1.7100e-01 2.0000e-03 3.1000e-02 2.5000e-02 6.7300e-01 9.4700e-01
CUB017 1.1400e-01 1.0000e-03 3.5000e-02 3.2000e-02 5.1500e-01 7.9200e-01
CUB019            1.0000e-03 8.0000e-03 1.1000e-02 2.8100e-01 1.4800e-01
CUB026 1.6227e-03            1.5000e-02 2.0700e-01 1.0000e-03 1.0000e-03
CUB027 9.1417e-03 1.4970e-02            6.0900e-01 2.0000e-03 1.0000e-02
CUB028 1.0672e-02 2.1981e-01 6.0092e-01            7.0000e-03 1.8000e-02
CUB029 2.5252e-01 6.0377e-05 6.9618e-03 1.4340e-02            6.6200e-01
CUB032 1.5115e-01 5.4012e-05 1.1305e-02 1.8987e-02 6.6490e-01           
CUB033 6.6934e-01 2.9344e-03 2.0322e-02 2.0536e-02 4.6029e-01 3.0565e-01
CUB036 7.8335e-01 1.4117e-03 1.0589e-02 1.2936e-02 3.4576e-01 2.1121e-01
CUB037 5.8872e-01 1.1640e-05 5.3835e-04 1.3683e-03 2.4330e-01 1.0542e-01
CUB038 2.1557e-01 7.4065e-05 7.7270e-03 1.3300e-02 9.5523e-01 7.0866e-01
CUB040 1.4496e-02 2.7683e-03 4.1900e-01 2.6001e-01 2.8279e-02 5.2168e-02
CUB042 1.5039e-01 1.2080e-03 4.2442e-02 4.1363e-02 7.0895e-01 9.7492e-01
CUB044 2.7027e-02 2.8364e-02 4.8600e-01 3.2511e-01 1.1885e-01 1.7983e-01
CUB048 1.5292e-01 4.4071e-04 2.2051e-02 2.2981e-02 8.0939e-01 8.9313e-01
CUB049 1.6202e-01 4.0719e-03 9.3747e-02 8.9047e-02 5.8359e-01 8.0052e-01
CUB050 3.1281e-02 3.4548e-04 1.5438e-01 1.2269e-01 6.7586e-02 1.3011e-01
CUB051 5.8752e-02 2.3372e-03 2.3444e-01 1.8956e-01 1.1860e-01 1.9588e-01
CUB052 8.4149e-02 6.8131e-03 1.4163e-01 1.0809e-01 4.4098e-01 6.2496e-01
CUB053 6.7292e-02 3.5193e-02 3.3406e-01 2.4207e-01 3.4240e-01 4.6557e-01
CUB056 1.0050e-02 6.1686e-02 6.9372e-01 8.4766e-01 6.4756e-03 9.2647e-03
CUB061 2.1831e-02 8.5272e-03 8.7355e-01 5.5002e-01 1.2786e-02 1.9809e-02
NAU101 5.2446e-02 1.2280e-03 1.2172e-01 9.9455e-02 1.9750e-01 3.3191e-01
NAU102 1.2263e-01 1.5005e-03 8.2260e-02 8.3237e-02 4.1384e-01 6.1936e-01
NAU105 8.9649e-02 2.4669e-02 3.2608e-01 2.5124e-01 2.8925e-01 4.0241e-01
NAU106 1.8072e-01 2.4119e-05 5.8669e-03 1.2077e-02 8.2332e-01 8.1285e-01
NAU107 4.7964e-01 1.4502e-05 8.3660e-04 1.9976e-03 3.4875e-01 1.6330e-01
NAU108 8.6283e-01 3.2171e-02 7.2769e-02 7.4320e-02 3.9667e-01 2.9965e-01
NAU109 1.1485e-03 8.8654e-01 2.9220e-02 2.5951e-01 1.0758e-04 1.0762e-04
NAU110 1.0806e-02 2.9393e-02 9.6391e-01 6.0081e-01 1.3403e-02 2.1148e-02
NAU114 1.7211e-01 4.5632e-04 2.5962e-02 3.1273e-02 7.4059e-01 9.6716e-01
NAU117 1.7735e-01 1.5411e-04 1.4638e-02 2.1174e-02 7.8086e-01 8.9819e-01
NAU121 4.0551e-01 1.6525e-05 1.1539e-03 2.6374e-03 4.4978e-01 2.2384e-01
NAU123 2.2443e-01 2.9370e-03 4.8642e-02 4.5414e-02 9.2535e-01 8.2905e-01
NAU124 6.3845e-03 5.1495e-02 6.6659e-01 8.4751e-01 4.0267e-03 5.9885e-03
NAU129 1.2843e-01 2.6280e-05 7.9098e-03 1.3420e-02 6.5183e-01 9.9585e-01
NAU130 1.7292e-01 1.1377e-03 4.0777e-02 4.3194e-02 7.2743e-01 9.9532e-01
NAU132 4.1513e-02 3.6462e-04 1.0783e-01 9.2637e-02 1.2110e-01 2.2402e-01
NAU133 4.5426e-03 6.3601e-02 4.5079e-01 9.8838e-01 1.5536e-03 2.1972e-03
NAU134 5.1556e-03 4.0066e-01 9.6014e-02 4.8955e-01 5.4749e-04 5.7276e-04
NAU136 8.4220e-02 3.9313e-04 5.9915e-02 6.2990e-02 2.9787e-01 4.9270e-01
NAU139 2.0256e-01 4.6267e-05 5.4429e-03 9.1652e-03 9.9748e-01 6.5395e-01
NAU144 2.6632e-01 1.0467e-02 9.3254e-02 8.3143e-02 9.2185e-01 8.6979e-01
NAU147 4.8730e-01 4.7955e-03 3.8294e-02 4.0917e-02 6.9447e-01 4.9928e-01
NAU148 5.6350e-02 1.0942e-02 2.9595e-01 2.1807e-01 1.8593e-01 2.8194e-01
NAU149 7.0274e-03 4.1585e-01 4.7553e-01 8.3362e-01 1.5540e-02 1.9698e-02
NAU150 4.7584e-01 1.0398e-05 7.7356e-04 2.3099e-03 3.6383e-01 1.6855e-01
NAU153 7.6387e-01 6.6718e-03 3.2446e-02 3.3614e-02 4.6273e-01 3.2120e-01
NAU154 3.2463e-01 1.4388e-03 2.3533e-02 2.4657e-02 8.1190e-01 5.7048e-01
NAU155 1.7814e-01 1.1149e-06 1.0590e-03 3.7516e-03 9.7060e-01 6.1005e-01
NAU157 8.5009e-02 2.4480e-02 2.5364e-01 1.8749e-01 4.2753e-01 5.7614e-01
NAU159 8.6059e-03 2.5027e-02 2.9896e-01 8.8149e-01 8.3626e-04 1.0222e-03
NAU160 8.0224e-01 1.7653e-03 1.2119e-02 1.4438e-02 3.4850e-01 2.1607e-01
NAU161 1.3052e-01 5.9454e-07 5.1644e-03 1.8340e-02 4.0368e-01 7.3500e-01
NAU164 2.6535e-01 1.2912e-03 3.1688e-02 3.7598e-02 9.5586e-01 7.7785e-01
NCS203 3.2655e-01 2.1780e-04 7.3742e-03 1.0068e-02 7.0803e-01 4.4406e-01
NCS204 1.4567e-03 5.5970e-01 4.8376e-02 3.5876e-01 1.2843e-04 1.3633e-04
NCS210 1.8868e-01 3.3584e-03 6.5382e-02 6.1784e-02 7.5891e-01 9.9914e-01
NCS212 1.2933e-01 2.3044e-04 2.7056e-02 3.4164e-02 5.4388e-01 8.2620e-01
NCS213 1.0105e-01 3.8820e-04 4.6830e-02 5.1671e-02 3.9190e-01 6.2244e-01
NCS214 2.3471e-01 7.1447e-03 8.8994e-02 8.3950e-02 8.1083e-01 9.6976e-01
NCS233 2.8777e-01 1.6206e-02 1.1029e-01 9.4144e-02 9.6933e-01 8.3755e-01
NCS234 1.6619e-01 2.0334e-04 1.5226e-02 1.9187e-02 8.1494e-01 8.6842e-01
NCS237 4.5592e-01 3.8656e-08 1.6230e-06 2.6884e-05 2.2847e-03 4.7101e-04
NCS243 2.3888e-02 6.2708e-03 5.4812e-01 3.5702e-01 3.2053e-02 5.3555e-02
NCS248 7.3788e-02 8.7178e-04 7.4342e-02 6.6973e-02 3.2340e-01 5.1771e-01
NCS253 8.1856e-01 3.6557e-07 1.5189e-05 1.0959e-04 1.9073e-02 4.9967e-03
NCS255 1.6495e-01 6.8488e-06 3.9393e-03 1.0149e-02 7.5396e-01 8.5932e-01
NCS263 5.2918e-03 8.8147e-01 1.2126e-01 4.0756e-01 2.5375e-03 2.6614e-03
           CUB033     CUB036     CUB037     CUB038     CUB040     CUB042
CUB000 1.0500e-01 6.2000e-02 9.0000e-03 1.6700e-01 4.6800e-01 3.9000e-01
CUB003 3.4700e-01 4.6900e-01 1.7200e-01 1.4000e-02 1.0000e-03 1.4000e-02
CUB004 1.9400e-01 1.1700e-01 3.9000e-02 4.2100e-01 1.7100e-01 6.8700e-01
CUB007 5.8100e-01 4.5500e-01 4.2700e-01 7.1600e-01 2.5000e-02 5.1000e-01
CUB008 2.1000e-02 1.0000e-02 3.0000e-03 3.1000e-02 7.1300e-01 1.0000e-01
CUB009 7.4800e-01 8.7300e-01 6.4600e-01 1.7400e-01 2.0000e-03 1.1600e-01
CUB010 7.9100e-01 6.7200e-01 7.8700e-01 4.5100e-01 1.2000e-02 3.0900e-01
CUB011 7.7200e-01 6.6100e-01 6.9000e-01 6.1700e-01 5.6000e-02 4.8600e-01
CUB012 7.1000e-02 4.1000e-02 6.0000e-03 1.0500e-01 6.2300e-01 3.0000e-01
CUB015 5.1200e-01 6.0800e-01 3.6300e-01 8.4000e-02 1.0000e-03 5.8000e-02
CUB016 3.0400e-01 2.1500e-01 1.1600e-01 6.9800e-01 1.0400e-01 9.8400e-01
CUB017 2.3600e-01 1.4400e-01 7.2000e-02 5.2300e-01 1.1000e-01 8.4300e-01
CUB019 6.8800e-01 7.9900e-01 5.8600e-01 2.3600e-01 1.8000e-02 1.7100e-01
CUB026 3.0000e-03 4.0000e-03 1.0000e-03 1.0000e-03 1.0000e-03 3.0000e-03
CUB027 1.7000e-02 1.3000e-02 2.0000e-03 1.0000e-02 4.3000e-01 3.6000e-02
CUB028 1.5000e-02 1.0000e-02 1.0000e-03 9.0000e-03 2.6100e-01 5.3000e-02
CUB029 4.7700e-01 3.6800e-01 2.3400e-01 9.5400e-01 2.8000e-02 7.2000e-01
CUB032 3.1700e-01 1.9700e-01 1.0800e-01 7.3900e-01 4.8000e-02 9.6900e-01
CUB033            8.8400e-01 9.7400e-01 4.0300e-01 3.2000e-02 3.1200e-01
CUB036 8.8244e-01            8.2500e-01 2.8800e-01 1.4000e-02 2.2900e-01
CUB037 9.7458e-01 8.2450e-01            2.2900e-01 3.0000e-03 1.5600e-01
CUB038 4.1655e-01 3.0569e-01 2.1277e-01            2.8000e-02 7.5600e-01
CUB040 3.5302e-02 1.8786e-02 1.7343e-03 3.0904e-02            1.0600e-01
CUB042 3.0278e-01 2.2132e-01 1.4951e-01 7.3703e-01 1.1867e-01           
CUB044 6.0123e-02 3.9761e-02 1.1665e-02 1.1629e-01 9.0099e-01 2.3468e-01
CUB048 3.2315e-01 2.3290e-01 1.6696e-01 8.4448e-01 6.9852e-02 8.8215e-01
CUB049 2.9434e-01 2.2107e-01 1.3345e-01 6.0362e-01 2.2425e-01 8.4559e-01
CUB050 7.2321e-02 4.0478e-02 5.1044e-03 7.7592e-02 5.4488e-01 2.4942e-01
CUB051 1.1499e-01 7.3359e-02 1.4613e-02 1.2956e-01 6.1868e-01 3.1754e-01
CUB052 1.7896e-01 1.2871e-01 7.4663e-02 4.4974e-01 3.2175e-01 6.7324e-01
CUB053 1.3717e-01 1.0414e-01 6.2004e-02 3.3930e-01 5.9768e-01 5.0381e-01
CUB056 2.0257e-02 1.1270e-02 6.2751e-04 6.8381e-03 2.6369e-01 3.4052e-02
CUB061 4.2466e-02 2.4229e-02 1.6041e-03 1.5066e-02 5.3024e-01 7.4532e-02
NAU101 1.1642e-01 7.2846e-02 1.9603e-02 2.0987e-01 3.7379e-01 4.3712e-01
NAU102 2.3218e-01 1.6362e-01 7.0608e-02 4.3598e-01 2.3763e-01 7.0211e-01
NAU105 1.6393e-01 1.2067e-01 5.3699e-02 2.9125e-01 6.1713e-01 4.7071e-01
NAU106 3.6077e-01 2.5428e-01 1.4502e-01 8.7166e-01 2.9198e-02 8.2784e-01
NAU107 8.3547e-01 6.8559e-01 7.8715e-01 3.1226e-01 2.9165e-03 2.1822e-01
NAU108 6.3808e-01 7.2778e-01 6.0190e-01 3.5607e-01 8.8295e-02 2.8064e-01
NAU109 2.2105e-03 1.0693e-03 1.1958e-05 1.1224e-04 5.2267e-03 1.2920e-03
NAU110 2.3658e-02 1.3131e-02 1.0148e-03 1.3846e-02 4.8762e-01 5.6703e-02
NAU114 3.3473e-01 2.4347e-01 1.5335e-01 7.7530e-01 8.3932e-02 9.4948e-01
NAU117 3.4852e-01 2.5040e-01 1.5287e-01 8.2131e-01 5.5410e-02 8.9257e-01
NAU121 7.3352e-01 5.8681e-01 6.3257e-01 4.0919e-01 4.2840e-03 2.8553e-01
NAU123 4.1799e-01 3.2881e-01 2.8972e-01 9.5620e-01 1.1105e-01 8.2234e-01
NAU124 1.3817e-02 7.2255e-03 3.1595e-04 4.2726e-03 2.3253e-01 2.4553e-02
NAU129 2.7820e-01 1.8568e-01 8.8551e-02 6.9731e-01 4.1159e-02 9.7017e-01
NAU130 3.3127e-01 2.4531e-01 1.6306e-01 7.5726e-01 1.1468e-01 9.8234e-01
NAU132 9.4942e-02 5.5551e-02 9.8951e-03 1.3479e-01 3.9580e-01 3.5016e-01
NAU133 9.7604e-03 4.8552e-03 1.3477e-04 1.7324e-03 1.2562e-01 1.3468e-02
NAU134 9.1500e-03 4.8777e-03 9.6516e-05 6.3754e-04 2.2567e-02 6.1830e-03
NAU136 1.7523e-01 1.1401e-01 3.5975e-02 3.2175e-01 2.1853e-01 6.0333e-01
NAU139 4.1144e-01 2.9763e-01 2.1563e-01 9.5081e-01 2.2954e-02 6.8640e-01
NAU144 4.5582e-01 3.7557e-01 3.4825e-01 9.4713e-01 1.7654e-01 8.5972e-01
NAU147 7.5055e-01 6.4740e-01 6.9852e-01 6.5527e-01 7.0782e-02 5.1055e-01
NAU148 1.1345e-01 7.6498e-02 2.4037e-02 1.8976e-01 6.3739e-01 3.6525e-01
NAU149 1.3688e-02 9.3118e-03 1.3259e-03 1.3377e-02 2.0655e-01 3.3619e-02
NAU150 8.1363e-01 6.6717e-01 7.4218e-01 3.3012e-01 2.9030e-03 2.3952e-01
NAU153 9.3506e-01 9.5900e-01 9.0020e-01 4.2054e-01 5.0546e-02 3.1790e-01
NAU154 5.7636e-01 4.6761e-01 4.7267e-01 7.7136e-01 5.4309e-02 5.8157e-01
NAU155 3.7999e-01 2.5988e-01 1.4879e-01 9.7303e-01 7.9897e-03 6.7378e-01
NAU157 1.7184e-01 1.3131e-01 8.5988e-02 4.2850e-01 4.7367e-01 6.1262e-01
NAU159 1.6159e-02 8.3152e-03 1.6937e-04 1.1749e-03 7.3363e-02 1.3754e-02
NAU160 8.6729e-01 9.8310e-01 8.0827e-01 3.0820e-01 2.0884e-02 2.2373e-01
NAU161 2.5948e-01 1.6969e-01 4.8890e-02 4.6528e-01 4.5565e-02 8.4374e-01
NAU164 4.6399e-01 3.6443e-01 2.9534e-01 9.9084e-01 8.1619e-02 7.8642e-01
NCS203 5.9912e-01 4.7426e-01 4.7202e-01 6.6321e-01 2.1571e-02 4.7869e-01
NCS204 2.8888e-03 1.3625e-03 1.5001e-05 1.4371e-04 8.6208e-03 1.8296e-03
NCS210 3.4986e-01 2.6868e-01 2.0079e-01 7.8403e-01 1.5406e-01 9.8071e-01
NCS212 2.6163e-01 1.8010e-01 8.4442e-02 5.7792e-01 1.0275e-01 8.8214e-01
NCS213 2.0752e-01 1.3881e-01 5.3016e-02 4.1894e-01 1.6907e-01 7.1193e-01
NCS214 4.0353e-01 3.2281e-01 2.5996e-01 8.3426e-01 1.8449e-01 9.5432e-01
NCS233 4.8719e-01 4.1107e-01 4.1008e-01 9.9453e-01 1.9282e-01 8.2593e-01
NCS234 3.4057e-01 2.4392e-01 1.6155e-01 8.5407e-01 5.4504e-02 8.6423e-01
NCS237 2.0391e-01 2.4424e-01 3.7240e-02 1.8050e-03 3.9534e-06 2.6090e-03
NCS243 5.0121e-02 2.8966e-02 3.0075e-03 3.5201e-02 8.7428e-01 1.2662e-01
NCS248 1.6086e-01 1.0504e-01 3.8355e-02 3.4158e-01 2.3937e-01 6.0750e-01
NCS253 4.4379e-01 5.3732e-01 2.0826e-01 1.5255e-02 4.2315e-05 1.4456e-02
NCS255 3.3576e-01 2.3042e-01 1.1378e-01 8.0714e-01 2.4233e-02 8.6736e-01
NCS263 8.9118e-03 5.6244e-03 2.9625e-04 2.2316e-03 3.7100e-02 9.1133e-03
           CUB044     CUB048     CUB049     CUB050     CUB051     CUB052
CUB000 6.7100e-01 2.9900e-01 5.6900e-01 7.9200e-01 8.0400e-01 7.0200e-01
CUB003 4.0000e-03 8.0000e-03 1.3000e-02 1.0000e-03 1.0000e-03 4.0000e-03
CUB004 3.9000e-01 5.7400e-01 8.8900e-01 3.7800e-01 4.5300e-01 9.3000e-01
CUB007 6.1000e-02 5.8300e-01 4.5600e-01 6.4000e-02 1.0600e-01 3.1300e-01
CUB008 7.0600e-01 5.1000e-02 1.6900e-01 3.9900e-01 4.9000e-01 2.5100e-01
CUB009 1.3000e-02 1.0900e-01 1.1100e-01 7.0000e-03 1.8000e-02 4.9000e-02
CUB010 3.9000e-02 3.7600e-01 2.8300e-01 4.5000e-02 6.8000e-02 1.7800e-01
CUB011 1.2100e-01 5.4600e-01 4.4400e-01 1.1000e-01 1.8100e-01 3.2900e-01
CUB012 8.1700e-01 1.9700e-01 4.4600e-01 9.8100e-01 9.9900e-01 5.7200e-01
CUB015 3.0000e-03 5.6000e-02 6.5000e-02 6.0000e-03 7.0000e-03 2.6000e-02
CUB016 2.5000e-01 8.5200e-01 8.4600e-01 2.3100e-01 2.9200e-01 7.0100e-01
CUB017 2.9000e-01 7.3700e-01 9.7200e-01 2.6500e-01 3.4900e-01 8.1500e-01
CUB019 3.0000e-02 1.6500e-01 1.6700e-01 3.1000e-02 6.6000e-02 7.6000e-02
CUB026 2.8000e-02 2.0000e-03 6.0000e-03 2.0000e-03 4.0000e-03 1.0000e-02
CUB027 4.9500e-01 1.8000e-02 9.8000e-02 1.3400e-01 2.3100e-01 1.4700e-01
CUB028 3.5600e-01 1.9000e-02 8.0000e-02 1.0800e-01 2.0000e-01 9.4000e-02
CUB029 1.2100e-01 8.1800e-01 5.9900e-01 5.7000e-02 1.3700e-01 4.5500e-01
CUB032 1.8900e-01 8.8900e-01 8.6200e-01 1.1500e-01 2.0800e-01 6.5500e-01
CUB033 5.5000e-02 3.5400e-01 2.9700e-01 7.4000e-02 1.2300e-01 1.8700e-01
CUB036 4.0000e-02 2.2500e-01 2.2300e-01 3.4000e-02 7.5000e-02 1.3800e-01
CUB037 1.3000e-02 1.7900e-01 1.0900e-01 6.0000e-03 1.3000e-02 7.1000e-02
CUB038 1.1500e-01 8.4200e-01 6.1000e-01 7.6000e-02 1.2300e-01 4.6100e-01
CUB040 8.9400e-01 8.0000e-02 2.2900e-01 5.6200e-01 6.1900e-01 3.4800e-01
CUB042 2.5700e-01 8.9000e-01 8.4800e-01 2.6900e-01 3.2000e-01 6.8000e-01
CUB044            1.7100e-01 3.9800e-01 7.9900e-01 8.0200e-01 4.7000e-01
CUB048 1.6253e-01            7.5600e-01 1.6100e-01 2.3700e-01 5.8100e-01
CUB049 3.7376e-01 7.3330e-01            4.2200e-01 4.8800e-01 8.3800e-01
CUB050 7.6020e-01 1.6456e-01 4.0471e-01            9.8300e-01 5.7400e-01
CUB051 8.0109e-01 2.2724e-01 4.7137e-01 9.8794e-01            6.0700e-01
CUB052 4.5714e-01 5.5640e-01 8.4629e-01 5.5875e-01 6.0756e-01           
CUB053 7.0850e-01 4.0490e-01 6.6369e-01 8.6421e-01 8.7583e-01 7.7060e-01
CUB056 3.5805e-01 1.7764e-02 7.5853e-02 9.5134e-02 1.6123e-01 1.0836e-01
CUB061 5.9200e-01 4.2812e-02 1.4318e-01 2.1185e-01 3.0477e-01 2.1081e-01
NAU101 5.7132e-01 3.2485e-01 6.2070e-01 7.0016e-01 7.3428e-01 7.8353e-01
NAU102 4.2244e-01 5.8103e-01 8.7674e-01 4.5137e-01 5.1681e-01 9.6096e-01
NAU105 7.4973e-01 3.7358e-01 6.2655e-01 9.0279e-01 9.0976e-01 7.3725e-01
NAU106 1.2844e-01 9.5100e-01 6.7018e-01 7.5968e-02 1.2960e-01 5.0735e-01
NAU107 1.8355e-02 2.4842e-01 1.8726e-01 8.4864e-03 2.2053e-02 1.1147e-01
NAU108 1.0906e-01 2.7795e-01 3.0682e-01 1.3542e-01 1.9201e-01 1.9609e-01
NAU109 3.1501e-02 4.7188e-04 4.5695e-03 9.2804e-04 4.5407e-03 6.8747e-03
NAU110 5.2794e-01 3.1142e-02 1.1906e-01 2.1462e-01 2.9765e-01 1.6657e-01
NAU114 2.0486e-01 9.3218e-01 7.9579e-01 1.8674e-01 2.5525e-01 6.2707e-01
NAU117 1.6766e-01 9.8734e-01 7.3810e-01 1.3242e-01 1.9625e-01 5.7053e-01
NAU121 2.5622e-02 3.2862e-01 2.3908e-01 1.2364e-02 2.9885e-02 1.4875e-01
NAU123 1.9793e-01 9.1562e-01 7.0885e-01 2.1948e-01 2.8489e-01 5.4778e-01
NAU124 3.2488e-01 1.2058e-02 5.9016e-02 7.6504e-02 1.3590e-01 8.7467e-02
NAU129 1.5540e-01 8.9054e-01 7.8627e-01 1.1143e-01 1.7258e-01 6.0216e-01
NAU130 2.3782e-01 9.0311e-01 8.3283e-01 2.3814e-01 3.0791e-01 6.6640e-01
NAU132 6.1994e-01 2.4613e-01 5.2806e-01 7.7476e-01 7.9865e-01 6.9697e-01
NAU133 2.2772e-01 6.1164e-03 3.5276e-02 3.1945e-02 7.0880e-02 5.5671e-02
NAU134 9.3303e-02 2.6990e-03 1.6789e-02 4.2674e-03 1.6128e-02 2.6064e-02
NAU136 4.2243e-01 4.7578e-01 7.9492e-01 4.5573e-01 5.2088e-01 9.7393e-01
NAU139 9.1989e-02 7.9352e-01 5.5580e-01 6.2027e-02 1.0754e-01 4.0083e-01
NAU144 2.6564e-01 9.4231e-01 7.5913e-01 3.0466e-01 3.7121e-01 6.0964e-01
NAU147 1.2776e-01 5.5468e-01 4.6809e-01 1.3286e-01 1.9161e-01 3.3619e-01
NAU148 7.8528e-01 2.7163e-01 5.2452e-01 9.7563e-01 9.7071e-01 6.4404e-01
NAU149 2.5185e-01 1.8548e-02 7.5887e-02 1.0748e-01 1.6712e-01 8.1859e-02
NAU150 2.2038e-02 2.7273e-01 2.0293e-01 7.9102e-03 2.1569e-02 1.2795e-01
NAU153 7.9910e-02 3.3304e-01 3.1670e-01 9.3436e-02 1.4252e-01 2.0149e-01
NAU154 1.1237e-01 6.4974e-01 5.0709e-01 1.1664e-01 1.7161e-01 3.6035e-01
NAU155 6.7771e-02 7.9539e-01 5.2175e-01 2.3875e-02 5.3900e-02 3.7363e-01
NAU157 5.8880e-01 5.0767e-01 7.7311e-01 7.2063e-01 7.5078e-01 8.9766e-01
NAU159 2.0624e-01 6.3755e-03 3.3272e-02 1.1641e-02 3.7236e-02 5.7831e-02
NAU160 4.2050e-02 2.3451e-01 2.2503e-01 4.4108e-02 7.8448e-02 1.3120e-01
NAU161 2.3232e-01 6.9824e-01 9.5352e-01 1.1411e-01 1.8990e-01 7.6577e-01
NAU164 1.8310e-01 8.7817e-01 6.7381e-01 1.6694e-01 2.3329e-01 5.2365e-01
NCS203 6.6524e-02 5.4451e-01 4.0646e-01 5.4125e-02 9.4225e-02 2.7476e-01
NCS204 4.6504e-02 6.8219e-04 6.1630e-03 1.3827e-03 6.3872e-03 9.9727e-03
NCS210 2.6982e-01 9.1366e-01 8.4381e-01 2.9281e-01 3.6134e-01 6.8398e-01
NCS212 2.5679e-01 7.5010e-01 9.3714e-01 2.3366e-01 3.0686e-01 7.5781e-01
NCS213 3.5336e-01 5.8076e-01 9.0138e-01 3.6162e-01 4.3297e-01 9.1872e-01
NCS214 2.9850e-01 9.5145e-01 8.3383e-01 3.2439e-01 3.9308e-01 6.8531e-01
NCS233 2.6763e-01 9.0053e-01 7.3776e-01 3.2031e-01 3.8484e-01 5.8912e-01
NCS234 1.5223e-01 9.8334e-01 7.1324e-01 1.3306e-01 1.9436e-01 5.4132e-01
NCS237 1.7860e-04 2.0936e-03 3.6792e-03 8.9487e-06 9.8223e-05 1.5959e-03
NCS243 8.2081e-01 7.7673e-02 2.2733e-01 4.6573e-01 5.4851e-01 3.1670e-01
NCS248 4.2126e-01 4.8059e-01 7.9926e-01 4.8369e-01 5.4307e-01 9.7553e-01
NCS253 8.6559e-04 1.3763e-02 1.6318e-02 1.1651e-04 7.3116e-04 7.4915e-03
NCS255 1.2875e-01 9.9935e-01 6.9581e-01 6.4944e-02 1.1689e-01 5.2884e-01
NCS263 8.7690e-02 4.3522e-03 2.4267e-02 1.4158e-02 3.5873e-02 2.7541e-02
           CUB053     CUB056     CUB061     NAU101     NAU102     NAU105
CUB000 9.9900e-01 1.1000e-01 2.0100e-01 8.9700e-01 6.5400e-01 9.5500e-01
CUB003 6.0000e-03 2.0000e-03 1.0000e-03 1.0000e-03 7.0000e-03 3.0000e-03
CUB004 7.2900e-01 2.9000e-02 6.9000e-02 6.7100e-01 9.7400e-01 6.5400e-01
CUB007 2.3100e-01 8.0000e-03 1.5000e-02 1.2600e-01 3.2100e-01 1.9500e-01
CUB008 4.7700e-01 5.5100e-01 8.5100e-01 2.6700e-01 1.9700e-01 4.9000e-01
CUB009 3.6000e-02 2.0000e-03 5.0000e-03 1.2000e-02 6.5000e-02 4.3000e-02
CUB010 1.2300e-01 5.0000e-03 1.3000e-02 7.9000e-02 1.9700e-01 1.1400e-01
CUB011 2.4800e-01 3.3000e-02 3.9000e-02 1.7500e-01 3.6400e-01 2.6800e-01
CUB012 8.5500e-01 1.5900e-01 3.1600e-01 7.1800e-01 5.0700e-01 9.0600e-01
CUB015 2.9000e-02 2.0000e-03 1.0000e-03 1.1000e-02 3.8000e-02 3.2000e-02
CUB016 5.4100e-01 2.0000e-02 4.9000e-02 4.1300e-01 7.4500e-01 4.4300e-01
CUB017 5.7900e-01 2.4000e-02 5.4000e-02 4.7100e-01 8.3200e-01 5.4800e-01
CUB019 7.0000e-02 1.1000e-02 1.5000e-02 5.7000e-02 1.2700e-01 1.0100e-01
CUB026 2.6000e-02 6.2000e-02 1.0000e-02 4.0000e-03 2.0000e-03 2.0000e-02
CUB027 3.4500e-01 7.1900e-01 8.5100e-01 1.2100e-01 7.0000e-02 3.2600e-01
CUB028 2.5100e-01 8.6800e-01 5.7300e-01 9.4000e-02 8.3000e-02 2.4000e-01
CUB029 3.4900e-01 8.0000e-03 1.3000e-02 1.8700e-01 4.4200e-01 2.7500e-01
CUB032 4.7800e-01 8.0000e-03 1.9000e-02 3.2300e-01 6.4000e-01 4.1000e-01
CUB033 1.1500e-01 2.1000e-02 3.5000e-02 1.1100e-01 2.5300e-01 1.6500e-01
CUB036 1.1000e-01 1.5000e-02 1.6000e-02 6.3000e-02 1.5200e-01 1.2400e-01
CUB037 5.3000e-02 3.0000e-03 3.0000e-03 1.5000e-02 6.7000e-02 3.9000e-02
CUB038 3.3000e-01 1.0000e-02 1.4000e-02 1.9900e-01 4.2700e-01 3.0600e-01
CUB040 6.0200e-01 2.7900e-01 5.4500e-01 3.7400e-01 2.5100e-01 6.0500e-01
CUB042 5.2400e-01 4.8000e-02 8.6000e-02 4.2600e-01 7.4500e-01 4.8900e-01
CUB044 7.0300e-01 3.7800e-01 6.0600e-01 5.8600e-01 4.6900e-01 7.6100e-01
CUB048 4.1100e-01 1.6000e-02 4.9000e-02 3.4800e-01 5.9000e-01 3.6800e-01
CUB049 6.6700e-01 7.4000e-02 1.5100e-01 6.1200e-01 8.9000e-01 6.4400e-01
CUB050 8.6300e-01 9.8000e-02 2.2700e-01 6.8300e-01 4.8000e-01 9.0600e-01
CUB051 8.9600e-01 1.8200e-01 3.3500e-01 7.5300e-01 5.3700e-01 9.3500e-01
CUB052 7.8600e-01 1.1500e-01 1.9600e-01 7.9400e-01 9.6600e-01 7.1900e-01
CUB053            2.6300e-01 4.5100e-01 9.4500e-01 7.7100e-01 9.7200e-01
CUB056 2.6396e-01            6.1700e-01 7.9000e-02 5.9000e-02 2.4000e-01
CUB061 4.2886e-01 5.9909e-01            1.7700e-01 1.2500e-01 4.1700e-01
NAU101 9.3928e-01 8.3423e-02 1.7858e-01            7.2100e-01 8.9100e-01
NAU102 7.4766e-01 6.3060e-02 1.2338e-01 7.1675e-01            7.2700e-01
NAU105 9.6404e-01 2.5436e-01 4.1559e-01 8.8981e-01 6.9782e-01           
NAU106 3.7924e-01 5.1047e-03 1.0682e-02 2.3176e-01 4.8423e-01 3.1774e-01
NAU107 8.9483e-02 9.2087e-04 2.3146e-03 3.1694e-02 1.0409e-01 7.5970e-02
NAU108 1.6604e-01 7.7388e-02 1.2045e-01 1.6909e-01 2.7206e-01 2.2274e-01
NAU109 3.4428e-02 9.7624e-02 2.2523e-02 1.8669e-03 2.1550e-03 2.7089e-02
NAU110 3.6294e-01 6.9108e-01 9.2302e-01 1.6113e-01 1.1331e-01 3.6610e-01
NAU114 4.7318e-01 2.1331e-02 4.6372e-02 3.7369e-01 6.3972e-01 4.2864e-01
NAU117 4.2821e-01 1.2244e-02 2.6912e-02 3.0749e-01 5.6988e-01 3.7702e-01
NAU121 1.1669e-01 1.2157e-03 3.0159e-03 4.5132e-02 1.3818e-01 9.7924e-02
NAU123 4.1528e-01 4.1450e-02 8.5638e-02 3.6064e-01 5.8540e-01 4.0429e-01
NAU124 2.3271e-01 9.8884e-01 5.6935e-01 6.5902e-02 4.8378e-02 2.2320e-01
NAU129 4.3736e-01 6.3189e-03 1.4618e-02 3.0456e-01 5.9723e-01 3.7357e-01
NAU130 5.0666e-01 3.3386e-02 7.0420e-02 4.2708e-01 6.8849e-01 4.6940e-01
NAU132 9.9412e-01 6.9358e-02 1.5524e-01 8.9661e-01 6.0667e-01 9.5628e-01
NAU133 1.7154e-01 7.7463e-01 3.6491e-01 3.2930e-02 2.5032e-02 1.5562e-01
NAU134 9.3022e-02 2.4770e-01 6.6349e-02 8.5424e-03 8.6046e-03 7.4749e-02
NAU136 7.8049e-01 4.2943e-02 9.1434e-02 7.6264e-01 9.2142e-01 7.2263e-01
NAU139 2.9553e-01 4.7674e-03 1.1434e-02 1.7622e-01 3.9053e-01 2.5240e-01
NAU144 4.7893e-01 8.1498e-02 1.4760e-01 4.4312e-01 6.5284e-01 4.7722e-01
NAU147 2.6992e-01 3.6807e-02 6.9998e-02 2.1531e-01 3.7610e-01 2.7918e-01
NAU148 9.0009e-01 2.1640e-01 3.8549e-01 7.9327e-01 5.8942e-01 9.3865e-01
NAU149 1.8476e-01 6.8561e-01 4.5486e-01 8.3828e-02 7.5139e-02 2.0678e-01
NAU150 1.0602e-01 8.8480e-04 1.9648e-03 3.3660e-02 1.0938e-01 8.5186e-02
NAU153 1.6188e-01 3.3071e-02 6.2220e-02 1.4002e-01 2.5787e-01 1.9338e-01
NAU154 2.7298e-01 2.1278e-02 4.6532e-02 2.1167e-01 3.9480e-01 2.7054e-01
NAU155 2.7399e-01 9.9407e-04 1.9334e-03 1.2097e-01 3.2503e-01 2.1009e-01
NAU157 8.8037e-01 2.0143e-01 3.4157e-01 9.1935e-01 8.6828e-01 8.5080e-01
NAU159 1.7698e-01 6.1684e-01 1.8986e-01 2.2185e-02 1.7771e-02 1.4480e-01
NAU160 1.0607e-01 1.2875e-02 2.7230e-02 7.6932e-02 1.6901e-01 1.2491e-01
NAU161 5.7521e-01 4.3829e-03 5.3187e-03 4.0774e-01 7.5552e-01 4.8566e-01
NAU164 4.0881e-01 2.7967e-02 5.6426e-02 3.1305e-01 5.3687e-01 3.7967e-01
NCS203 2.0749e-01 6.8836e-03 1.6604e-02 1.2749e-01 2.8612e-01 1.9220e-01
NCS204 4.7467e-02 1.5185e-01 3.4377e-02 2.7848e-03 2.9134e-03 3.6902e-02
NCS210 5.2673e-01 5.4313e-02 1.0788e-01 4.7001e-01 7.1503e-01 5.0150e-01
NCS212 5.6845e-01 2.1094e-02 4.5740e-02 4.7313e-01 7.7569e-01 5.1070e-01
NCS213 6.9475e-01 3.4748e-02 7.4389e-02 6.4303e-01 9.5664e-01 6.3698e-01
NCS214 5.4179e-01 7.6317e-02 1.3967e-01 4.9009e-01 7.1690e-01 5.2279e-01
NCS233 4.6245e-01 9.7444e-02 1.7065e-01 4.4443e-01 6.4194e-01 4.7385e-01
NCS234 3.9873e-01 1.2516e-02 2.9517e-02 2.9441e-01 5.5072e-01 3.5647e-01
NCS237 2.4957e-03 4.0184e-06 6.8358e-06 1.0147e-04 8.8397e-04 1.8391e-03
NCS243 5.7079e-01 3.6594e-01 6.5970e-01 3.3972e-01 2.2887e-01 5.8069e-01
NCS248 7.7473e-01 5.3222e-02 1.1684e-01 7.6868e-01 9.2619e-01 7.2264e-01
NCS253 8.6929e-03 2.7067e-05 5.9384e-05 8.3925e-04 5.4153e-03 6.8419e-03
NCS255 3.9318e-01 3.4496e-03 6.6096e-03 2.3050e-01 4.9610e-01 3.2218e-01
NCS263 8.2831e-02 2.4540e-01 1.1835e-01 1.5948e-02 1.7643e-02 8.1367e-02
           NAU106     NAU107     NAU108     NAU109     NAU110     NAU114
CUB000 2.0300e-01 1.3000e-02 1.4900e-01 2.0000e-03 1.9400e-01 3.1500e-01
CUB003 7.0000e-03 9.8000e-02 9.8600e-01 1.0000e-03 1.0000e-03 7.0000e-03
CUB004 4.7700e-01 5.8000e-02 2.3600e-01 1.0000e-03 6.8000e-02 6.3500e-01
CUB007 5.8800e-01 5.4100e-01 4.0600e-01 1.0000e-03 1.4000e-02 5.5500e-01
CUB008 2.6000e-02 2.0000e-03 7.7000e-02 2.0000e-02 7.9800e-01 5.5000e-02
CUB009 1.1900e-01 4.7800e-01 7.8300e-01 1.0000e-03 1.0000e-03 1.2100e-01
CUB010 3.6300e-01 9.4200e-01 4.9300e-01 2.0000e-03 9.0000e-03 3.6600e-01
CUB011 5.6000e-01 8.4900e-01 5.5500e-01 4.0000e-03 3.9000e-02 5.1800e-01
CUB012 1.2300e-01 1.4000e-02 1.0500e-01 4.0000e-03 2.8500e-01 2.3800e-01
CUB015 6.7000e-02 2.3700e-01 9.5600e-01 1.0000e-03 3.0000e-03 7.1000e-02
CUB016 8.1000e-01 1.7600e-01 3.1200e-01 1.0000e-03 5.3000e-02 9.2400e-01
CUB017 6.5100e-01 1.0000e-01 2.3600e-01 1.0000e-03 3.8000e-02 7.9300e-01
CUB019 1.9700e-01 5.0100e-01 8.7000e-01 1.0000e-03 1.3000e-02 2.0600e-01
CUB026 1.0000e-03 1.0000e-03 4.1000e-02 8.8300e-01 3.3000e-02 2.0000e-03
CUB027 5.0000e-03 2.0000e-03 6.8000e-02 2.9000e-02 9.6400e-01 3.0000e-02
CUB028 1.4000e-02 2.0000e-03 7.4000e-02 2.6300e-01 5.9500e-01 2.5000e-02
CUB029 8.2100e-01 3.4300e-01 4.1300e-01 1.0000e-03 1.4000e-02 7.4600e-01
CUB032 8.2600e-01 1.3000e-01 3.0000e-01 1.0000e-03 1.9000e-02 9.7300e-01
CUB033 3.7500e-01 8.2200e-01 6.6000e-01 1.0000e-03 2.1000e-02 3.5700e-01
CUB036 2.5800e-01 6.8000e-01 7.3900e-01 2.0000e-03 1.3000e-02 2.4200e-01
CUB037 1.3600e-01 7.4600e-01 6.2100e-01 1.0000e-03 4.0000e-03 1.5200e-01
CUB038 8.7900e-01 2.9700e-01 3.6600e-01 1.0000e-03 1.1000e-02 7.8000e-01
CUB040 2.7000e-02 4.0000e-03 8.7000e-02 5.0000e-03 5.0400e-01 7.8000e-02
CUB042 8.1600e-01 2.0100e-01 2.9100e-01 3.0000e-03 5.4000e-02 9.4300e-01
CUB044 1.2600e-01 2.1000e-02 1.2200e-01 2.9000e-02 5.5000e-01 2.1000e-01
CUB048 9.5700e-01 2.5000e-01 3.0500e-01 1.0000e-03 3.2000e-02 9.2800e-01
CUB049 6.6300e-01 1.6400e-01 3.2100e-01 3.0000e-03 1.2400e-01 7.9900e-01
CUB050 7.4000e-02 7.0000e-03 1.5200e-01 2.0000e-03 2.2000e-01 1.9100e-01
CUB051 1.1200e-01 1.9000e-02 2.0500e-01 4.0000e-03 2.9400e-01 2.6900e-01
CUB052 5.3800e-01 1.1100e-01 2.1000e-01 9.0000e-03 1.9000e-01 6.6300e-01
CUB053 3.9700e-01 7.5000e-02 1.6100e-01 2.5000e-02 3.7000e-01 4.8200e-01
CUB056 4.0000e-03 1.0000e-03 8.7000e-02 8.6000e-02 7.0900e-01 1.8000e-02
CUB061 1.3000e-02 2.0000e-03 1.2700e-01 2.9000e-02 9.2900e-01 4.8000e-02
NAU101 2.1200e-01 2.3000e-02 1.6700e-01 3.0000e-03 1.5500e-01 3.6800e-01
NAU102 5.1500e-01 1.0800e-01 2.7300e-01 2.0000e-03 1.1800e-01 6.8100e-01
NAU105 3.4100e-01 7.2000e-02 2.3200e-01 2.4000e-02 3.8900e-01 4.6000e-01
NAU106            2.1000e-01 3.4200e-01 1.0000e-03 1.3000e-02 8.8000e-01
NAU107 2.2245e-01            5.4900e-01 1.0000e-03 3.0000e-03 2.2300e-01
NAU108 3.2855e-01 5.3456e-01            3.3000e-02 8.6000e-02 3.2700e-01
NAU109 5.1232e-05 1.6039e-05 2.5235e-02            4.5000e-02 1.0000e-03
NAU110 1.2031e-02 1.5847e-03 7.6828e-02 4.4799e-02            4.4000e-02
NAU114 8.7407e-01 2.2474e-01 3.1371e-01 5.7896e-04 3.8782e-02           
NAU117 9.3176e-01 2.2792e-01 3.2151e-01 2.2787e-04 2.4378e-02 9.4192e-01
NAU121 3.0193e-01 8.3433e-01 4.8678e-01 1.9497e-05 2.1991e-03 2.9521e-01
NAU123 9.5245e-01 3.9034e-01 3.4009e-01 2.7084e-03 6.0231e-02 8.6450e-01
NAU124 3.1335e-03 4.8014e-04 6.0009e-02 8.3665e-02 6.6438e-01 1.4740e-02
NAU129 8.0754e-01 1.4276e-01 2.7008e-01 5.3245e-05 1.5366e-02 9.6887e-01
NAU130 8.4807e-01 2.3412e-01 3.1123e-01 1.2888e-03 5.6040e-02 9.6840e-01
NAU132 1.4182e-01 1.6439e-02 1.5428e-01 8.0315e-04 1.5408e-01 2.8076e-01
NAU133 1.0704e-03 1.9958e-04 5.1495e-02 1.1283e-01 4.7145e-01 7.1523e-03
NAU134 2.8289e-04 1.2397e-04 5.8946e-02 5.5899e-01 1.3334e-01 2.8868e-03
NAU136 3.5747e-01 5.6680e-02 2.2279e-01 7.2245e-04 9.0038e-02 5.3039e-01
NAU139 8.1659e-01 3.2214e-01 3.3682e-01 6.5804e-05 9.8004e-03 7.2434e-01
NAU144 9.7550e-01 4.4563e-01 3.7613e-01 9.3851e-03 1.0792e-01 8.9793e-01
NAU147 5.7904e-01 8.3358e-01 5.4706e-01 4.0699e-03 4.6292e-02 5.4107e-01
NAU148 2.0614e-01 3.6287e-02 1.7485e-01 1.3411e-02 3.4240e-01 3.1805e-01
NAU149 1.3210e-02 1.9620e-03 5.3678e-02 4.5446e-01 4.7700e-01 2.8189e-02
NAU150 2.3025e-01 9.5296e-01 5.4290e-01 1.3963e-05 1.6302e-03 2.4077e-01
NAU153 3.7040e-01 7.7915e-01 7.1624e-01 5.1384e-03 3.6905e-02 3.4877e-01
NAU154 6.7681e-01 6.0980e-01 4.1896e-01 1.2669e-03 3.0178e-02 6.1744e-01
NAU155 8.0727e-01 2.4037e-01 3.2221e-01 3.9326e-06 2.9990e-03 7.0768e-01
NAU157 4.7821e-01 1.2273e-01 1.8920e-01 2.3542e-02 2.7975e-01 5.7796e-01
NAU159 4.5356e-04 2.2236e-04 7.8245e-02 1.0471e-01 3.5534e-01 6.0033e-03
NAU160 2.5848e-01 6.7411e-01 7.3995e-01 1.3295e-03 1.4786e-02 2.4688e-01
NAU161 5.2015e-01 7.8080e-02 2.9291e-01 1.1608e-05 1.6108e-02 7.5906e-01
NAU164 9.0895e-01 3.9811e-01 3.9799e-01 1.3889e-03 4.3873e-02 8.2418e-01
NCS203 5.5323e-01 6.2866e-01 4.2705e-01 2.1391e-04 1.1021e-02 5.0676e-01
NCS204 6.2452e-05 2.0293e-05 2.9041e-02 7.0528e-01 7.1160e-02 7.8453e-04
NCS210 8.6813e-01 2.7755e-01 3.2026e-01 3.3754e-03 8.2231e-02 9.7431e-01
NCS212 6.5743e-01 1.2978e-01 2.7474e-01 3.7309e-04 4.3337e-02 8.1896e-01
NCS213 4.7196e-01 8.2527e-02 2.4288e-01 6.4742e-04 7.0976e-02 6.4269e-01
NCS214 9.1263e-01 3.4314e-01 3.6587e-01 6.9511e-03 1.0770e-01 9.9459e-01
NCS233 9.3342e-01 5.1168e-01 3.7852e-01 1.4021e-02 1.2317e-01 8.6355e-01
NCS234 9.6658e-01 2.4202e-01 3.0133e-01 2.5510e-04 2.3735e-02 9.1334e-01
NCS237 6.1337e-04 1.9035e-02 7.9257e-01 5.6483e-08 5.5430e-06 1.9399e-03
NCS243 3.1315e-02 4.6366e-03 1.1992e-01 1.2092e-02 6.1590e-01 8.9821e-02
NCS248 3.8618e-01 6.1056e-02 1.9961e-01 1.2219e-03 1.0216e-01 5.4239e-01
NCS253 7.0193e-03 1.2420e-01 9.5917e-01 4.2049e-07 3.9568e-05 1.2719e-02
NCS255 9.3582e-01 1.7968e-01 3.1622e-01 2.1727e-05 9.4007e-03 9.1849e-01
NCS263 1.6388e-03 3.9583e-04 5.4281e-02 9.5597e-01 1.4175e-01 6.1858e-03
           NAU117     NAU121     NAU123     NAU124     NAU129     NAU130
CUB000 2.5600e-01 2.8000e-02 3.4100e-01 7.2000e-02 2.6200e-01 3.8500e-01
CUB003 9.0000e-03 7.4000e-02 3.8000e-02 1.0000e-03 8.0000e-03 1.6000e-02
CUB004 5.4600e-01 1.0500e-01 5.8200e-01 1.9000e-02 6.1100e-01 7.0200e-01
CUB007 5.7100e-01 7.2300e-01 7.3200e-01 5.0000e-03 4.6300e-01 5.4900e-01
CUB008 3.9000e-02 3.0000e-03 8.6000e-02 5.0600e-01 2.6000e-02 9.6000e-02
CUB009 1.1100e-01 4.1600e-01 1.9300e-01 1.0000e-03 7.5000e-02 1.2900e-01
CUB010 3.3000e-01 9.2700e-01 4.9300e-01 5.0000e-03 2.8500e-01 3.4700e-01
CUB011 5.3200e-01 9.4100e-01 6.5800e-01 2.0000e-02 4.5100e-01 5.2300e-01
CUB012 1.6900e-01 1.7000e-02 2.2800e-01 1.2300e-01 1.8400e-01 2.8100e-01
CUB015 6.0000e-02 2.2100e-01 1.0800e-01 2.0000e-03 3.5000e-02 7.2000e-02
CUB016 8.6500e-01 2.6600e-01 8.1700e-01 1.4000e-02 9.3300e-01 9.6500e-01
CUB017 7.1300e-01 1.5100e-01 7.1300e-01 1.4000e-02 7.9500e-01 8.5000e-01
CUB019 1.6500e-01 4.1900e-01 2.6000e-01 6.0000e-03 1.3000e-01 1.7500e-01
CUB026 1.0000e-03 1.0000e-03 5.0000e-03 4.4000e-02 1.0000e-03 3.0000e-03
CUB027 1.2000e-02 2.0000e-03 4.8000e-02 6.5900e-01 7.0000e-03 4.4000e-02
CUB028 2.0000e-02 2.0000e-03 5.7000e-02 8.5000e-01 1.5000e-02 3.9000e-02
CUB029 7.9100e-01 4.8000e-01 9.4000e-01 4.0000e-03 6.7900e-01 7.4900e-01
CUB032 9.0100e-01 2.1600e-01 8.3800e-01 5.0000e-03 9.9500e-01 9.9100e-01
CUB033 3.4200e-01 7.4800e-01 4.3100e-01 1.0000e-02 2.9000e-01 3.3900e-01
CUB036 2.2000e-01 5.9600e-01 3.5800e-01 5.0000e-03 1.9800e-01 2.8000e-01
CUB037 1.3800e-01 6.6200e-01 3.2100e-01 2.0000e-03 9.4000e-02 1.5400e-01
CUB038 8.1700e-01 4.1900e-01 9.6700e-01 7.0000e-03 7.0600e-01 7.4700e-01
CUB040 4.4000e-02 7.0000e-03 1.2000e-01 2.2500e-01 3.7000e-02 1.3400e-01
CUB042 8.8600e-01 2.8800e-01 8.4000e-01 3.3000e-02 9.7400e-01 9.8300e-01
CUB044 1.7900e-01 2.4000e-02 2.1600e-01 3.2100e-01 1.7700e-01 2.6900e-01
CUB048 9.8500e-01 3.4700e-01 9.1300e-01 1.1000e-02 8.8700e-01 9.1300e-01
CUB049 7.4500e-01 2.5700e-01 7.2000e-01 5.6000e-02 8.1000e-01 8.5100e-01
CUB050 1.2300e-01 9.0000e-03 2.2200e-01 6.8000e-02 1.1500e-01 2.4900e-01
CUB051 2.0200e-01 3.1000e-02 2.8500e-01 1.3500e-01 1.9100e-01 3.1300e-01
CUB052 5.6200e-01 1.6700e-01 5.7800e-01 8.3000e-02 6.0800e-01 6.6500e-01
CUB053 4.2700e-01 1.2000e-01 4.2000e-01 2.2500e-01 4.7000e-01 5.3400e-01
CUB056 2.4000e-02 2.0000e-03 4.5000e-02 9.8400e-01 6.0000e-03 3.0000e-02
CUB061 1.5000e-02 4.0000e-03 7.2000e-02 5.5800e-01 1.5000e-02 6.2000e-02
NAU101 2.9200e-01 4.6000e-02 3.6700e-01 6.0000e-02 2.9700e-01 4.7600e-01
NAU102 5.8600e-01 1.4400e-01 6.0100e-01 3.9000e-02 6.3700e-01 7.5000e-01
NAU105 3.8100e-01 1.0100e-01 4.0900e-01 2.1300e-01 3.9700e-01 4.9200e-01
NAU106 9.2700e-01 3.0400e-01 9.5300e-01 6.0000e-03 8.3700e-01 8.4200e-01
NAU107 2.0900e-01 8.3100e-01 3.8600e-01 1.0000e-03 1.3900e-01 2.1900e-01
NAU108 3.2600e-01 5.1900e-01 3.5700e-01 5.8000e-02 2.7700e-01 3.2400e-01
NAU109 1.0000e-03 1.0000e-03 4.0000e-03 6.7000e-02 1.0000e-03 2.0000e-03
NAU110 1.9000e-02 3.0000e-03 5.2000e-02 6.7600e-01 2.6000e-02 5.6000e-02
NAU114 9.4000e-01 3.1200e-01 8.7000e-01 1.3000e-02 9.6800e-01 9.7300e-01
NAU117            2.7900e-01 9.0700e-01 5.0000e-03 8.9100e-01 9.0600e-01
NAU121 3.0303e-01            5.1300e-01 1.0000e-03 2.1000e-01 3.1600e-01
NAU123 9.0692e-01 4.8073e-01            2.7000e-02 8.2000e-01 8.5300e-01
NAU124 8.0624e-03 6.5044e-04 3.0376e-02            4.0000e-03 1.7000e-02
NAU129 8.9647e-01 2.0126e-01 8.2175e-01 3.9577e-03            9.9500e-01
NAU130 9.1251e-01 3.0299e-01 8.4282e-01 2.4018e-02 9.9175e-01           
NAU132 2.1502e-01 2.3927e-02 2.9510e-01 5.4064e-02 1.9990e-01 3.3757e-01
NAU133 3.4564e-03 2.6405e-04 1.8962e-02 7.7462e-01 1.3595e-03 1.2930e-02
NAU134 1.2198e-03 1.4593e-04 1.1371e-02 2.2909e-01 3.2197e-04 5.8913e-03
NAU136 4.5254e-01 7.9135e-02 4.9567e-01 3.1919e-02 4.6737e-01 5.8764e-01
NAU139 7.6900e-01 4.2650e-01 9.1654e-01 2.8877e-03 6.4008e-01 7.0783e-01
NAU144 9.3550e-01 5.2975e-01 9.8619e-01 6.3742e-02 8.6423e-01 8.7792e-01
NAU147 5.6096e-01 9.4041e-01 6.6161e-01 2.6483e-02 4.7491e-01 5.3575e-01
NAU148 2.6536e-01 4.9125e-02 3.1236e-01 1.8707e-01 2.5426e-01 3.6225e-01
NAU149 2.0424e-02 2.6199e-03 3.4673e-02 6.7486e-01 1.3829e-02 3.6939e-02
NAU150 2.4119e-01 8.7958e-01 4.2432e-01 4.6037e-04 1.4827e-01 2.5343e-01
NAU153 3.6044e-01 6.9108e-01 4.2310e-01 2.3565e-02 2.9295e-01 3.4641e-01
NAU154 6.4730e-01 7.2578e-01 7.6333e-01 1.4603e-02 5.5001e-01 6.0647e-01
NAU155 7.5572e-01 3.3746e-01 9.3130e-01 5.3947e-04 5.9717e-01 6.9306e-01
NAU157 5.3032e-01 1.5855e-01 5.0522e-01 1.7290e-01 5.5122e-01 6.1177e-01
NAU159 2.4032e-03 2.6567e-04 2.3047e-02 6.1117e-01 6.2450e-04 1.2348e-02
NAU160 2.5408e-01 5.7887e-01 3.2796e-01 8.3593e-03 1.9024e-01 2.4826e-01
NAU161 6.6103e-01 1.1027e-01 6.8279e-01 2.7445e-03 7.1966e-01 8.1920e-01
NAU164 8.6487e-01 4.9122e-01 9.6978e-01 1.9705e-02 7.6819e-01 8.0594e-01
NCS203 5.3146e-01 7.6318e-01 6.7993e-01 4.2640e-03 4.2069e-01 5.0204e-01
NCS204 3.0004e-04 2.4807e-05 3.7340e-03 1.3544e-01 6.9521e-05 1.7682e-03
NCS210 9.2430e-01 3.4926e-01 8.5496e-01 4.0873e-02 9.9615e-01 9.9709e-01
NCS212 7.4656e-01 1.7716e-01 7.1639e-01 1.4637e-02 8.1328e-01 8.6364e-01
NCS213 5.6612e-01 1.1401e-01 5.8067e-01 2.5278e-02 6.0069e-01 6.9547e-01
NCS214 9.6145e-01 4.1785e-01 8.9282e-01 5.9263e-02 9.7057e-01 9.6995e-01
NCS233 8.9772e-01 5.9710e-01 9.7296e-01 7.7689e-02 8.2976e-01 8.4526e-01
NCS234 9.6943e-01 3.2217e-01 9.2903e-01 8.2432e-03 8.6484e-01 8.8509e-01
NCS237 1.2924e-03 1.0949e-02 1.2370e-02 1.3336e-06 2.5282e-04 3.0564e-03
NCS243 5.9775e-02 6.3771e-03 1.2553e-01 3.3291e-01 4.2371e-02 1.2228e-01
NCS248 4.7068e-01 8.5737e-02 4.9213e-01 4.0236e-02 4.9222e-01 5.9469e-01
NCS253 1.0389e-02 8.0109e-02 4.8177e-02 1.0536e-05 3.2405e-03 1.6614e-02
NCS255 9.8357e-01 2.4960e-01 9.1129e-01 2.0649e-03 8.5700e-01 8.8797e-01
NCS263 3.6263e-03 4.8628e-04 1.3234e-02 2.2285e-01 1.5856e-03 9.8395e-03
           NAU132     NAU133     NAU134     NAU136     NAU139     NAU144
CUB000 9.9800e-01 3.2000e-02 8.0000e-03 6.8100e-01 1.4400e-01 4.0500e-01
CUB003 1.0000e-03 1.0000e-03 1.0000e-03 4.0000e-03 1.5000e-02 6.8000e-02
CUB004 5.2800e-01 1.0000e-02 3.0000e-03 8.8400e-01 3.5600e-01 6.4900e-01
CUB007 8.8000e-02 1.0000e-03 1.0000e-03 2.3600e-01 7.5200e-01 7.5800e-01
CUB008 2.7300e-01 3.3600e-01 9.7000e-02 1.6400e-01 2.3000e-02 1.3600e-01
CUB009 1.0000e-02 1.0000e-03 1.0000e-03 3.7000e-02 1.4200e-01 2.6500e-01
CUB010 4.8000e-02 4.0000e-03 2.0000e-03 1.3400e-01 4.6300e-01 5.3800e-01
CUB011 1.4700e-01 1.6000e-02 1.2000e-02 2.7300e-01 6.3400e-01 6.9000e-01
CUB012 7.8200e-01 7.8000e-02 1.1000e-02 5.1900e-01 8.5000e-02 3.2400e-01
CUB015 4.0000e-03 3.0000e-03 1.0000e-03 2.2000e-02 7.3000e-02 1.5500e-01
CUB016 3.2000e-01 5.0000e-03 3.0000e-03 5.9700e-01 6.4400e-01 8.4700e-01
CUB017 3.8200e-01 7.0000e-03 2.0000e-03 7.1200e-01 5.0600e-01 7.5700e-01
CUB019 3.2000e-02 6.0000e-03 6.0000e-03 7.9000e-02 2.1700e-01 3.1500e-01
CUB026 2.0000e-03 6.3000e-02 4.3100e-01 2.0000e-03 1.0000e-03 1.1000e-02
CUB027 9.7000e-02 4.7300e-01 9.4000e-02 7.6000e-02 8.0000e-03 8.5000e-02
CUB028 8.7000e-02 9.8300e-01 5.0600e-01 6.9000e-02 1.1000e-02 7.7000e-02
CUB029 1.1000e-01 2.0000e-03 1.0000e-03 2.9800e-01 9.9900e-01 9.2500e-01
CUB032 2.2700e-01 1.0000e-03 1.0000e-03 5.0600e-01 6.7300e-01 9.0100e-01
CUB033 7.1000e-02 9.0000e-03 1.0000e-02 1.5900e-01 4.0100e-01 4.5500e-01
CUB036 6.1000e-02 8.0000e-03 6.0000e-03 1.0400e-01 3.0500e-01 3.9100e-01
CUB037 8.0000e-03 1.0000e-03 1.0000e-03 3.4000e-02 2.1700e-01 3.6400e-01
CUB038 1.2800e-01 3.0000e-03 3.0000e-03 3.0700e-01 9.5100e-01 9.4400e-01
CUB040 4.0000e-01 1.3800e-01 2.1000e-02 2.2400e-01 3.9000e-02 1.8000e-01
CUB042 3.4000e-01 1.5000e-02 7.0000e-03 6.3600e-01 7.1000e-01 8.6900e-01
CUB044 6.0400e-01 2.4500e-01 1.0500e-01 4.1800e-01 9.9000e-02 2.7400e-01
CUB048 2.4800e-01 6.0000e-03 1.0000e-03 5.0100e-01 8.0000e-01 9.4900e-01
CUB049 5.3200e-01 3.1000e-02 1.9000e-02 7.8700e-01 5.6700e-01 7.6100e-01
CUB050 7.5800e-01 3.1000e-02 4.0000e-03 4.4900e-01 6.1000e-02 3.3800e-01
CUB051 8.1000e-01 7.5000e-02 5.0000e-03 5.5100e-01 1.1400e-01 4.0000e-01
CUB052 7.0300e-01 5.8000e-02 2.7000e-02 9.6700e-01 4.1800e-01 6.2000e-01
CUB053 9.9800e-01 1.7900e-01 8.8000e-02 8.0100e-01 3.1400e-01 5.0500e-01
CUB056 7.1000e-02 7.9200e-01 2.5200e-01 4.4000e-02 4.0000e-03 8.2000e-02
CUB061 1.5100e-01 3.7800e-01 6.4000e-02 8.5000e-02 1.1000e-02 1.4800e-01
NAU101 9.0000e-01 2.8000e-02 1.0000e-02 7.9100e-01 1.7800e-01 4.4700e-01
NAU102 6.2800e-01 2.2000e-02 7.0000e-03 9.3100e-01 3.9900e-01 6.6600e-01
NAU105 9.5700e-01 1.3100e-01 7.5000e-02 7.6400e-01 2.8800e-01 4.9300e-01
NAU106 1.4200e-01 2.0000e-03 1.0000e-03 3.7900e-01 8.4400e-01 9.7300e-01
NAU107 1.4000e-02 1.0000e-03 1.0000e-03 3.5000e-02 2.9800e-01 4.6200e-01
NAU108 1.5400e-01 5.6000e-02 4.6000e-02 2.3200e-01 3.4100e-01 3.9500e-01
NAU109 4.0000e-03 1.0800e-01 5.9000e-01 3.0000e-03 1.0000e-03 7.0000e-03
NAU110 1.4400e-01 4.8900e-01 1.3300e-01 8.8000e-02 1.2000e-02 1.1300e-01
NAU114 2.7700e-01 3.0000e-03 3.0000e-03 5.4100e-01 7.1700e-01 9.1800e-01
NAU117 1.8200e-01 6.0000e-03 1.0000e-03 4.5200e-01 7.7200e-01 9.4300e-01
NAU121 2.1000e-02 1.0000e-03 1.0000e-03 6.2000e-02 4.4600e-01 5.4400e-01
NAU123 2.9500e-01 2.4000e-02 1.0000e-02 5.2800e-01 9.0900e-01 9.9100e-01
NAU124 5.1000e-02 7.8500e-01 2.4000e-01 2.7000e-02 1.0000e-03 7.1000e-02
NAU129 2.1400e-01 1.0000e-03 1.0000e-03 4.9700e-01 6.6600e-01 8.6600e-01
NAU130 3.4700e-01 8.0000e-03 8.0000e-03 6.1500e-01 7.2700e-01 8.9300e-01
NAU132            2.2000e-02 2.0000e-03 6.5000e-01 9.9000e-02 3.9700e-01
NAU133 2.2930e-02            3.3200e-01 1.6000e-02 1.0000e-03 4.0000e-02
NAU134 3.8551e-03 3.0144e-01            5.0000e-03 1.0000e-03 2.4000e-02
NAU136 6.3814e-01 1.3969e-02 3.3356e-03            2.7100e-01 5.9600e-01
NAU139 1.1064e-01 1.1483e-03 4.2481e-04 2.8066e-01            9.3800e-01
NAU144 3.8220e-01 4.4662e-02 3.0440e-02 5.7388e-01 9.1218e-01           
NAU147 1.7438e-01 1.8144e-02 1.4783e-02 2.9996e-01 6.6641e-01 6.8787e-01
NAU148 8.6152e-01 1.1865e-01 4.4237e-02 6.0647e-01 1.5837e-01 3.9061e-01
NAU149 8.1816e-02 8.0788e-01 7.1433e-01 5.8198e-02 8.9371e-03 6.3628e-02
NAU150 1.6140e-02 1.7573e-04 9.7778e-05 5.7850e-02 3.4381e-01 4.8097e-01
NAU153 1.1754e-01 1.7634e-02 1.7554e-02 2.0009e-01 4.1243e-01 4.6199e-01
NAU154 1.6401e-01 8.8822e-03 5.9520e-03 3.1018e-01 7.9662e-01 7.7738e-01
NAU155 5.7170e-02 1.3167e-04 2.3273e-05 2.0428e-01 9.6733e-01 9.2454e-01
NAU157 8.4774e-01 1.2447e-01 6.8448e-02 9.1478e-01 3.8161e-01 5.6484e-01
NAU159 1.0173e-02 8.2324e-01 2.6957e-01 7.4033e-03 8.5765e-04 5.4663e-02
NAU160 5.9634e-02 5.7315e-03 5.8342e-03 1.1926e-01 2.9935e-01 3.7388e-01
NAU161 2.4447e-01 5.2415e-04 2.7419e-05 6.0608e-01 4.1987e-01 7.4781e-01
NAU164 2.3915e-01 1.0999e-02 6.0070e-03 4.3720e-01 9.5070e-01 9.6045e-01
NCS203 8.6472e-02 2.1711e-03 1.2874e-03 2.0274e-01 6.8915e-01 7.0528e-01
NCS204 1.1847e-03 1.8672e-01 8.0699e-01 9.9729e-04 8.7318e-05 1.2367e-02
NCS210 3.8993e-01 2.4918e-02 1.3415e-02 6.2494e-01 7.3786e-01 8.8665e-01
NCS212 3.5801e-01 6.2959e-03 1.8739e-03 6.6391e-01 5.2599e-01 7.7080e-01
NCS213 5.2058e-01 1.1256e-02 3.0698e-03 8.6313e-01 3.7223e-01 6.5045e-01
NCS214 4.1611e-01 3.8966e-02 2.3642e-02 6.3327e-01 7.9274e-01 9.1855e-01
NCS233 3.9150e-01 5.7377e-02 4.1907e-02 5.6878e-01 9.6433e-01 9.6392e-01
NCS234 2.1089e-01 3.7662e-03 1.4747e-03 4.3841e-01 8.0209e-01 9.5450e-01
NCS237 2.3346e-05 4.1449e-07 5.5045e-07 1.7561e-04 1.4978e-03 2.8781e-02
NCS243 3.4530e-01 1.9726e-01 4.1521e-02 2.0227e-01 2.6914e-02 1.9539e-01
NCS248 6.5507e-01 1.9817e-02 5.8905e-03 9.9782e-01 2.9734e-01 5.6719e-01
NCS253 2.7118e-04 3.7898e-06 4.0848e-06 1.5893e-03 1.3903e-02 8.3373e-02
NCS255 1.3206e-01 5.8914e-04 1.1127e-04 3.5995e-01 7.4962e-01 9.4122e-01
NCS263 1.1414e-02 2.8168e-01 7.3877e-01 9.6125e-03 1.3978e-03 3.1326e-02
           NAU147     NAU148     NAU149     NAU150     NAU153     NAU154
CUB000 2.0700e-01 8.7100e-01 9.4000e-02 1.2000e-02 1.3700e-01 2.0300e-01
CUB003 1.9700e-01 4.0000e-03 1.0000e-03 9.8000e-02 4.9200e-01 7.7000e-02
CUB004 3.4800e-01 5.1000e-01 3.2000e-02 7.9000e-02 2.1400e-01 3.9200e-01
CUB007 8.6800e-01 1.3300e-01 9.0000e-03 6.2400e-01 5.5800e-01 9.8400e-01
CUB008 4.3000e-02 4.8500e-01 3.6700e-01 2.0000e-03 4.5000e-02 4.3000e-02
CUB009 5.3300e-01 2.6000e-02 2.0000e-03 4.7900e-01 8.5100e-01 3.3900e-01
CUB010 8.9800e-01 7.0000e-02 5.0000e-03 9.6400e-01 7.3600e-01 7.1300e-01
CUB011 9.9500e-01 1.8100e-01 2.8000e-02 8.8600e-01 7.5900e-01 8.4200e-01
CUB012 1.2800e-01 9.7200e-01 1.2600e-01 1.3000e-02 8.1000e-02 1.2500e-01
CUB015 3.3000e-01 1.5000e-02 3.0000e-03 2.6300e-01 6.3100e-01 1.9100e-01
CUB016 4.9200e-01 3.7800e-01 2.1000e-02 2.2800e-01 3.3400e-01 5.9000e-01
CUB017 3.9200e-01 4.1000e-01 2.3000e-02 1.3100e-01 2.6400e-01 4.5700e-01
CUB019 5.0700e-01 5.5000e-02 7.0000e-03 5.1400e-01 7.8000e-01 3.3600e-01
CUB026 8.0000e-03 8.0000e-03 4.4600e-01 1.0000e-03 5.0000e-03 3.0000e-03
CUB027 3.2000e-02 2.9400e-01 4.8700e-01 1.0000e-03 3.4000e-02 2.8000e-02
CUB028 4.3000e-02 2.2800e-01 8.3900e-01 3.0000e-03 3.2000e-02 2.7000e-02
CUB029 7.1300e-01 1.8100e-01 1.4000e-02 3.7600e-01 4.7900e-01 8.2800e-01
CUB032 5.2100e-01 2.6900e-01 9.0000e-03 1.6000e-01 3.3700e-01 5.7900e-01
CUB033 7.7000e-01 1.1500e-01 1.5000e-02 8.0600e-01 9.4800e-01 6.1600e-01
CUB036 6.8600e-01 7.1000e-02 6.0000e-03 6.9000e-01 9.6600e-01 4.8100e-01
CUB037 7.3100e-01 1.9000e-02 3.0000e-03 7.4700e-01 9.2100e-01 5.0700e-01
CUB038 6.5200e-01 1.8000e-01 1.1000e-02 3.6300e-01 4.3600e-01 7.7600e-01
CUB040 7.1000e-02 6.3000e-01 2.0000e-01 4.0000e-03 4.2000e-02 5.2000e-02
CUB042 5.4300e-01 3.6800e-01 3.6000e-02 2.5300e-01 3.2900e-01 6.0600e-01
CUB044 1.3500e-01 7.7800e-01 2.5300e-01 2.1000e-02 8.8000e-02 1.3500e-01
CUB048 5.9000e-01 2.5600e-01 1.2000e-02 2.9500e-01 3.6100e-01 6.7300e-01
CUB049 4.8600e-01 5.1600e-01 6.9000e-02 2.0000e-01 3.2800e-01 5.1700e-01
CUB050 1.2100e-01 9.7200e-01 1.0300e-01 8.0000e-03 8.6000e-02 1.0500e-01
CUB051 2.1100e-01 9.7300e-01 1.6500e-01 2.3000e-02 1.3200e-01 1.7000e-01
CUB052 3.8000e-01 6.5500e-01 7.0000e-02 1.3600e-01 1.9800e-01 3.8800e-01
CUB053 2.6700e-01 8.9400e-01 1.8600e-01 1.1400e-01 1.8100e-01 2.8300e-01
CUB056 3.7000e-02 2.3400e-01 6.7900e-01 3.0000e-03 2.9000e-02 2.6000e-02
CUB061 7.0000e-02 3.9000e-01 4.8300e-01 1.0000e-03 6.1000e-02 3.8000e-02
NAU101 2.0100e-01 8.0100e-01 8.7000e-02 3.0000e-02 1.4300e-01 2.4300e-01
NAU102 3.9900e-01 6.1600e-01 6.7000e-02 1.1800e-01 2.7400e-01 4.1500e-01
NAU105 2.9500e-01 9.4200e-01 1.9100e-01 7.6000e-02 2.2000e-01 2.8600e-01
NAU106 5.8900e-01 2.0800e-01 1.1000e-02 2.4500e-01 3.8000e-01 6.9900e-01
NAU107 8.3500e-01 3.0000e-02 2.0000e-03 9.6400e-01 7.7900e-01 5.9500e-01
NAU108 5.5200e-01 1.8600e-01 5.8000e-02 5.7300e-01 7.2900e-01 4.5600e-01
NAU109 8.0000e-03 1.6000e-02 4.5900e-01 1.0000e-03 1.0000e-03 3.0000e-03
NAU110 4.7000e-02 3.4000e-01 4.9400e-01 4.0000e-03 3.2000e-02 2.6000e-02
NAU114 5.6100e-01 3.0600e-01 2.7000e-02 2.7300e-01 3.7700e-01 6.3300e-01
NAU117 5.7400e-01 2.3700e-01 2.2000e-02 2.4200e-01 3.5600e-01 6.3700e-01
NAU121 9.5000e-01 3.3000e-02 2.0000e-03 8.7800e-01 7.0700e-01 7.1800e-01
NAU123 6.9100e-01 3.3900e-01 3.1000e-02 4.4800e-01 4.4100e-01 7.7100e-01
NAU124 2.5000e-02 1.6800e-01 6.9200e-01 2.0000e-03 1.7000e-02 1.1000e-02
NAU129 5.0300e-01 2.7300e-01 1.8000e-02 1.6600e-01 3.4000e-01 5.8200e-01
NAU130 5.7700e-01 3.5400e-01 3.5000e-02 2.8800e-01 3.6900e-01 6.2500e-01
NAU132 1.7100e-01 8.8700e-01 7.5000e-02 1.8000e-02 1.1400e-01 1.4400e-01
NAU133 1.3000e-02 1.1900e-01 8.1800e-01 1.0000e-03 1.5000e-02 9.0000e-03
NAU134 1.2000e-02 4.5000e-02 7.4000e-01 1.0000e-03 2.1000e-02 3.0000e-03
NAU136 3.0400e-01 6.0300e-01 5.0000e-02 5.8000e-02 2.0700e-01 3.2000e-01
NAU139 7.0000e-01 1.5400e-01 5.0000e-03 3.6700e-01 4.3100e-01 8.2600e-01
NAU144 7.2400e-01 3.9000e-01 7.1000e-02 5.0800e-01 4.7500e-01 8.0100e-01
NAU147            2.0200e-01 2.9000e-02 8.7000e-01 7.5400e-01 8.6800e-01
NAU148 2.0518e-01            1.8100e-01 3.2000e-02 1.5200e-01 1.8400e-01
NAU149 3.1738e-02 1.7794e-01            3.0000e-03 1.6000e-02 1.9000e-02
NAU150 8.6714e-01 4.0250e-02 2.5485e-03            7.6600e-01 6.5000e-01
NAU153 7.2264e-01 1.3949e-01 2.3647e-02 7.6350e-01            5.8800e-01
NAU154 8.5288e-01 1.9188e-01 1.8727e-02 6.4870e-01 5.6167e-01           
NAU155 6.2674e-01 1.1510e-01 4.8129e-03 2.4655e-01 3.8277e-01 7.5814e-01
NAU157 3.2593e-01 7.7574e-01 1.4149e-01 1.4302e-01 1.9604e-01 3.4125e-01
NAU159 2.5075e-02 9.9581e-02 9.0586e-01 1.4845e-04 2.7997e-02 1.1850e-02
NAU160 6.3970e-01 8.0453e-02 1.0281e-02 6.5757e-01 9.4453e-01 4.6296e-01
NAU161 4.0941e-01 3.4217e-01 2.4319e-02 6.8317e-02 2.8139e-01 4.4657e-01
NAU164 6.9331e-01 2.8041e-01 3.2979e-02 4.2476e-01 4.6859e-01 7.9549e-01
NCS203 8.9331e-01 1.2032e-01 8.4480e-03 6.6794e-01 5.7814e-01 9.3494e-01
NCS204 5.1864e-03 1.9356e-02 5.8433e-01 1.6528e-05 6.4138e-03 1.7248e-03
NCS210 5.5985e-01 4.0178e-01 4.9931e-02 3.0297e-01 3.6449e-01 6.3053e-01
NCS212 4.3446e-01 3.8971e-01 3.2430e-02 1.3589e-01 2.8156e-01 4.8262e-01
NCS213 3.5163e-01 5.1755e-01 4.7771e-02 8.5763e-02 2.3109e-01 3.7535e-01
NCS214 6.1288e-01 4.2814e-01 6.8416e-02 3.7132e-01 4.1697e-01 6.8381e-01
NCS233 7.2949e-01 3.9375e-01 6.9320e-02 5.4977e-01 4.8918e-01 8.2534e-01
NCS234 5.6602e-01 2.5060e-01 1.7117e-02 2.6097e-01 3.5053e-01 6.6125e-01
NCS237 9.1155e-02 3.6379e-04 4.1917e-05 1.4609e-02 3.0200e-01 2.5554e-02
NCS243 8.9551e-02 5.8460e-01 2.9377e-01 4.4500e-03 7.0097e-02 6.7503e-02
NCS248 2.9109e-01 6.1140e-01 5.6980e-02 6.5806e-02 1.8422e-01 3.0505e-01
NCS253 2.3182e-01 1.8607e-03 1.3794e-04 1.0629e-01 5.6165e-01 9.5086e-02
NCS255 5.4319e-01 2.0491e-01 1.2056e-02 1.8107e-01 3.4755e-01 6.3286e-01
NCS263 1.6882e-02 5.4002e-02 5.7587e-01 4.4549e-04 1.7251e-02 7.3499e-03
           NAU155     NAU157     NAU159     NAU160     NAU161     NAU164
CUB000 8.0000e-02 8.7100e-01 2.6000e-02 5.6000e-02 3.1200e-01 2.7300e-01
CUB003 7.0000e-03 4.0000e-03 1.0000e-03 4.8200e-01 2.0000e-03 3.9000e-02
CUB004 3.0600e-01 8.3500e-01 9.0000e-03 1.1800e-01 7.5600e-01 5.4200e-01
CUB007 7.0200e-01 3.0100e-01 6.0000e-03 4.2200e-01 3.1300e-01 7.6400e-01
CUB008 8.0000e-03 3.9400e-01 2.7100e-01 1.6000e-02 4.1000e-02 7.4000e-02
CUB009 9.8000e-02 4.7000e-02 4.0000e-03 9.0900e-01 4.3000e-02 2.1600e-01
CUB010 3.8800e-01 1.6700e-01 4.0000e-03 6.3900e-01 1.8600e-01 5.2800e-01
CUB011 6.1600e-01 3.2800e-01 1.7000e-02 6.1200e-01 3.6900e-01 6.8000e-01
CUB012 4.6000e-02 7.3000e-01 4.7000e-02 4.4000e-02 2.1000e-01 1.9800e-01
CUB015 5.0000e-02 2.8000e-02 3.0000e-03 6.1500e-01 2.8000e-02 1.1100e-01
CUB016 6.3700e-01 6.1000e-01 8.0000e-03 2.1700e-01 8.4500e-01 7.7100e-01
CUB017 4.4900e-01 6.9700e-01 1.3000e-02 1.5700e-01 9.8500e-01 6.4600e-01
CUB019 1.8400e-01 8.4000e-02 9.0000e-03 8.0500e-01 1.5300e-01 2.8400e-01
CUB026 1.0000e-03 2.1000e-02 3.4000e-02 2.0000e-03 1.0000e-03 2.0000e-03
CUB027 2.0000e-03 2.5200e-01 2.8800e-01 1.3000e-02 1.0000e-03 3.2000e-02
CUB028 2.0000e-03 1.8300e-01 8.7100e-01 1.2000e-02 7.0000e-03 3.6000e-02
CUB029 9.7700e-01 4.4200e-01 1.0000e-03 3.5400e-01 4.4100e-01 9.5300e-01
CUB032 6.1000e-01 5.9200e-01 3.0000e-03 1.9500e-01 7.2500e-01 7.7300e-01
CUB033 3.9000e-01 1.7200e-01 1.9000e-02 8.7700e-01 2.6400e-01 4.5900e-01
CUB036 2.6200e-01 1.4300e-01 7.0000e-03 9.8400e-01 1.6600e-01 3.8200e-01
CUB037 1.4700e-01 9.1000e-02 1.0000e-03 8.2300e-01 3.8000e-02 3.2500e-01
CUB038 9.7800e-01 4.1900e-01 1.0000e-03 2.9900e-01 4.7100e-01 9.9100e-01
CUB040 3.0000e-03 4.8400e-01 7.3000e-02 1.5000e-02 3.3000e-02 8.6000e-02
CUB042 6.9500e-01 6.3400e-01 2.1000e-02 2.2800e-01 8.2200e-01 7.8400e-01
CUB044 7.3000e-02 6.0800e-01 2.1800e-01 4.0000e-02 2.1700e-01 1.9500e-01
CUB048 8.0100e-01 5.2100e-01 9.0000e-03 2.3700e-01 7.0800e-01 9.0000e-01
CUB049 5.2000e-01 7.8400e-01 2.8000e-02 2.2800e-01 9.5800e-01 6.8900e-01
CUB050 1.9000e-02 7.0800e-01 1.2000e-02 3.6000e-02 1.0000e-01 1.6500e-01
CUB051 6.0000e-02 7.6200e-01 3.0000e-02 8.6000e-02 1.7900e-01 2.1800e-01
CUB052 3.7900e-01 8.9600e-01 5.7000e-02 1.2100e-01 7.6800e-01 5.4800e-01
CUB053 3.0300e-01 8.7800e-01 1.8100e-01 9.2000e-02 5.8800e-01 4.2700e-01
CUB056 2.0000e-03 2.1600e-01 6.2800e-01 1.1000e-02 4.0000e-03 2.4000e-02
CUB061 6.0000e-03 3.4300e-01 1.8600e-01 2.4000e-02 2.0000e-03 4.7000e-02
NAU101 1.0200e-01 9.1700e-01 1.9000e-02 7.6000e-02 3.9100e-01 3.0200e-01
NAU102 3.4200e-01 8.5800e-01 2.2000e-02 1.6000e-01 7.3900e-01 5.7600e-01
NAU105 2.0400e-01 8.5900e-01 1.5100e-01 1.2400e-01 5.0300e-01 3.8900e-01
NAU106 8.1900e-01 4.8300e-01 1.0000e-03 2.5100e-01 5.2600e-01 9.1500e-01
NAU107 2.2700e-01 1.1300e-01 1.0000e-03 6.5400e-01 6.3000e-02 3.9300e-01
NAU108 3.3900e-01 1.6600e-01 7.1000e-02 7.5100e-01 3.0400e-01 3.9700e-01
NAU109 1.0000e-03 1.9000e-02 8.9000e-02 4.0000e-03 1.0000e-03 2.0000e-03
NAU110 1.0000e-03 3.0200e-01 3.5600e-01 1.2000e-02 1.8000e-02 5.3000e-02
NAU114 7.1700e-01 5.9400e-01 9.0000e-03 2.3300e-01 7.9300e-01 8.5000e-01
NAU117 7.5000e-01 5.0600e-01 2.0000e-03 2.1900e-01 6.5400e-01 8.6700e-01
NAU121 3.4800e-01 1.6700e-01 1.0000e-03 5.7500e-01 1.1300e-01 5.1000e-01
NAU123 9.3100e-01 5.0500e-01 2.3000e-02 3.3200e-01 6.7200e-01 9.7300e-01
NAU124 1.0000e-03 1.8000e-01 6.1200e-01 8.0000e-03 2.0000e-03 1.9000e-02
NAU129 6.0700e-01 5.7800e-01 1.0000e-03 2.0100e-01 7.1800e-01 7.8900e-01
NAU130 6.9900e-01 6.3600e-01 8.0000e-03 2.4500e-01 8.0300e-01 8.2400e-01
NAU132 6.2000e-02 8.3500e-01 1.1000e-02 5.2000e-02 2.1400e-01 2.3200e-01
NAU133 1.0000e-03 1.3200e-01 8.2300e-01 8.0000e-03 1.0000e-03 1.5000e-02
NAU134 1.0000e-03 6.8000e-02 2.7100e-01 6.0000e-03 1.0000e-03 4.0000e-03
NAU136 2.1000e-01 9.2800e-01 8.0000e-03 1.1600e-01 6.1300e-01 4.6800e-01
NAU139 9.6400e-01 3.7800e-01 2.0000e-03 2.9700e-01 4.1700e-01 9.4500e-01
NAU144 9.3300e-01 5.6300e-01 4.7000e-02 3.6900e-01 7.6000e-01 9.6900e-01
NAU147 6.4900e-01 3.3000e-01 2.7000e-02 6.2000e-01 4.1300e-01 7.0200e-01
NAU148 1.1100e-01 7.9900e-01 1.0100e-01 7.2000e-02 3.4000e-01 2.7200e-01
NAU149 4.0000e-03 1.5600e-01 9.1400e-01 4.0000e-03 1.3000e-02 2.6000e-02
NAU150 2.6000e-01 1.4800e-01 1.0000e-03 6.8900e-01 6.3000e-02 4.3500e-01
NAU153 4.0000e-01 1.8700e-01 1.9000e-02 9.4600e-01 2.8900e-01 4.8700e-01
NAU154 7.6600e-01 3.6600e-01 1.6000e-02 4.7400e-01 4.7100e-01 7.8300e-01
NAU155            3.5900e-01 1.0000e-03 2.7100e-01 2.4800e-01 9.7100e-01
NAU157 3.6233e-01            1.3100e-01 1.3300e-01 7.0500e-01 5.3300e-01
NAU159 2.6215e-05 1.3250e-01            1.5000e-02 1.0000e-03 1.0000e-02
NAU160 2.6360e-01 1.3304e-01 9.8345e-03            1.5800e-01 3.7700e-01
NAU161 2.6857e-01 6.9829e-01 4.3585e-06 1.7690e-01            6.0600e-01
NAU164 9.6842e-01 4.9499e-01 1.1312e-02 3.6542e-01 6.0325e-01           
NCS203 6.3033e-01 2.6876e-01 2.6395e-03 4.6986e-01 3.0304e-01 7.0681e-01
NCS204 4.3334e-06 3.2589e-02 1.7514e-01 1.6883e-03 9.6561e-06 1.8204e-03
NCS210 7.3182e-01 6.2801e-01 2.7020e-02 2.7048e-01 8.4116e-01 8.2421e-01
NCS212 4.6976e-01 6.8760e-01 3.8753e-03 1.8501e-01 9.6529e-01 6.6459e-01
NCS213 3.0105e-01 8.2367e-01 6.6923e-03 1.4398e-01 7.7856e-01 5.2536e-01
NCS214 7.9199e-01 6.3528e-01 4.3492e-02 3.2400e-01 8.2723e-01 8.6576e-01
NCS233 9.7953e-01 5.4386e-01 7.2574e-02 4.0725e-01 7.3236e-01 9.9883e-01
NCS234 8.0039e-01 4.9987e-01 3.2503e-03 2.4656e-01 6.4934e-01 8.8920e-01
NCS237 2.1147e-04 3.5442e-03 3.7060e-07 2.6942e-01 4.6611e-05 9.7278e-03
NCS243 8.7327e-03 4.6149e-01 1.1592e-01 3.1987e-02 3.8367e-02 9.2701e-02
NCS248 2.3869e-01 9.1153e-01 1.4584e-02 1.0933e-01 6.5139e-01 4.4395e-01
NCS253 4.2753e-03 1.2493e-02 4.5534e-06 5.6727e-01 1.0830e-03 4.3551e-02
NCS255 7.1678e-01 4.9688e-01 1.3745e-04 2.3546e-01 5.1974e-01 8.6127e-01
NCS263 3.4742e-04 6.2335e-02 3.3221e-01 6.5112e-03 1.6648e-03 1.0179e-02
           NCS203     NCS204     NCS210     NCS212     NCS213     NCS214
CUB000 9.9000e-02 3.0000e-03 4.2500e-01 3.9300e-01 5.6500e-01 4.4200e-01
CUB003 5.8000e-02 1.0000e-03 2.6000e-02 9.0000e-03 4.0000e-03 3.3000e-02
CUB004 2.4200e-01 2.0000e-03 7.2200e-01 7.8500e-01 9.8300e-01 7.0400e-01
CUB007 9.4700e-01 2.0000e-03 5.9900e-01 3.7900e-01 3.0500e-01 6.3700e-01
CUB008 1.9000e-02 4.1000e-02 1.0700e-01 7.0000e-02 1.3000e-01 1.4200e-01
CUB009 3.1300e-01 2.0000e-03 1.4800e-01 7.7000e-02 4.8000e-02 1.8100e-01
CUB010 7.4000e-01 1.0000e-03 3.9900e-01 2.3600e-01 1.5700e-01 4.3800e-01
CUB011 8.8600e-01 4.0000e-03 5.6100e-01 4.2100e-01 3.1200e-01 5.8500e-01
CUB012 6.1000e-02 7.0000e-03 3.0200e-01 2.8200e-01 4.4000e-01 3.4400e-01
CUB015 1.6700e-01 1.0000e-03 8.1000e-02 3.6000e-02 2.5000e-02 1.0000e-01
CUB016 4.6700e-01 2.0000e-03 9.5800e-01 9.0000e-01 7.3500e-01 9.3600e-01
CUB017 3.3300e-01 3.0000e-03 8.4800e-01 9.5900e-01 8.3800e-01 7.9900e-01
CUB019 3.2300e-01 2.0000e-03 1.9500e-01 1.3200e-01 1.1300e-01 2.3200e-01
CUB026 1.0000e-03 5.5300e-01 2.0000e-03 1.0000e-03 1.0000e-03 1.1000e-02
CUB027 6.0000e-03 5.2000e-02 5.1000e-02 2.0000e-02 3.4000e-02 7.7000e-02
CUB028 8.0000e-03 3.5700e-01 5.5000e-02 2.4000e-02 4.3000e-02 7.3000e-02
CUB029 6.9900e-01 1.0000e-03 7.8200e-01 5.4800e-01 4.0900e-01 8.1400e-01
CUB032 4.6900e-01 1.0000e-03 9.9900e-01 8.2900e-01 6.2300e-01 9.5700e-01
CUB033 6.5100e-01 4.0000e-03 3.5500e-01 2.6700e-01 2.1500e-01 4.1600e-01
CUB036 4.8300e-01 3.0000e-03 2.8700e-01 1.5800e-01 1.3800e-01 3.1800e-01
CUB037 4.8700e-01 1.0000e-03 2.0800e-01 7.9000e-02 5.6000e-02 2.5100e-01
CUB038 6.6900e-01 1.0000e-03 7.9800e-01 5.9700e-01 4.2900e-01 8.2500e-01
CUB040 2.2000e-02 1.3000e-02 1.4900e-01 1.0200e-01 1.6600e-01 1.7500e-01
CUB042 5.1600e-01 6.0000e-03 9.8700e-01 8.8300e-01 7.2600e-01 9.5600e-01
CUB044 7.2000e-02 5.3000e-02 2.7400e-01 2.6700e-01 3.6400e-01 3.0000e-01
CUB048 5.5900e-01 1.0000e-03 9.1500e-01 7.7800e-01 5.9400e-01 9.5700e-01
CUB049 4.2500e-01 8.0000e-03 8.5800e-01 9.3900e-01 9.0100e-01 8.4500e-01
CUB050 4.5000e-02 2.0000e-03 2.8000e-01 2.1800e-01 3.6400e-01 3.1800e-01
CUB051 1.0200e-01 6.0000e-03 3.7100e-01 3.1700e-01 4.4800e-01 4.0700e-01
CUB052 2.9100e-01 1.2000e-02 6.8500e-01 7.8300e-01 9.2400e-01 7.0500e-01
CUB053 2.2400e-01 4.7000e-02 5.1700e-01 5.9500e-01 7.0000e-01 5.5200e-01
CUB056 1.0000e-02 1.5800e-01 5.9000e-02 1.7000e-02 3.7000e-02 7.1000e-02
CUB061 1.5000e-02 3.3000e-02 1.0500e-01 3.3000e-02 6.4000e-02 1.1800e-01
NAU101 1.2000e-01 5.0000e-03 4.7800e-01 4.8500e-01 6.4400e-01 4.8900e-01
NAU102 2.9600e-01 3.0000e-03 7.2600e-01 7.7500e-01 9.5900e-01 6.9800e-01
NAU105 2.0800e-01 3.5000e-02 5.0500e-01 5.2700e-01 6.6500e-01 5.2400e-01
NAU106 5.6900e-01 2.0000e-03 8.6400e-01 6.6400e-01 4.7700e-01 9.2700e-01
NAU107 6.2000e-01 1.0000e-03 2.5700e-01 1.1000e-01 6.4000e-02 3.1200e-01
NAU108 4.4800e-01 3.7000e-02 3.4500e-01 2.8700e-01 2.6200e-01 3.9100e-01
NAU109 2.0000e-03 7.2300e-01 4.0000e-03 1.0000e-03 2.0000e-03 5.0000e-03
NAU110 1.4000e-02 7.4000e-02 8.2000e-02 3.5000e-02 6.5000e-02 1.1600e-01
NAU114 5.1800e-01 3.0000e-03 9.7500e-01 8.3000e-01 6.5600e-01 9.9400e-01
NAU117 5.4900e-01 1.0000e-03 9.2200e-01 7.4000e-01 5.3800e-01 9.5500e-01
NAU121 7.8300e-01 1.0000e-03 3.5500e-01 1.7400e-01 9.6000e-02 4.2700e-01
NAU123 6.7600e-01 5.0000e-03 8.5300e-01 7.2500e-01 6.2600e-01 8.9200e-01
NAU124 3.0000e-03 1.2200e-01 3.6000e-02 1.1000e-02 1.9000e-02 5.2000e-02
NAU129 4.2000e-01 1.0000e-03 9.9700e-01 8.3900e-01 6.3200e-01 9.7400e-01
NAU130 5.2300e-01 3.0000e-03 9.9800e-01 8.8100e-01 7.1600e-01 9.6800e-01
NAU132 8.3000e-02 3.0000e-03 3.9900e-01 3.4300e-01 5.2500e-01 4.3100e-01
NAU133 3.0000e-03 1.8200e-01 1.7000e-02 8.0000e-03 1.0000e-02 3.2000e-02
NAU134 3.0000e-03 8.2500e-01 9.0000e-03 1.0000e-03 2.0000e-03 3.1000e-02
NAU136 2.0700e-01 2.0000e-03 6.5100e-01 6.5900e-01 8.6900e-01 6.5500e-01
NAU139 6.9400e-01 1.0000e-03 7.7200e-01 5.4600e-01 3.6900e-01 7.8000e-01
NAU144 7.1600e-01 1.2000e-02 9.0900e-01 8.0100e-01 6.7500e-01 9.3700e-01
NAU147 9.2200e-01 6.0000e-03 5.9700e-01 4.4500e-01 3.6600e-01 6.0900e-01
NAU148 1.2400e-01 1.8000e-02 4.1200e-01 3.9700e-01 5.2400e-01 4.4100e-01
NAU149 9.0000e-03 6.0900e-01 5.0000e-02 2.4000e-02 3.8000e-02 5.9000e-02
NAU150 6.8600e-01 1.0000e-03 3.2700e-01 1.1500e-01 8.3000e-02 4.0000e-01
NAU153 6.1000e-01 9.0000e-03 3.7100e-01 2.7400e-01 2.5700e-01 4.5000e-01
NAU154 9.4600e-01 3.0000e-03 6.6500e-01 4.9300e-01 3.8800e-01 6.7600e-01
NAU155 6.3700e-01 1.0000e-03 7.5200e-01 4.8900e-01 2.8200e-01 7.8700e-01
NAU157 2.7800e-01 2.4000e-02 6.5200e-01 6.9000e-01 8.2900e-01 6.4600e-01
NAU159 4.0000e-03 1.7500e-01 2.0000e-02 7.0000e-03 1.0000e-02 4.2000e-02
NAU160 4.7400e-01 1.0000e-03 2.8600e-01 1.7600e-01 1.1900e-01 3.2000e-01
NAU161 3.2500e-01 1.0000e-03 8.5600e-01 9.5900e-01 7.9900e-01 8.2200e-01
NAU164 7.1300e-01 3.0000e-03 8.1200e-01 6.7900e-01 5.3400e-01 8.7700e-01
NCS203            2.0000e-03 5.5900e-01 3.7000e-01 2.5000e-01 6.1800e-01
NCS204 2.8982e-04            3.0000e-03 1.0000e-03 4.0000e-03 1.1000e-02
NCS210 5.3685e-01 4.6143e-03            8.9500e-01 7.1700e-01 9.7400e-01
NCS212 3.6279e-01 5.0087e-04 8.7431e-01            7.9600e-01 8.6600e-01
NCS213 2.6199e-01 8.8854e-04 7.2245e-01 7.9685e-01            7.0400e-01
NCS214 5.9881e-01 9.1706e-03 9.7443e-01 8.5724e-01 7.2113e-01           
NCS233 7.6202e-01 1.8300e-02 8.5377e-01 7.4743e-01 6.3799e-01 8.8663e-01
NCS234 5.4973e-01 3.5348e-04 8.9845e-01 7.2125e-01 5.4671e-01 9.3827e-01
NCS237 1.3097e-02 4.9548e-08 6.7288e-03 5.4939e-04 3.1732e-04 1.4639e-02
NCS243 2.8392e-02 1.8614e-02 1.6505e-01 1.0280e-01 1.6154e-01 1.9848e-01
NCS248 2.0530e-01 1.7871e-03 6.2635e-01 6.7919e-01 8.7121e-01 6.3289e-01
NCS253 6.8742e-02 4.3986e-07 2.8247e-02 4.6771e-03 2.6847e-03 4.9426e-02
NCS255 5.0016e-01 2.4607e-05 9.0484e-01 6.8772e-01 4.8524e-01 9.4706e-01
NCS263 2.3147e-03 8.4078e-01 1.7267e-02 5.5203e-03 8.3145e-03 2.8343e-02
           NCS233     NCS234     NCS237     NCS243     NCS248     NCS253
CUB000 4.1300e-01 2.3400e-01 2.0000e-03 4.0200e-01 7.0100e-01 1.0000e-03
CUB003 9.1000e-02 1.0000e-02 4.8800e-01 1.0000e-03 4.0000e-03 8.8200e-01
CUB004 6.3000e-01 5.2500e-01 2.0000e-03 1.7900e-01 9.0400e-01 3.0000e-03
CUB007 7.9800e-01 5.9900e-01 9.0000e-03 2.6000e-02 1.9800e-01 4.5000e-02
CUB008 1.4200e-01 3.9000e-02 1.0000e-03 8.5300e-01 1.7500e-01 1.0000e-03
CUB009 2.8800e-01 1.1000e-01 2.4600e-01 5.0000e-03 3.0000e-02 6.4900e-01
CUB010 5.8800e-01 3.6600e-01 4.3000e-02 1.6000e-02 1.2100e-01 1.7300e-01
CUB011 7.2500e-01 5.6400e-01 7.1000e-02 8.4000e-02 2.3600e-01 2.0400e-01
CUB012 3.4100e-01 1.5300e-01 1.0000e-03 5.8400e-01 5.5800e-01 1.0000e-03
CUB015 1.6800e-01 5.6000e-02 5.0100e-01 1.0000e-03 1.8000e-02 9.8700e-01
CUB016 8.2200e-01 8.3900e-01 4.0000e-03 1.0800e-01 6.1400e-01 1.0000e-02
CUB017 7.0500e-01 6.7700e-01 1.0000e-03 1.1900e-01 7.3200e-01 2.0000e-03
CUB019 3.0700e-01 1.6400e-01 4.8400e-01 2.8000e-02 7.1000e-02 8.6000e-01
CUB026 1.5000e-02 1.0000e-03 1.0000e-03 7.0000e-03 1.0000e-03 1.0000e-03
CUB027 1.1200e-01 7.0000e-03 1.0000e-03 5.8400e-01 6.9000e-02 1.0000e-03
CUB028 9.7000e-02 1.5000e-02 1.0000e-03 4.0000e-01 6.3000e-02 1.0000e-03
CUB029 9.8100e-01 8.1800e-01 2.0000e-03 3.4000e-02 3.3800e-01 1.8000e-02
CUB032 8.5500e-01 8.8000e-01 1.0000e-03 5.3000e-02 5.2900e-01 3.0000e-03
CUB033 5.1400e-01 3.3400e-01 2.0600e-01 4.8000e-02 1.7400e-01 4.7300e-01
CUB036 4.4900e-01 2.6400e-01 2.2900e-01 4.0000e-02 9.7000e-02 5.2800e-01
CUB037 4.2400e-01 1.4700e-01 3.7000e-02 6.0000e-03 3.8000e-02 2.2700e-01
CUB038 9.9500e-01 8.6100e-01 4.0000e-03 3.8000e-02 3.5100e-01 1.2000e-02
CUB040 2.1200e-01 4.6000e-02 1.0000e-03 9.0000e-01 2.3700e-01 1.0000e-03
CUB042 8.4200e-01 8.7300e-01 8.0000e-03 1.3700e-01 5.9800e-01 2.2000e-02
CUB044 2.9500e-01 1.5100e-01 1.0000e-03 8.2400e-01 4.5800e-01 2.0000e-03
CUB048 9.0300e-01 9.7900e-01 2.0000e-03 9.7000e-02 5.2900e-01 1.2000e-02
CUB049 7.3500e-01 7.3000e-01 8.0000e-03 2.4700e-01 7.9800e-01 9.0000e-03
CUB050 3.3500e-01 1.1600e-01 1.0000e-03 4.8000e-01 4.7000e-01 1.0000e-03
CUB051 3.9800e-01 1.7800e-01 1.0000e-03 5.7500e-01 5.6300e-01 1.0000e-03
CUB052 5.9400e-01 5.5500e-01 3.0000e-03 3.2600e-01 9.8300e-01 6.0000e-03
CUB053 4.9400e-01 4.5100e-01 4.0000e-03 5.9800e-01 7.9100e-01 5.0000e-03
CUB056 1.1000e-01 9.0000e-03 1.0000e-03 3.9100e-01 6.1000e-02 1.0000e-03
CUB061 1.7100e-01 2.9000e-02 1.0000e-03 6.6500e-01 1.1300e-01 1.0000e-03
NAU101 4.5700e-01 2.9300e-01 2.0000e-03 3.4200e-01 7.5800e-01 1.0000e-03
NAU102 6.8000e-01 5.6200e-01 1.0000e-03 2.4600e-01 9.2300e-01 3.0000e-03
NAU105 4.8600e-01 3.4000e-01 6.0000e-03 6.0800e-01 7.3000e-01 7.0000e-03
NAU106 9.3800e-01 9.7100e-01 2.0000e-03 3.7000e-02 3.9500e-01 6.0000e-03
NAU107 5.0800e-01 2.1300e-01 1.6000e-02 3.0000e-03 4.6000e-02 9.7000e-02
NAU108 3.6500e-01 3.1500e-01 8.0500e-01 1.2400e-01 2.0100e-01 9.5500e-01
NAU109 1.7000e-02 1.0000e-03 1.0000e-03 1.6000e-02 3.0000e-03 1.0000e-03
NAU110 1.3100e-01 2.2000e-02 1.0000e-03 6.3000e-01 9.3000e-02 1.0000e-03
NAU114 8.8900e-01 9.1600e-01 3.0000e-03 8.5000e-02 5.3900e-01 1.5000e-02
NAU117 8.9300e-01 9.7200e-01 3.0000e-03 5.1000e-02 4.9400e-01 8.0000e-03
NAU121 6.2800e-01 3.2000e-01 1.0000e-02 5.0000e-03 8.1000e-02 8.1000e-02
NAU123 9.7200e-01 9.3900e-01 1.6000e-02 1.5900e-01 5.0300e-01 4.1000e-02
NAU124 7.7000e-02 5.0000e-03 1.0000e-03 3.6400e-01 4.3000e-02 1.0000e-03
NAU129 8.3100e-01 8.5900e-01 1.0000e-03 4.8000e-02 5.1900e-01 1.0000e-03
NAU130 8.4300e-01 8.9400e-01 4.0000e-03 1.5600e-01 5.9300e-01 2.1000e-02
NAU132 3.9100e-01 1.8800e-01 1.0000e-03 3.6000e-01 6.6800e-01 1.0000e-03
NAU133 5.4000e-02 3.0000e-03 1.0000e-03 2.0900e-01 2.1000e-02 1.0000e-03
NAU134 4.5000e-02 2.0000e-03 1.0000e-03 3.3000e-02 6.0000e-03 1.0000e-03
NAU136 5.8000e-01 4.6600e-01 1.0000e-03 2.2400e-01 9.9700e-01 5.0000e-03
NAU139 9.7300e-01 8.2900e-01 4.0000e-03 3.6000e-02 3.3000e-01 1.6000e-02
NAU144 9.6300e-01 9.6300e-01 2.6000e-02 1.9800e-01 5.8100e-01 8.3000e-02
NAU147 7.3700e-01 5.8000e-01 8.5000e-02 9.1000e-02 2.9400e-01 2.2600e-01
NAU148 3.9600e-01 2.5200e-01 2.0000e-03 6.1100e-01 6.0900e-01 1.0000e-03
NAU149 6.9000e-02 8.0000e-03 1.0000e-03 3.1100e-01 5.5000e-02 1.0000e-03
NAU150 5.7400e-01 2.6000e-01 1.5000e-02 5.0000e-03 6.1000e-02 1.2000e-01
NAU153 5.1300e-01 3.5100e-01 3.0900e-01 7.7000e-02 1.9000e-01 5.7900e-01
NAU154 8.5500e-01 6.6300e-01 2.9000e-02 6.9000e-02 3.1400e-01 1.0100e-01
NAU155 9.8700e-01 7.9300e-01 2.0000e-03 9.0000e-03 2.2800e-01 5.0000e-03
NAU157 5.8800e-01 5.1900e-01 7.0000e-03 4.6100e-01 9.2200e-01 1.1000e-02
NAU159 7.5000e-02 6.0000e-03 1.0000e-03 1.2500e-01 1.9000e-02 1.0000e-03
NAU160 4.3200e-01 2.5700e-01 2.5900e-01 3.3000e-02 9.2000e-02 5.6800e-01
NAU161 7.2200e-01 6.4900e-01 1.0000e-03 3.9000e-02 6.5600e-01 1.0000e-03
NAU164 1.0000e+00 8.7800e-01 1.1000e-02 8.5000e-02 4.5300e-01 3.3000e-02
NCS203 7.7200e-01 5.5200e-01 1.3000e-02 3.2000e-02 2.1300e-01 7.0000e-02
NCS204 1.7000e-02 1.0000e-03 1.0000e-03 2.4000e-02 4.0000e-03 1.0000e-03
NCS210 8.5700e-01 9.0900e-01 1.0000e-02 1.8000e-01 6.5100e-01 2.7000e-02
NCS212 7.4000e-01 7.2400e-01 1.0000e-03 1.0500e-01 6.6900e-01 3.0000e-03
NCS213 6.6000e-01 5.6700e-01 2.0000e-03 1.6300e-01 8.8700e-01 2.0000e-03
NCS214 8.8400e-01 9.4400e-01 1.8000e-02 1.9600e-01 6.2600e-01 4.2000e-02
NCS233            9.2700e-01 4.6000e-02 2.4200e-01 5.5900e-01 1.1100e-01
NCS234 9.1319e-01            6.0000e-03 5.6000e-02 4.3300e-01 5.0000e-03
NCS237 4.6097e-02 1.5131e-03            1.0000e-03 1.0000e-03 3.2700e-01
NCS243 2.1466e-01 6.0261e-02 1.3955e-05            2.2900e-01 1.0000e-03
NCS248 5.5784e-01 4.5042e-01 2.4546e-04 2.2649e-01            1.0000e-03
NCS253 1.1733e-01 1.1513e-02 3.1430e-01 1.1361e-04 1.9272e-03           
NCS255 9.0185e-01 9.8098e-01 2.6793e-04 2.4818e-02 3.9668e-01 4.0384e-03
NCS263 3.9163e-02 3.3247e-03 8.3966e-06 6.7809e-02 1.1123e-02 2.8759e-05
           NCS255 NCS263
CUB000 1.8000e-01  0.017
CUB003 5.0000e-03  0.001
CUB004 4.6000e-01  0.004
CUB007 5.3500e-01  0.003
CUB008 1.8000e-02  0.096
CUB009 1.0100e-01  0.004
CUB010 3.4200e-01  0.003
CUB011 5.3200e-01  0.008
CUB012 1.1600e-01  0.030
CUB015 3.6000e-02  0.001
CUB016 8.1800e-01  0.005
CUB017 6.6500e-01  0.005
CUB019 1.9600e-01  0.004
CUB026 1.0000e-03  0.876
CUB027 5.0000e-03  0.110
CUB028 6.0000e-03  0.427
CUB029 7.4100e-01  0.001
CUB032 8.6400e-01  0.003
CUB033 3.7500e-01  0.005
CUB036 2.5500e-01  0.010
CUB037 1.2900e-01  0.001
CUB038 8.1200e-01  0.002
CUB040 2.6000e-02  0.029
CUB042 8.8100e-01  0.013
CUB044 1.2800e-01  0.080
CUB048 1.0000e+00  0.004
CUB049 7.0100e-01  0.022
CUB050 7.7000e-02  0.015
CUB051 1.3800e-01  0.031
CUB052 5.6100e-01  0.019
CUB053 4.0600e-01  0.081
CUB056 4.0000e-03  0.271
CUB061 1.1000e-02  0.126
NAU101 2.2700e-01  0.014
NAU102 5.2900e-01  0.016
NAU105 3.2500e-01  0.079
NAU106 9.5300e-01  0.001
NAU107 1.7400e-01  0.001
NAU108 3.2700e-01  0.044
NAU109 1.0000e-03  0.960
NAU110 1.3000e-02  0.149
NAU114 9.3900e-01  0.005
NAU117 9.8800e-01  0.001
NAU121 2.5600e-01  0.001
NAU123 9.0100e-01  0.013
NAU124 4.0000e-03  0.212
NAU129 8.6900e-01  0.003
NAU130 8.8700e-01  0.008
NAU132 1.1600e-01  0.008
NAU133 3.0000e-03  0.304
NAU134 1.0000e-03  0.746
NAU136 3.6900e-01  0.012
NAU139 7.6900e-01  0.003
NAU144 9.4900e-01  0.026
NAU147 5.3300e-01  0.014
NAU148 2.0700e-01  0.039
NAU149 1.4000e-02  0.585
NAU150 1.9100e-01  0.001
NAU153 3.8700e-01  0.011
NAU154 6.5900e-01  0.003
NAU155 7.3600e-01  0.001
NAU157 5.2500e-01  0.052
NAU159 1.0000e-03  0.337
NAU160 2.2500e-01  0.003
NAU161 5.4700e-01  0.003
NAU164 8.5800e-01  0.006
NCS203 5.1700e-01  0.003
NCS204 1.0000e-03  0.839
NCS210 9.0800e-01  0.009
NCS212 6.9600e-01  0.001
NCS213 4.9500e-01  0.003
NCS214 9.4900e-01  0.021
NCS233 9.0900e-01  0.044
NCS234 9.7900e-01  0.002
NCS237 1.0000e-03  0.001
NCS243 2.5000e-02  0.067
NCS248 4.4100e-01  0.013
NCS253 2.0000e-03  0.001
NCS255             0.002
NCS263 1.1494e-03       
