#SampleID	CU	NAU	NCS
G10414	0.27	0.672	0.058
G10403	0.308	0.648	0.044
G11185	0.304	0.634	0.062
G11014	0.274	0.694	0.032
G10896	0.468	0.478	0.054
G10876	0.53	0.39	0.08
G11301	0.438	0.448	0.114
G10443	0.246	0.67	0.084
G10948	0.322	0.594	0.084
G10655	0.202	0.676	0.122
G10616	0.102	0.82	0.078
G11103	0.372	0.542	0.086
G10481	0.224	0.676	0.1
G10590	0.46	0.364	0.176
G11142	0.164	0.734	0.102
G11588	0.39	0.526	0.084
G10748	0.51	0.384	0.106
G10188	0.73	0.202	0.068
G11245	0.316	0.53	0.154
G10946	0.19	0.724	0.086
G10169	0.514	0.402	0.084
G11130	0.178	0.726	0.096
G10813	0.606	0.308	0.086
G10604	0.198	0.72	0.082
G11438	0.148	0.75	0.102
G10150	0.378	0.44	0.182
G11172	0.146	0.778	0.076
G11398	0.354	0.446	0.2
G10884	0.354	0.484	0.162
G10794	0.624	0.27	0.106
G10429	0.232	0.67	0.098
G11122	0.36	0.5	0.14
G11471	0.366	0.354	0.28
G10902	0.334	0.59	0.076
G11178	0.272	0.626	0.102
G11484	0.224	0.724	0.052
G11364	0.32	0.384	0.296
G10164	0.65	0.286	0.064
G10112	0.47	0.436	0.094
G10688	0.218	0.642	0.14
G10679	0.418	0.412	0.17
G11112	0.234	0.672	0.094
G10982	0.262	0.602	0.136
G10499	0.292	0.61	0.098
G10303	0.332	0.52	0.148
G11145	0.402	0.51	0.088
G11190	0.288	0.646	0.066
G11057	0.2	0.652	0.148
G11536	0.592	0.25	0.158
G10474	0.25	0.62	0.13
G10495	0.266	0.596	0.138
G10130	0.586	0.326	0.088
G10488	0.176	0.794	0.03
G10969	0.144	0.762	0.094
G10451	0.254	0.65	0.096
G10893	0.474	0.418	0.108
G10624	0.26	0.61	0.13
G10883	0.376	0.518	0.106
G11383	0.276	0.3	0.424
G11575	0.59	0.328	0.082
G11119	0.344	0.522	0.134
G11318	0.35	0.416	0.234
G11213	0.176	0.748	0.076
G10678	0.178	0.67	0.152
G10766	0.66	0.298	0.042
G10918	0.304	0.624	0.072
G10798	0.528	0.32	0.152
G10487	0.228	0.698	0.074
G10932	0.486	0.354	0.16
G11174	0.278	0.65	0.072
G11062	0.298	0.626	0.076
G10689	0.288	0.562	0.15
G10008	0.342	0.556	0.102
G10178	0.692	0.25	0.058
G11107	0.294	0.6	0.106
G10930	0.198	0.652	0.15
G10613	0.264	0.584	0.152
G11147	0.368	0.536	0.096
G10582	0.55	0.334	0.116
G10956	0.182	0.76	0.058
G11470	0.192	0.644	0.164
G11578	0.704	0.192	0.104
G10396	0.274	0.424	0.302
G10672	0.248	0.646	0.106
G10912	0.474	0.42	0.106
G10963	0.37	0.54	0.09
G11453	0.374	0.324	0.302
G11541	0.51	0.334	0.156
G10118	0.536	0.384	0.08
G10102	0.528	0.276	0.196
G10131	0.658	0.268	0.074
G11587	0.54	0.356	0.104
G10115	0.594	0.276	0.13
G11238	0.236	0.614	0.15
G11136	0.318	0.572	0.11
G10970	0.384	0.544	0.072
G10468	0.294	0.594	0.112
G11526	0.388	0.476	0.136
G11156	0.214	0.63	0.156
G10866	0.364	0.462	0.174
G10111	0.486	0.436	0.078
G11562	0.642	0.298	0.06
G11386	0.406	0.262	0.332
G11385	0.322	0.504	0.174
G11567	0.672	0.252	0.076
G10775	0.536	0.412	0.052
G10739	0.506	0.394	0.1
G10339	0.226	0.33	0.444
G10133	0.474	0.432	0.094
G10887	0.59	0.324	0.086
G11184	0.372	0.47	0.158
G10971	0.366	0.446	0.188
G11406	0.342	0.474	0.184
G10687	0.25	0.674	0.076
G10860	0.644	0.266	0.09
G11196	0.258	0.692	0.05
G10712	0.348	0.526	0.126
G11551	0.524	0.368	0.108
G10783	0.548	0.414	0.038
G11351	0.384	0.258	0.358
G10640	0.508	0.422	0.07
G11070	0.296	0.646	0.058
G10020	0.462	0.376	0.162
G10862	0.356	0.488	0.156
G11461	0.236	0.31	0.454
G10998	0.292	0.658	0.05
G11516	0.534	0.336	0.13
G10322	0.2	0.242	0.558
G10665	0.318	0.614	0.068
G11139	0.378	0.496	0.126
G10923	0.32	0.486	0.194
G11015	0.296	0.616	0.088
G11547	0.534	0.39	0.076
G10972	0.326	0.63	0.044
G10174	0.602	0.292	0.106
G11571	0.548	0.402	0.05
G10815	0.47	0.356	0.174
G10356	0.258	0.428	0.314
G11540	0.548	0.358	0.094
G10630	0.246	0.682	0.072
G10891	0.666	0.294	0.04
G10944	0.28	0.654	0.066
G11128	0.272	0.624	0.104
G11189	0.404	0.524	0.072
G10018	0.256	0.238	0.506
G10681	0.28	0.67	0.05
G11440	0.356	0.372	0.272
G10949	0.3	0.514	0.186
G10166	0.568	0.36	0.072
G10905	0.46	0.478	0.062
G11367	0.218	0.432	0.35
G11188	0.258	0.686	0.056
G10631	0.37	0.474	0.156
G10101	0.574	0.3	0.126
G11520	0.484	0.404	0.112
G10367	0.38	0.242	0.378
G10975	0.246	0.686	0.068
G10635	0.26	0.662	0.078
G10116	0.59	0.334	0.076
G11207	0.346	0.546	0.108
G10877	0.51	0.456	0.034
G11143	0.362	0.49	0.148
G10603	0.37	0.534	0.096
G10929	0.298	0.592	0.11
G10664	0.248	0.632	0.12
G10460	0.356	0.568	0.076
G10842	0.258	0.52	0.222
G10691	0.374	0.538	0.088
G11146	0.296	0.55	0.154
G10417	0.292	0.57	0.138
G10014	0.3	0.52	0.18
G11214	0.186	0.706	0.108
G10338	0.35	0.402	0.248
G10733	0.564	0.336	0.1
G10865	0.348	0.51	0.142
G10489	0.168	0.758	0.074
G10785	0.72	0.226	0.054
G10910	0.324	0.57	0.106
G10409	0.352	0.488	0.16
G11203	0.332	0.612	0.056
G10677	0.286	0.566	0.148
G10878	0.36	0.426	0.214
G11514	0.818	0.136	0.046
G10466	0.28	0.568	0.152
G10744	0.59	0.288	0.122
G10662	0.316	0.578	0.106
G10511	0.786	0.178	0.036
G10428	0.286	0.588	0.126
G10602	0.282	0.628	0.09
G11159	0.34	0.604	0.056
G10476	0.23	0.682	0.088
G11224	0.328	0.568	0.104
G11034	0.306	0.56	0.134
G10786	0.578	0.35	0.072
G10444	0.268	0.616	0.116
G11415	0.31	0.346	0.344
G10325	0.352	0.298	0.35
G10892	0.76	0.206	0.034
G10897	0.468	0.41	0.122
G11258	0.256	0.624	0.12
G11152	0.298	0.478	0.224
G10753	0.676	0.21	0.114
G11585	0.466	0.36	0.174
G10825	0.634	0.228	0.138
G11319	0.342	0.372	0.286
G10995	0.336	0.494	0.17
G11403	0.356	0.368	0.276
G10801	0.434	0.458	0.108
G10157	0.49	0.412	0.098
G10776	0.598	0.322	0.08
G11504	0.7	0.24	0.06
G11179	0.226	0.72	0.054
G10538	0.664	0.252	0.084
G11280	0.38	0.584	0.036
G11419	0.244	0.578	0.178
G10492	0.17	0.776	0.054
G11110	0.286	0.624	0.09
G11202	0.252	0.688	0.06
G10702	0.648	0.308	0.044
G10473	0.296	0.616	0.088
G11008	0.276	0.692	0.032
G10496	0.404	0.46	0.136
G10810	0.476	0.466	0.058
G11228	0.228	0.618	0.154
G11226	0.316	0.65	0.034
G11545	0.536	0.326	0.138
G10663	0.288	0.564	0.148
G11532	0.612	0.336	0.052
G10121	0.416	0.398	0.186
G11460	0.294	0.564	0.142
G10654	0.224	0.7	0.076
G11193	0.294	0.576	0.13
G10799	0.774	0.164	0.062
G11524	0.76	0.188	0.052
G11140	0.298	0.674	0.028
G11555	0.416	0.378	0.206
G10600	0.154	0.782	0.064
G10820	0.676	0.268	0.056
G10774	0.468	0.468	0.064
G10197	0.626	0.248	0.126
G11298	0.184	0.742	0.074
G10419	0.41	0.406	0.184
G10637	0.254	0.576	0.17
G11582	0.498	0.464	0.038
G10462	0.24	0.67	0.09
G10705	0.524	0.394	0.082
G10818	0.654	0.268	0.078
G10104	0.534	0.404	0.062
G10914	0.352	0.578	0.07
G10980	0.282	0.64	0.078
G10406	0.206	0.652	0.142
G11124	0.296	0.632	0.072
G11546	0.71	0.228	0.062
G11123	0.436	0.488	0.076
G10389	0.492	0.358	0.15
G10353	0.392	0.242	0.366
G11407	0.356	0.482	0.162
G11528	0.592	0.37	0.038
G10161	0.58	0.34	0.08
G10771	0.514	0.406	0.08
G11598	0.668	0.256	0.076
G11242	0.272	0.67	0.058
G10808	0.336	0.526	0.138
G10880	0.39	0.444	0.166
G10392	0.272	0.466	0.262
G11129	0.348	0.462	0.19
G11424	0.418	0.342	0.24
G10358	0.222	0.56	0.218
G10402	0.272	0.592	0.136
G10754	0.428	0.464	0.108
G10954	0.442	0.434	0.124
G10176	0.506	0.416	0.078
G11496	0.24	0.316	0.444
G11206	0.216	0.672	0.112
G11168	0.272	0.546	0.182
G10831	0.47	0.414	0.116
G11428	0.168	0.346	0.486
G10139	0.364	0.456	0.18
G10330	0.242	0.222	0.536
G11433	0.366	0.358	0.276
G10899	0.448	0.366	0.186
G10336	0.358	0.238	0.404
G10888	0.494	0.366	0.14
G11278	0.188	0.664	0.148
G11485	0.358	0.19	0.452
G10989	0.124	0.806	0.07
G11436	0.336	0.426	0.238
G11004	0.26	0.626	0.114
G11125	0.342	0.492	0.166
G10796	0.52	0.362	0.118
G10399	0.298	0.524	0.178
G10007	0.314	0.32	0.366
G10868	0.386	0.478	0.136
G10136	0.554	0.378	0.068
G11565	0.332	0.53	0.138
G10671	0.274	0.584	0.142
G10471	0.276	0.612	0.112
G11506	0.518	0.3	0.182
G10313	0.316	0.414	0.27
G10441	0.26	0.668	0.072
G10992	0.196	0.654	0.15
G11413	0.36	0.366	0.274
G11336	0.318	0.488	0.194
G11169	0.254	0.574	0.172
G10764	0.47	0.424	0.106
G10927	0.402	0.444	0.154
G10190	0.552	0.354	0.094
G10617	0.354	0.494	0.152
G10575	0.484	0.376	0.14
G10812	0.286	0.588	0.126
G10634	0.398	0.532	0.07
G11505	0.514	0.35	0.136
G10760	0.702	0.18	0.118
G10784	0.48	0.43	0.09
G10609	0.338	0.554	0.108
G10693	0.392	0.516	0.092
G11322	0.24	0.42	0.34
G10757	0.398	0.376	0.226
G11167	0.226	0.656	0.118
G11175	0.39	0.502	0.108
G10709	0.466	0.31	0.224
G11186	0.178	0.722	0.1
G11569	0.526	0.286	0.188
G10714	0.608	0.288	0.104
G11019	0.356	0.54	0.104
G10996	0.19	0.756	0.054
G10721	0.646	0.298	0.056
G11010	0.414	0.45	0.136
G10657	0.19	0.74	0.07
G10965	0.296	0.52	0.184
G11529	0.548	0.374	0.078
G10737	0.544	0.394	0.062
G10147	0.726	0.222	0.052
G10198	0.592	0.332	0.076
G10103	0.602	0.288	0.11
G10828	0.488	0.386	0.126
G11458	0.422	0.378	0.2
G10309	0.332	0.276	0.392
G10599	0.424	0.398	0.178
G10974	0.25	0.638	0.112
G10173	0.324	0.552	0.124
G10002	0.28	0.538	0.182
G11267	0.2	0.7	0.1
G10780	0.414	0.492	0.094
G10968	0.326	0.528	0.146
G10993	0.21	0.716	0.074
G10162	0.526	0.37	0.104
G11408	0.238	0.562	0.2
G11197	0.396	0.49	0.114
G11490	0.39	0.426	0.184
G11065	0.414	0.468	0.118
G11158	0.328	0.502	0.17
G11154	0.178	0.718	0.104
G10861	0.28	0.56	0.16
G11491	0.428	0.364	0.208
G11170	0.17	0.768	0.062
G10107	0.506	0.33	0.164
G11234	0.228	0.634	0.138
G10605	0.308	0.558	0.134
G11394	0.226	0.558	0.216
G11457	0.386	0.434	0.18
G10871	0.32	0.474	0.206
G10795	0.6	0.316	0.084
G10193	0.568	0.376	0.056
G11260	0.246	0.658	0.096
G10628	0.318	0.584	0.098
G10606	0.244	0.65	0.106
G10195	0.604	0.322	0.074
G11150	0.174	0.684	0.142
G11361	0.332	0.522	0.146
G11047	0.326	0.546	0.128
G11223	0.29	0.638	0.072
G11370	0.324	0.37	0.306
G10997	0.238	0.686	0.076
G10874	0.68	0.234	0.086
G11323	0.41	0.378	0.212
G10856	0.388	0.512	0.1
G11151	0.232	0.648	0.12
G11580	0.54	0.39	0.07
G10945	0.234	0.65	0.116
G10022	0.32	0.556	0.124
G10684	0.286	0.644	0.07
G11568	0.422	0.288	0.29
G10526	0.67	0.26	0.07
G10340	0.436	0.366	0.198
G11191	0.186	0.688	0.126
G11561	0.476	0.45	0.074
G10167	0.33	0.528	0.142
G10184	0.632	0.318	0.05
G10435	0.376	0.48	0.144
G11199	0.226	0.664	0.11
G10840	0.538	0.388	0.074
G10745	0.446	0.42	0.134
G10119	0.47	0.412	0.118
G11194	0.228	0.638	0.134
G10966	0.578	0.27	0.152
G10187	0.472	0.456	0.072
G10113	0.714	0.236	0.05
G10472	0.324	0.628	0.048
G10021	0.392	0.466	0.142
G10749	0.772	0.156	0.072
G10497	0.288	0.666	0.046
G10484	0.292	0.62	0.088
G10034	0.322	0.454	0.224
G10756	0.468	0.406	0.126
G10846	0.638	0.286	0.076
G10494	0.298	0.64	0.062
G11352	0.318	0.462	0.22
G10615	0.37	0.588	0.042
G11183	0.298	0.646	0.056
G11549	0.53	0.384	0.086
G10180	0.686	0.238	0.076
G10651	0.432	0.464	0.104
G10809	0.52	0.4	0.08
G10191	0.484	0.446	0.07
G10779	0.612	0.276	0.112
G10669	0.332	0.634	0.034
G10412	0.166	0.796	0.038
G11508	0.628	0.276	0.096
G11423	0.398	0.346	0.256
G10941	0.286	0.64	0.074
G10137	0.574	0.394	0.032
G10647	0.312	0.632	0.056
G10400	0.296	0.634	0.07
G10787	0.578	0.264	0.158
G11510	0.594	0.354	0.052
G11482	0.486	0.384	0.13
G11030	0.322	0.57	0.108
G11477	0.496	0.292	0.212
G10752	0.726	0.226	0.048
G10959	0.336	0.526	0.138
G10735	0.736	0.216	0.048
G10682	0.36	0.522	0.118
G11599	0.416	0.424	0.16
G10981	0.26	0.654	0.086
G10416	0.3	0.63	0.07
G10192	0.61	0.22	0.17
G10000	0.402	0.43	0.168
G11581	0.67	0.286	0.044
G10643	0.28	0.54	0.18
G11344	0.388	0.458	0.154
G10680	0.254	0.684	0.062
G11548	0.762	0.204	0.034
G11120	0.344	0.456	0.2
G10853	0.698	0.24	0.062
G11230	0.234	0.636	0.13
G10819	0.53	0.338	0.132
G11552	0.656	0.276	0.068
G11023	0.34	0.604	0.056
G10670	0.324	0.646	0.03
G11090	0.334	0.564	0.102
G11501	0.69	0.236	0.074
G10614	0.292	0.598	0.11
G10387	0.418	0.378	0.204
G10700	0.418	0.42	0.162
G10156	0.734	0.2	0.066
G10967	0.592	0.326	0.082
G11494	0.426	0.384	0.19
G10026	0.374	0.326	0.3
G10940	0.368	0.602	0.03
G10448	0.348	0.568	0.084
G10935	0.578	0.342	0.08
G10889	0.59	0.288	0.122
G11563	0.534	0.392	0.074
G10769	0.586	0.252	0.162
G11456	0.274	0.45	0.276
G11489	0.434	0.32	0.246
G10987	0.364	0.606	0.03
G10676	0.374	0.588	0.038
G10903	0.352	0.502	0.146
G10911	0.524	0.374	0.102
G10917	0.48	0.41	0.11
G11522	0.548	0.408	0.044
G10163	0.59	0.316	0.094
G10621	0.356	0.546	0.098
G11239	0.202	0.738	0.06
G10922	0.262	0.692	0.046
G11553	0.626	0.334	0.04
G10632	0.194	0.718	0.088
G10425	0.386	0.532	0.082
G10960	0.29	0.58	0.13
G10704	0.546	0.342	0.112
G10128	0.448	0.404	0.148
G10373	0.324	0.258	0.418
G10126	0.432	0.438	0.13
G10707	0.516	0.424	0.06
G10458	0.268	0.648	0.084
G10921	0.33	0.566	0.104
G11045	0.398	0.516	0.086
G11210	0.352	0.584	0.064
G10175	0.586	0.258	0.156
G10976	0.302	0.538	0.16
G11426	0.272	0.668	0.06
G10836	0.69	0.24	0.07
G10485	0.336	0.568	0.096
G10827	0.528	0.404	0.068
G11349	0.26	0.444	0.296
G10696	0.242	0.71	0.048
G10329	0.302	0.238	0.46
G10145	0.594	0.358	0.048
G10763	0.678	0.272	0.05
G10459	0.352	0.52	0.128
G10642	0.176	0.576	0.248
G11163	0.27	0.652	0.078
G10939	0.214	0.696	0.09
G10833	0.396	0.442	0.162
G10962	0.38	0.528	0.092
G11269	0.328	0.604	0.068
G10153	0.562	0.368	0.07
G11005	0.39	0.514	0.096
G10619	0.32	0.594	0.086
G10612	0.274	0.668	0.058
G11227	0.266	0.612	0.122
G11131	0.316	0.614	0.07
G10675	0.244	0.702	0.054
G11222	0.298	0.594	0.108
G11517	0.654	0.282	0.064
G11007	0.186	0.734	0.08
G10649	0.366	0.578	0.056
G10741	0.61	0.336	0.054
G10498	0.334	0.586	0.08
G11325	0.352	0.318	0.33
G11311	0.526	0.304	0.17
G10426	0.306	0.522	0.172
G10316	0.314	0.486	0.2
G11176	0.338	0.578	0.084
G10867	0.418	0.474	0.108
G11328	0.312	0.554	0.134
G10151	0.646	0.282	0.072
G11118	0.38	0.514	0.106
G11309	0.302	0.352	0.346
G10950	0.174	0.77	0.056
G11217	0.256	0.566	0.178
G10936	0.266	0.602	0.132
G11348	0.266	0.58	0.154
G10449	0.444	0.444	0.112
G11006	0.416	0.496	0.088
G10841	0.538	0.42	0.042
G11312	0.282	0.414	0.304
G11296	0.268	0.626	0.106
G10852	0.5	0.418	0.082
G10456	0.222	0.65	0.128
G10152	0.462	0.43	0.108
G11559	0.304	0.41	0.286
G11371	0.27	0.522	0.208
G11487	0.382	0.316	0.302
G10332	0.402	0.484	0.114
G10012	0.322	0.434	0.244
G10890	0.486	0.366	0.148
G10311	0.402	0.38	0.218
G11148	0.176	0.75	0.074
G11523	0.434	0.402	0.164
G10168	0.59	0.262	0.148
G11080	0.316	0.584	0.1
G10830	0.416	0.416	0.168
G11001	0.216	0.702	0.082
G11389	0.304	0.544	0.152
G11542	0.426	0.418	0.156
G11153	0.218	0.682	0.1
G11117	0.224	0.688	0.088
G10659	0.468	0.456	0.076
G10983	0.228	0.696	0.076
G11166	0.316	0.588	0.096
G10625	0.422	0.526	0.052
G10750	0.66	0.302	0.038
G11530	0.628	0.266	0.106
G11573	0.526	0.382	0.092
G10542	0.622	0.274	0.104
G11063	0.308	0.594	0.098
G10698	0.22	0.646	0.134
G11164	0.206	0.66	0.134
G10743	0.488	0.406	0.106
G10132	0.622	0.276	0.102
G10843	0.336	0.558	0.106
G10906	0.26	0.598	0.142
G11162	0.276	0.638	0.086
G10697	0.374	0.472	0.154
G10182	0.682	0.248	0.07
G11307	0.348	0.336	0.316
G10847	0.434	0.474	0.092
G10742	0.606	0.298	0.096
G10032	0.39	0.458	0.152
G11211	0.218	0.688	0.094
G10618	0.404	0.492	0.104
G11544	0.33	0.572	0.098
G11027	0.22	0.612	0.168
G11276	0.146	0.786	0.068
G10470	0.204	0.7	0.096
G10380	0.498	0.314	0.188
G10715	0.606	0.292	0.102
G11097	0.248	0.626	0.126
G11108	0.254	0.646	0.1
G11418	0.342	0.392	0.266
G10978	0.342	0.594	0.064
G11286	0.174	0.76	0.066
G11570	0.406	0.482	0.112
G10692	0.244	0.662	0.094
G11236	0.31	0.588	0.102
G11500	0.61	0.292	0.098
G10850	0.314	0.522	0.164
G10822	0.71	0.178	0.112
G10433	0.236	0.662	0.102
G10879	0.378	0.486	0.136
G10955	0.466	0.446	0.088
G11379	0.394	0.508	0.098
G10650	0.196	0.76	0.044
G10408	0.226	0.71	0.064
G10751	0.436	0.408	0.156
G10765	0.568	0.342	0.09
G10854	0.306	0.532	0.162
G10165	0.584	0.284	0.132
G10601	0.404	0.544	0.052
G11557	0.346	0.552	0.102
G10937	0.342	0.588	0.07
G11171	0.188	0.744	0.068
G11480	0.27	0.314	0.416
G10436	0.282	0.586	0.132
G11411	0.438	0.394	0.168
G10477	0.312	0.56	0.128
G10656	0.294	0.638	0.068
G10658	0.3	0.61	0.09
G11518	0.682	0.21	0.108
G10928	0.302	0.614	0.084
G10695	0.306	0.598	0.096
G10135	0.57	0.364	0.066
G10824	0.542	0.368	0.09
G10023	0.426	0.472	0.102
G11554	0.672	0.262	0.066
G11104	0.35	0.592	0.058
G10386	0.526	0.348	0.126
G10142	0.422	0.32	0.258
G10913	0.582	0.254	0.164
G10629	0.292	0.634	0.074
G10703	0.668	0.252	0.08
G10181	0.51	0.356	0.134
G10430	0.272	0.63	0.098
G11101	0.292	0.636	0.072
G10364	0.426	0.224	0.35
G10469	0.204	0.722	0.074
G11498	0.226	0.29	0.484
G10407	0.18	0.786	0.034
G11000	0.182	0.708	0.11
G11003	0.296	0.612	0.092
G10143	0.742	0.176	0.082
G10859	0.48	0.464	0.056
G11132	0.27	0.636	0.094
G11550	0.512	0.41	0.078
G10952	0.592	0.334	0.074
G10608	0.186	0.744	0.07
G10108	0.482	0.466	0.052
G11512	0.69	0.256	0.054
G11208	0.346	0.586	0.068
G11198	0.464	0.464	0.072
G11138	0.366	0.57	0.064
G11013	0.264	0.678	0.058
G11018	0.244	0.678	0.078
G11574	0.516	0.434	0.05
G11368	0.35	0.358	0.292
G10732	0.57	0.386	0.044
G10420	0.144	0.798	0.058
G10722	0.676	0.236	0.088
G10523	0.616	0.332	0.052
G11503	0.594	0.326	0.08
G10713	0.59	0.34	0.07
G11353	0.434	0.444	0.122
G11597	0.668	0.258	0.074
G11016	0.304	0.636	0.06
G10855	0.492	0.41	0.098
G10800	0.73	0.206	0.064
G11187	0.394	0.492	0.114
G10791	0.672	0.27	0.058
G11116	0.252	0.698	0.05
G10500	0.492	0.37	0.138
G11229	0.218	0.744	0.038
G10185	0.566	0.306	0.128
G10129	0.452	0.4	0.148
G11012	0.332	0.564	0.104
G11020	0.42	0.51	0.07
G10438	0.272	0.65	0.078
G10773	0.64	0.278	0.082
G11462	0.226	0.366	0.408
G10158	0.57	0.384	0.046
G10661	0.524	0.406	0.07
G11285	0.356	0.596	0.048
G10573	0.492	0.48	0.028
G10413	0.182	0.776	0.042
G10718	0.628	0.31	0.062
G11002	0.4	0.55	0.05
G10768	0.502	0.414	0.084
G10155	0.63	0.282	0.088
G11079	0.326	0.582	0.092
G11216	0.276	0.616	0.108
G11447	0.486	0.394	0.12
G10660	0.206	0.58	0.214
G10761	0.542	0.396	0.062
G10755	0.572	0.346	0.082
G10611	0.304	0.626	0.07
G10924	0.328	0.622	0.05
G11141	0.39	0.578	0.032
G10368	0.24	0.384	0.376
G10986	0.21	0.726	0.064
G10127	0.6	0.332	0.068
G10898	0.632	0.284	0.084
G10146	0.696	0.234	0.07
G10610	0.348	0.606	0.046
G11448	0.372	0.386	0.242
G10171	0.6	0.346	0.054
G11144	0.276	0.63	0.094
G11255	0.34	0.618	0.042
G11533	0.724	0.2	0.076
G10872	0.384	0.538	0.078
G10359	0.388	0.454	0.158
G10123	0.414	0.47	0.116
G10907	0.296	0.626	0.078
G10581	0.6	0.366	0.034
G10531	0.58	0.378	0.042
G10885	0.558	0.348	0.094
G10394	0.524	0.408	0.068
G10031	0.464	0.402	0.134
G10179	0.596	0.344	0.06
G10105	0.618	0.284	0.098
G10793	0.542	0.39	0.068
G10666	0.338	0.592	0.07
G10558	0.502	0.444	0.054
G10724	0.442	0.448	0.11
G11589	0.592	0.332	0.076
G11127	0.326	0.624	0.05
G11215	0.236	0.7	0.064
G10144	0.7	0.236	0.064
G10138	0.48	0.452	0.068
G11558	0.664	0.286	0.05
G10720	0.56	0.394	0.046
G10685	0.446	0.448	0.106
G10140	0.558	0.37	0.072
G11330	0.31	0.524	0.166
G11182	0.22	0.726	0.054
G11556	0.56	0.394	0.046
G10931	0.358	0.59	0.052
G10778	0.594	0.324	0.082
G10991	0.262	0.7	0.038
G10725	0.65	0.31	0.04
G10442	0.412	0.522	0.066
G10351	0.24	0.278	0.482
G10706	0.66	0.236	0.104
G10478	0.262	0.702	0.036
G11572	0.638	0.286	0.076
G11511	0.572	0.354	0.074
G10759	0.722	0.236	0.042
G11417	0.208	0.254	0.538
G10730	0.532	0.436	0.032
G11306	0.328	0.426	0.246
G11081	0.284	0.674	0.042
G10595	0.77	0.164	0.066
G10934	0.266	0.686	0.048
G10990	0.34	0.58	0.08
G10838	0.59	0.352	0.058
G10404	0.42	0.52	0.06
G10782	0.43	0.478	0.092
G11527	0.756	0.218	0.026
G11292	0.292	0.634	0.074
G10482	0.24	0.724	0.036
G10694	0.29	0.626	0.084
G11283	0.354	0.552	0.094
G11009	0.386	0.534	0.08
G10797	0.62	0.292	0.088
G10082	0.316	0.248	0.436
G11161	0.284	0.648	0.068
G11564	0.532	0.396	0.072
G10199	0.754	0.208	0.038
G10690	0.284	0.658	0.058
G10125	0.62	0.316	0.064
G10964	0.374	0.582	0.044
G11584	0.54	0.384	0.076
G10483	0.18	0.806	0.014
G10490	0.23	0.746	0.024
G11052	0.282	0.6	0.118
G10415	0.192	0.782	0.026
G10875	0.632	0.328	0.04
G10881	0.584	0.364	0.052
G10447	0.25	0.706	0.044
G10431	0.374	0.538	0.088
G11590	0.45	0.48	0.07
G11084	0.362	0.596	0.042
G11212	0.408	0.508	0.084
G11596	0.784	0.192	0.024
G11195	0.348	0.568	0.084
G10149	0.522	0.4	0.078
G10728	0.63	0.322	0.048
G10994	0.48	0.472	0.048
G11149	0.462	0.464	0.074
G10148	0.596	0.316	0.088
G10455	0.3	0.65	0.05
G10646	0.314	0.634	0.052
G11137	0.268	0.692	0.04
G10951	0.26	0.646	0.094
G10806	0.686	0.27	0.044
G10961	0.336	0.614	0.05
G10738	0.532	0.362	0.106
G10977	0.43	0.506	0.064
G11535	0.726	0.234	0.04
G11100	0.366	0.594	0.04
G10863	0.49	0.436	0.074
G11225	0.246	0.696	0.058
G10100	0.772	0.182	0.046
G10916	0.442	0.484	0.074
G10638	0.296	0.582	0.122
G10845	0.622	0.3	0.078
G10639	0.348	0.584	0.068
G10177	0.51	0.452	0.038
G10823	0.602	0.304	0.094
G10849	0.634	0.318	0.048
G10189	0.746	0.21	0.044
G10710	0.686	0.262	0.052
G11409	0.552	0.332	0.116
G11583	0.652	0.264	0.084
G10804	0.62	0.344	0.036
G10636	0.438	0.518	0.044
G10423	0.272	0.71	0.018
G10349	0.3	0.342	0.358
F05497	0.428	0.476	0.096
F05425	0.29	0.656	0.054
F05456	0.172	0.792	0.036
F05252	0.252	0.694	0.054
F05453	0.428	0.452	0.12
F05389	0.336	0.44	0.224
F06282	0.284	0.682	0.034
F05821	0.248	0.712	0.04
F06286	0.32	0.518	0.162
F06208	0.25	0.65	0.1
F06598	0.49	0.358	0.152
F06127	0.628	0.246	0.126
F05884	0.318	0.494	0.188
F05295	0.376	0.502	0.122
F06216	0.288	0.64	0.072
F05486	0.198	0.686	0.116
F05961	0.342	0.224	0.434
F05828	0.434	0.514	0.052
F05936	0.384	0.22	0.396
F05100	0.312	0.558	0.13
F05282	0.19	0.732	0.078
F05373	0.276	0.402	0.322
F06162	0.47	0.364	0.166
F06577	0.55	0.368	0.082
F05443	0.32	0.62	0.06
F05646	0.496	0.39	0.114
F05925	0.254	0.258	0.488
F05365	0.336	0.358	0.306
F05490	0.294	0.576	0.13
F05620	0.542	0.376	0.082
F06447	0.646	0.248	0.106
F05024	0.32	0.288	0.392
F05157	0.396	0.468	0.136
F05268	0.248	0.53	0.222
F06366	0.534	0.31	0.156
F06468	0.57	0.32	0.11
F05382	0.29	0.192	0.518
F06414	0.652	0.298	0.05
F05106	0.236	0.622	0.142
F05255	0.348	0.424	0.228
F05966	0.396	0.186	0.418
F05903	0.294	0.352	0.354
F05628	0.566	0.348	0.086
F05974	0.294	0.312	0.394
F06294	0.228	0.698	0.074
F06584	0.63	0.192	0.178
F05458	0.424	0.486	0.09
F06015	0.392	0.204	0.404
F05060	0.246	0.362	0.392
F05629	0.504	0.436	0.06
F06581	0.554	0.29	0.156
F06386	0.496	0.418	0.086
F05523	0.222	0.682	0.096
F06528	0.626	0.29	0.084
F06436	0.6	0.308	0.092
F06562	0.428	0.396	0.176
F06582	0.69	0.216	0.094
F06219	0.458	0.384	0.158
F06407	0.588	0.218	0.194
F05980	0.29	0.366	0.344
F05321	0.33	0.38	0.29
F06443	0.546	0.35	0.104
F05923	0.416	0.302	0.282
F05850	0.408	0.496	0.096
F06186	0.654	0.244	0.102
F05510	0.286	0.596	0.118
F05442	0.262	0.496	0.242
F05433	0.298	0.58	0.122
F06560	0.482	0.372	0.146
F05520	0.254	0.654	0.092
F06055	0.288	0.32	0.392
F05120	0.354	0.52	0.126
F06005	0.354	0.392	0.254
F05984	0.372	0.18	0.448
F05813	0.292	0.634	0.074
F05471	0.284	0.654	0.062
F05227	0.244	0.626	0.13
F05003	0.39	0.294	0.316
F06370	0.674	0.278	0.048
F06264	0.408	0.506	0.086
F06522	0.646	0.3	0.054
F05973	0.298	0.272	0.43
F06492	0.636	0.25	0.114
F06001	0.334	0.304	0.362
F05232	0.18	0.738	0.082
F05606	0.63	0.264	0.106
F05995	0.306	0.42	0.274
F06503	0.49	0.396	0.114
F06466	0.668	0.236	0.096
F05656	0.508	0.402	0.09
F06465	0.596	0.306	0.098
F05207	0.238	0.69	0.072
F06352	0.59	0.318	0.092
F05909	0.366	0.226	0.408
F05857	0.434	0.44	0.126
F05901	0.378	0.29	0.332
F05288	0.216	0.688	0.096
F06451	0.678	0.26	0.062
F06514	0.442	0.5	0.058
F06546	0.708	0.222	0.07
F05387	0.296	0.382	0.322
F06574	0.624	0.288	0.088
F05866	0.226	0.7	0.074
F06550	0.586	0.292	0.122
F05986	0.304	0.36	0.336
F05418	0.384	0.45	0.166
F05436	0.348	0.53	0.122
F05200	0.258	0.652	0.09
F05689	0.564	0.296	0.14
F05556	0.348	0.592	0.06
F06493	0.552	0.284	0.164
F06019	0.338	0.16	0.502
F06385	0.602	0.296	0.102
F05937	0.41	0.294	0.296
F06464	0.456	0.474	0.07
F05088	0.27	0.126	0.604
F06204	0.228	0.534	0.238
F06293	0.224	0.69	0.086
F05807	0.366	0.572	0.062
F05449	0.382	0.57	0.048
F06332	0.562	0.252	0.186
F06335	0.41	0.392	0.198
F05669	0.52	0.312	0.168
F06106	0.554	0.312	0.134
F05253	0.178	0.746	0.076
F06597	0.554	0.37	0.076
F05637	0.37	0.45	0.18
F05625	0.512	0.42	0.068
F06432	0.576	0.342	0.082
F06232	0.262	0.616	0.122
F05648	0.544	0.334	0.122
F05105	0.246	0.664	0.09
F06501	0.654	0.218	0.128
F05503	0.31	0.506	0.184
F05138	0.212	0.644	0.144
F05867	0.436	0.472	0.092
F06382	0.51	0.33	0.16
F05852	0.424	0.514	0.062
F05839	0.152	0.746	0.102
F05410	0.224	0.594	0.182
F05836	0.246	0.606	0.148
F06524	0.63	0.182	0.188
F05847	0.19	0.636	0.174
F05941	0.372	0.356	0.272
F06445	0.53	0.382	0.088
F05858	0.234	0.55	0.216
F05898	0.366	0.5	0.134
F06429	0.564	0.334	0.102
F05819	0.302	0.606	0.092
F06439	0.542	0.292	0.166
F05209	0.342	0.55	0.108
F05064	0.286	0.236	0.478
F05672	0.654	0.264	0.082
F05511	0.326	0.52	0.154
F06306	0.498	0.386	0.116
F05874	0.292	0.59	0.118
F06059	0.274	0.366	0.36
F06437	0.47	0.368	0.162
F06009	0.292	0.308	0.4
F05101	0.23	0.628	0.142
F06241	0.234	0.654	0.112
F06563	0.514	0.298	0.188
F05314	0.292	0.34	0.368
F05242	0.196	0.718	0.086
F06435	0.62	0.292	0.088
F05500	0.322	0.548	0.13
F05890	0.394	0.526	0.08
F05091	0.278	0.31	0.412
F05815	0.236	0.67	0.094
F05451	0.254	0.632	0.114
F05276	0.28	0.63	0.09
F05435	0.316	0.578	0.106
F06391	0.564	0.252	0.184
F05447	0.282	0.634	0.084
F06310	0.484	0.416	0.1
F06109	0.542	0.376	0.082
F05802	0.224	0.666	0.11
F05812	0.292	0.65	0.058
F06362	0.578	0.268	0.154
F05063	0.35	0.316	0.334
F05835	0.26	0.568	0.172
F06453	0.59	0.252	0.158
F05855	0.372	0.518	0.11
F06541	0.504	0.366	0.13
F06311	0.566	0.266	0.168
F05638	0.378	0.41	0.212
F06537	0.588	0.292	0.12
F06398	0.614	0.222	0.164
F05247	0.34	0.536	0.124
F05661	0.446	0.364	0.19
F05845	0.224	0.678	0.098
F06458	0.62	0.252	0.128
F05879	0.126	0.798	0.076
F05622	0.612	0.296	0.092
F05177	0.358	0.562	0.08
F05400	0.328	0.56	0.112
F06336	0.564	0.266	0.17
F06343	0.604	0.31	0.086
F05803	0.184	0.732	0.084
F06471	0.48	0.382	0.138
F05117	0.204	0.686	0.11
F05684	0.552	0.292	0.156
F06312	0.24	0.54	0.22
F05206	0.264	0.594	0.142
F05158	0.288	0.606	0.106
F06462	0.494	0.378	0.128
F05692	0.41	0.486	0.104
F05094	0.284	0.378	0.338
F05697	0.588	0.318	0.094
F05495	0.328	0.492	0.18
F05989	0.434	0.252	0.314
F05912	0.312	0.292	0.396
F05008	0.31	0.312	0.378
F06599	0.458	0.392	0.15
F06075	0.264	0.3	0.436
F05555	0.312	0.54	0.148
F05536	0.278	0.594	0.128
F06002	0.26	0.402	0.338
F06295	0.354	0.534	0.112
F05475	0.172	0.724	0.104
F05668	0.462	0.378	0.16
F05076	0.386	0.254	0.36
F05521	0.328	0.494	0.178
F05533	0.232	0.528	0.24
F06526	0.478	0.31	0.212
F06031	0.436	0.336	0.228
F05216	0.266	0.616	0.118
F06022	0.256	0.2	0.544
F06365	0.372	0.292	0.336
F05077	0.254	0.36	0.386
F06045	0.314	0.33	0.356
F05469	0.296	0.604	0.1
F05572	0.404	0.494	0.102
F05685	0.522	0.298	0.18
F05170	0.27	0.626	0.104
F05910	0.33	0.414	0.256
F05927	0.322	0.32	0.358
F05920	0.414	0.36	0.226
F05650	0.446	0.48	0.074
F05599	0.314	0.536	0.15
F05542	0.368	0.482	0.15
F05676	0.554	0.366	0.08
F05875	0.248	0.662	0.09
F05987	0.34	0.28	0.38
F06367	0.386	0.482	0.132
F06305	0.502	0.408	0.09
F05897	0.478	0.342	0.18
F06559	0.39	0.408	0.202
F05108	0.226	0.646	0.128
F05671	0.57	0.31	0.12
F06123	0.53	0.366	0.104
F06012	0.2	0.396	0.404
F06034	0.292	0.374	0.334
F05233	0.23	0.676	0.094
F05439	0.31	0.572	0.118
F06139	0.656	0.254	0.09
F05591	0.31	0.534	0.156
F06377	0.49	0.412	0.098
F05474	0.304	0.566	0.13
F05405	0.274	0.626	0.1
F06092	0.358	0.138	0.504
F05834	0.366	0.4	0.234
F05674	0.394	0.486	0.12
F05065	0.386	0.288	0.326
F05515	0.23	0.668	0.102
F05236	0.272	0.598	0.13
F05229	0.25	0.6	0.15
F05993	0.286	0.474	0.24
F05041	0.226	0.32	0.454
F05031	0.228	0.416	0.356
F06057	0.318	0.212	0.47
F05049	0.32	0.14	0.54
F05626	0.61	0.25	0.14
F06261	0.382	0.548	0.07
F05219	0.29	0.616	0.094
F05513	0.23	0.658	0.112
F06265	0.354	0.556	0.09
F05660	0.556	0.352	0.092
F06063	0.242	0.308	0.45
F05969	0.402	0.254	0.344
F05682	0.482	0.364	0.154
F05833	0.334	0.532	0.134
F06320	0.546	0.38	0.074
F05621	0.454	0.446	0.1
F06428	0.46	0.432	0.108
F05893	0.262	0.618	0.12
F05876	0.304	0.606	0.09
F06556	0.474	0.462	0.064
F05409	0.222	0.648	0.13
F05690	0.526	0.35	0.124
F05583	0.242	0.68	0.078
F06060	0.234	0.32	0.446
F06441	0.606	0.258	0.136
F05416	0.454	0.418	0.128
F06290	0.194	0.698	0.108
F05816	0.42	0.414	0.166
F06476	0.664	0.186	0.15
F05034	0.272	0.166	0.562
F06490	0.69	0.24	0.07
F06349	0.518	0.394	0.088
F06555	0.56	0.374	0.066
F05990	0.352	0.396	0.252
F05444	0.33	0.572	0.098
F06449	0.594	0.346	0.06
F05012	0.352	0.278	0.37
F06263	0.354	0.542	0.104
F06296	0.202	0.698	0.1
F06201	0.294	0.608	0.098
F06361	0.594	0.308	0.098
F06495	0.45	0.422	0.128
F05639	0.59	0.272	0.138
F05576	0.348	0.572	0.08
F05887	0.332	0.528	0.14
F06085	0.28	0.35	0.37
F05403	0.418	0.452	0.13
F05287	0.264	0.636	0.1
F05869	0.356	0.48	0.164
F05957	0.348	0.426	0.226
F06342	0.604	0.286	0.11
F06489	0.576	0.282	0.142
F06299	0.19	0.698	0.112
F05036	0.368	0.478	0.154
F05126	0.434	0.442	0.124
F06416	0.662	0.278	0.06
F06384	0.47	0.39	0.14
F06356	0.56	0.296	0.144
F05431	0.34	0.522	0.138
F05574	0.3	0.582	0.118
F05463	0.25	0.658	0.092
F06119	0.414	0.432	0.154
F05932	0.434	0.262	0.304
F05466	0.304	0.516	0.18
F06520	0.512	0.418	0.07
F05485	0.46	0.464	0.076
F06425	0.464	0.34	0.196
F05092	0.298	0.308	0.394
F05537	0.32	0.6	0.08
F06334	0.466	0.39	0.144
F05814	0.306	0.586	0.108
F06051	0.246	0.144	0.61
F05546	0.366	0.512	0.122
F05964	0.336	0.402	0.262
F05053	0.376	0.342	0.282
F06469	0.57	0.292	0.138
F06583	0.474	0.398	0.128
F06217	0.434	0.486	0.08
F05351	0.386	0.39	0.224
F06575	0.676	0.212	0.112
F05476	0.302	0.612	0.086
F05056	0.308	0.55	0.142
F05151	0.34	0.542	0.118
F05050	0.294	0.304	0.402
F06340	0.464	0.382	0.154
F05570	0.376	0.544	0.08
F06210	0.3	0.542	0.158
F05438	0.268	0.64	0.092
F05213	0.366	0.45	0.184
F05069	0.324	0.306	0.37
F06307	0.58	0.328	0.092
F06357	0.51	0.422	0.068
F06509	0.434	0.36	0.206
F05357	0.426	0.218	0.356
F05630	0.582	0.276	0.142
F06287	0.254	0.626	0.12
F06402	0.616	0.3	0.084
F05862	0.294	0.612	0.094
F05902	0.238	0.488	0.274
F06250	0.238	0.726	0.036
F05496	0.364	0.456	0.18
F06499	0.59	0.308	0.102
F05479	0.326	0.552	0.122
F05039	0.256	0.19	0.554
F05519	0.306	0.574	0.12
F06446	0.494	0.388	0.118
F06474	0.628	0.286	0.086
F05806	0.37	0.464	0.166
F06440	0.626	0.254	0.12
F06346	0.59	0.272	0.138
F06317	0.51	0.288	0.202
F06072	0.31	0.11	0.58
F05293	0.312	0.56	0.128
F05554	0.292	0.508	0.2
F06519	0.586	0.256	0.158
F05256	0.352	0.488	0.16
F05665	0.48	0.326	0.194
F06097	0.274	0.436	0.29
F05028	0.376	0.352	0.272
F06039	0.406	0.298	0.296
F06585	0.56	0.292	0.148
F06531	0.67	0.224	0.106
F05162	0.284	0.536	0.18
F06500	0.572	0.362	0.066
F05550	0.332	0.578	0.09
F06271	0.27	0.582	0.148
F05644	0.586	0.28	0.134
F05543	0.326	0.62	0.054
F05810	0.342	0.582	0.076
F06209	0.266	0.632	0.102
F05808	0.418	0.468	0.114
F05452	0.282	0.594	0.124
F06413	0.624	0.278	0.098
F05590	0.292	0.546	0.162
F05571	0.274	0.632	0.094
F05851	0.354	0.478	0.168
F05849	0.224	0.678	0.098
F05404	0.468	0.472	0.06
F06270	0.334	0.518	0.148
F06024	0.39	0.31	0.3
F06467	0.654	0.254	0.092
F05211	0.348	0.548	0.104
F06508	0.702	0.234	0.064
F06491	0.562	0.316	0.122
F06404	0.504	0.31	0.186
F05043	0.29	0.444	0.266
F05921	0.364	0.336	0.3
F05647	0.524	0.38	0.096
F05613	0.44	0.43	0.13
F05609	0.454	0.43	0.116
F05199	0.384	0.532	0.084
F06068	0.354	0.29	0.356
F05030	0.278	0.454	0.268
F05328	0.426	0.332	0.242
F05487	0.302	0.63	0.068
F05843	0.27	0.488	0.242
F05038	0.254	0.246	0.5
F05694	0.41	0.376	0.214
F06339	0.348	0.49	0.162
F05871	0.272	0.562	0.166
F05654	0.606	0.212	0.182
F05688	0.346	0.442	0.212
F05009	0.28	0.366	0.354
F05864	0.28	0.578	0.142
F05133	0.316	0.494	0.19
F05865	0.392	0.466	0.142
F05907	0.374	0.368	0.258
F05062	0.272	0.412	0.316
F05985	0.302	0.398	0.3
F06473	0.366	0.442	0.192
F06460	0.586	0.276	0.138
F05086	0.32	0.236	0.444
F06211	0.266	0.556	0.178
F05114	0.32	0.614	0.066
F05643	0.384	0.514	0.102
F05649	0.444	0.37	0.186
F05340	0.344	0.27	0.386
F05587	0.216	0.652	0.132
F06223	0.266	0.646	0.088
F06433	0.658	0.232	0.11
F05202	0.242	0.598	0.16
F05538	0.588	0.342	0.07
F05826	0.426	0.506	0.068
F05679	0.504	0.34	0.156
F06018	0.246	0.112	0.642
F05299	0.454	0.468	0.078
F05059	0.216	0.22	0.564
F06590	0.386	0.394	0.22
F05084	0.374	0.306	0.32
F06044	0.218	0.21	0.572
F05274	0.386	0.48	0.134
F06372	0.29	0.508	0.202
F05294	0.268	0.682	0.05
F06175	0.456	0.45	0.094
F05553	0.368	0.492	0.14
F06510	0.532	0.35	0.118
F06411	0.542	0.356	0.102
F05246	0.212	0.63	0.158
F05509	0.28	0.604	0.116
F06239	0.322	0.612	0.066
F06450	0.48	0.374	0.146
F05468	0.386	0.494	0.12
F06480	0.398	0.396	0.206
F05046	0.366	0.298	0.336
F05544	0.254	0.56	0.186
F05527	0.26	0.666	0.074
F05976	0.368	0.32	0.312
F05402	0.314	0.552	0.134
F06410	0.534	0.354	0.112
F06202	0.464	0.452	0.084
F06330	0.484	0.46	0.056
F06452	0.432	0.4	0.168
F05567	0.32	0.624	0.056
F06338	0.322	0.568	0.11
F06253	0.334	0.604	0.062
F06355	0.464	0.48	0.056
F06479	0.636	0.212	0.152
F05645	0.598	0.302	0.1
F05450	0.454	0.482	0.064
F06530	0.494	0.382	0.124
F06381	0.526	0.306	0.168
F05559	0.246	0.612	0.142
F05635	0.492	0.268	0.24
F06252	0.222	0.666	0.112
F05045	0.434	0.39	0.176
F06565	0.606	0.328	0.066
F06324	0.522	0.38	0.098
F05465	0.244	0.602	0.154
F06405	0.46	0.398	0.142
F05615	0.566	0.342	0.092
F05873	0.386	0.51	0.104
F05604	0.482	0.414	0.104
F06558	0.546	0.316	0.138
F05226	0.33	0.596	0.074
F05881	0.274	0.608	0.118
F05517	0.332	0.532	0.136
F05362	0.242	0.124	0.634
F06102	0.462	0.352	0.186
F05415	0.324	0.57	0.106
F05605	0.422	0.41	0.168
F05611	0.56	0.35	0.09
F05191	0.334	0.464	0.202
F05267	0.274	0.538	0.188
F05021	0.266	0.158	0.576
F05983	0.448	0.378	0.174
F06278	0.238	0.668	0.094
F05507	0.28	0.596	0.124
F06448	0.502	0.398	0.1
F06006	0.29	0.384	0.326
F06333	0.694	0.21	0.096
F06475	0.538	0.322	0.14
F05532	0.362	0.524	0.114
F05001	0.336	0.48	0.184
F05339	0.41	0.382	0.208
F05809	0.404	0.418	0.178
F06529	0.388	0.42	0.192
F05441	0.398	0.498	0.104
F06482	0.448	0.354	0.198
F05506	0.264	0.632	0.104
F06567	0.494	0.42	0.086
F05004	0.368	0.362	0.27
F06062	0.342	0.352	0.306
F05279	0.384	0.452	0.164
F05002	0.188	0.12	0.692
F05619	0.566	0.322	0.112
F06319	0.508	0.342	0.15
F05548	0.346	0.484	0.17
F05058	0.344	0.374	0.282
F05522	0.384	0.454	0.162
F05658	0.534	0.372	0.094
F05612	0.578	0.274	0.148
F05343	0.342	0.558	0.1
F06233	0.322	0.51	0.168
F05557	0.246	0.598	0.156
F05124	0.364	0.488	0.148
F05883	0.386	0.514	0.1
F06196	0.578	0.306	0.116
F05512	0.306	0.606	0.088
F06412	0.706	0.208	0.086
F05838	0.292	0.646	0.062
F05977	0.372	0.412	0.216
F06470	0.476	0.336	0.188
F06064	0.228	0.382	0.39
F06004	0.376	0.3	0.324
F05565	0.428	0.474	0.098
F06420	0.58	0.212	0.208
F06454	0.736	0.214	0.05
F05608	0.738	0.236	0.026
F06456	0.59	0.364	0.046
F05614	0.516	0.382	0.102
F06275	0.286	0.604	0.11
F06543	0.452	0.39	0.158
F06534	0.444	0.478	0.078
F06478	0.526	0.41	0.064
F05888	0.408	0.446	0.146
F05530	0.314	0.536	0.15
F05882	0.318	0.568	0.114
F05454	0.27	0.64	0.09
F05652	0.494	0.394	0.112
F05947	0.326	0.268	0.406
F05446	0.366	0.448	0.186
F05061	0.418	0.458	0.124
F06421	0.43	0.424	0.146
F06302	0.522	0.364	0.114
F05142	0.424	0.416	0.16
F06242	0.238	0.704	0.058
F06457	0.536	0.35	0.114
F05564	0.35	0.55	0.1
F06331	0.438	0.434	0.128
F06288	0.332	0.618	0.05
F06360	0.462	0.408	0.13
F05958	0.26	0.37	0.37
F05029	0.448	0.38	0.172
F05407	0.322	0.62	0.058
F06576	0.564	0.34	0.096
F05361	0.37	0.422	0.208
F06580	0.498	0.366	0.136
F05102	0.574	0.314	0.112
F06276	0.266	0.632	0.102
F06545	0.4	0.536	0.064
F05831	0.374	0.508	0.118
F05659	0.426	0.394	0.18
F05911	0.516	0.202	0.282
F05840	0.23	0.668	0.102
F05432	0.286	0.632	0.082
F06488	0.606	0.238	0.156
F05068	0.388	0.35	0.262
F05075	0.254	0.634	0.112
F05601	0.44	0.436	0.124
F06026	0.362	0.262	0.376
F06082	0.438	0.352	0.21
F06589	0.636	0.236	0.128
F06434	0.4	0.5	0.1
F05822	0.206	0.7	0.094
F05345	0.378	0.322	0.3
F06021	0.334	0.43	0.236
F05534	0.37	0.518	0.112
F05592	0.3	0.61	0.09
F06523	0.444	0.364	0.192
F05412	0.406	0.43	0.164
F06578	0.562	0.294	0.144
F05663	0.376	0.412	0.212
F06166	0.49	0.324	0.186
F06323	0.388	0.452	0.16
F06540	0.454	0.392	0.154
F05830	0.314	0.532	0.154
F06369	0.482	0.424	0.094
F06548	0.59	0.246	0.164
F06389	0.782	0.152	0.066
F06397	0.44	0.414	0.146
F06248	0.332	0.484	0.184
F05461	0.342	0.546	0.112
F05180	0.45	0.416	0.134
F06215	0.52	0.392	0.088
F06226	0.422	0.512	0.066
F05683	0.626	0.284	0.09
F06353	0.366	0.468	0.166
F06303	0.458	0.366	0.176
F05844	0.322	0.628	0.05
F06351	0.342	0.544	0.114
F06094	0.306	0.376	0.318
F05278	0.272	0.63	0.098
F06363	0.346	0.486	0.168
F05472	0.262	0.64	0.098
F06459	0.636	0.254	0.11
F06284	0.45	0.468	0.082
F06481	0.406	0.344	0.25
F06505	0.558	0.326	0.116
F06168	0.424	0.464	0.112
F06268	0.336	0.534	0.13
F06054	0.2	0.36	0.44
F06461	0.56	0.316	0.124
F05595	0.314	0.62	0.066
F05580	0.534	0.406	0.06
F05640	0.448	0.364	0.188
F06400	0.574	0.326	0.1
F06487	0.574	0.3	0.126
F05655	0.418	0.474	0.108
F06224	0.24	0.708	0.052
F05664	0.524	0.278	0.198
F05837	0.276	0.676	0.048
F05841	0.292	0.57	0.138
F06337	0.35	0.474	0.176
F05427	0.236	0.666	0.098
F05429	0.394	0.506	0.1
F05483	0.418	0.508	0.074
F06483	0.554	0.294	0.152
F06485	0.508	0.388	0.104
F05566	0.414	0.538	0.048
F06170	0.536	0.33	0.134
F06424	0.558	0.274	0.168
F06572	0.538	0.302	0.16
F05457	0.318	0.542	0.14
F05322	0.19	0.11	0.7
F06301	0.37	0.568	0.062
F06553	0.478	0.374	0.148
F06291	0.446	0.442	0.112
F06399	0.448	0.398	0.154
F06401	0.592	0.248	0.16
F06269	0.354	0.596	0.05
F05675	0.396	0.49	0.114
F05116	0.326	0.602	0.072
F06285	0.366	0.512	0.122
F06472	0.464	0.418	0.118
F05477	0.304	0.55	0.146
F06517	0.44	0.358	0.202
F05225	0.234	0.63	0.136
F05832	0.464	0.442	0.094
F05423	0.436	0.452	0.112
F06289	0.344	0.554	0.102
F05421	0.372	0.44	0.188
F05111	0.348	0.56	0.092
F05051	0.364	0.36	0.276
F05960	0.288	0.5	0.212
F06329	0.4	0.468	0.132
F06551	0.468	0.396	0.136
F05896	0.362	0.434	0.204
F06181	0.584	0.308	0.108
F05066	0.376	0.416	0.208
F06502	0.45	0.432	0.118
F06378	0.516	0.278	0.206
F05651	0.412	0.462	0.126
F05136	0.348	0.49	0.162
F06093	0.354	0.294	0.352
F05891	0.322	0.574	0.104
F06088	0.384	0.278	0.338
F05597	0.342	0.486	0.172
F05518	0.26	0.592	0.148
F06532	0.344	0.566	0.09
F06354	0.492	0.414	0.094
F05525	0.316	0.544	0.14
F06300	0.234	0.694	0.072
F06511	0.366	0.368	0.266
F05586	0.476	0.41	0.114
F05885	0.254	0.592	0.154
F05430	0.31	0.588	0.102
F05598	0.22	0.688	0.092
F05502	0.422	0.404	0.174
F05145	0.452	0.47	0.078
F05945	0.43	0.422	0.148
F05551	0.408	0.494	0.098
F06536	0.466	0.362	0.172
F05560	0.302	0.558	0.14
F06225	0.316	0.612	0.072
F05470	0.248	0.536	0.216
F06591	0.568	0.274	0.158
F05805	0.128	0.832	0.04
F05183	0.526	0.386	0.088
F05481	0.37	0.524	0.106
F06304	0.504	0.366	0.13
F05529	0.26	0.628	0.112
F05350	0.246	0.516	0.238
F05686	0.454	0.342	0.204
F06292	0.386	0.48	0.134
F05889	0.19	0.678	0.132
F06552	0.482	0.398	0.12
F05540	0.328	0.55	0.122
F06579	0.506	0.418	0.076
F05110	0.358	0.546	0.096
F05155	0.406	0.454	0.14
F05854	0.458	0.424	0.118
F05524	0.25	0.654	0.096
F06259	0.27	0.676	0.054
F05119	0.318	0.502	0.18
F06230	0.296	0.672	0.032
F05870	0.266	0.596	0.138
F06190	0.452	0.434	0.114
F06484	0.466	0.366	0.168
F05582	0.292	0.616	0.092
F06345	0.466	0.398	0.136
F06236	0.258	0.69	0.052
F05693	0.412	0.464	0.124
F05445	0.272	0.64	0.088
F06277	0.332	0.58	0.088
F06052	0.366	0.334	0.3
F06403	0.446	0.314	0.24
F06297	0.32	0.588	0.092
F05607	0.508	0.384	0.108
F05526	0.304	0.648	0.048
F06538	0.378	0.54	0.082
F05848	0.29	0.592	0.118
F05811	0.362	0.54	0.098
F05467	0.352	0.438	0.21
F06220	0.426	0.498	0.076
F06200	0.408	0.424	0.168
F05531	0.326	0.56	0.114
F06326	0.504	0.4	0.096
F05192	0.326	0.538	0.136
F05258	0.176	0.754	0.07
F06542	0.38	0.492	0.128
F05489	0.326	0.578	0.096
F06415	0.448	0.434	0.118
F05681	0.5	0.394	0.106
F06249	0.318	0.58	0.102
F05414	0.228	0.632	0.14
F06419	0.652	0.282	0.066
F05991	0.362	0.442	0.196
F06396	0.55	0.33	0.12
F06257	0.322	0.552	0.126
F06243	0.33	0.582	0.088
F05025	0.278	0.4	0.322
F05861	0.308	0.538	0.154
F05113	0.396	0.498	0.106
F05817	0.292	0.616	0.092
F06244	0.372	0.434	0.194
F05568	0.26	0.552	0.188
F05161	0.268	0.666	0.066
F06237	0.264	0.646	0.09
F05201	0.354	0.494	0.152
F05863	0.368	0.524	0.108
F05636	0.45	0.382	0.168
F06086	0.426	0.324	0.25
F05104	0.454	0.444	0.102
F06557	0.386	0.458	0.156
F05563	0.332	0.506	0.162
F05426	0.33	0.602	0.068
F06564	0.646	0.252	0.102
F06387	0.554	0.37	0.076
F05250	0.394	0.534	0.072
F05928	0.382	0.398	0.22
F06318	0.692	0.25	0.058
F05006	0.478	0.336	0.186
F05455	0.398	0.476	0.126
F06592	0.45	0.37	0.18
F06247	0.368	0.54	0.092
F06212	0.348	0.55	0.102
F05499	0.468	0.434	0.098
F05223	0.362	0.474	0.164
F05424	0.342	0.52	0.138
F06539	0.682	0.276	0.042
F05484	0.342	0.536	0.122
F05265	0.382	0.466	0.152
F05417	0.444	0.438	0.118
F06494	0.552	0.35	0.098
F06549	0.48	0.41	0.11
F05680	0.462	0.352	0.186
F06393	0.428	0.482	0.09
F05109	0.39	0.458	0.152
F05662	0.396	0.504	0.1
F05603	0.45	0.442	0.108
F05624	0.498	0.376	0.126
F05617	0.51	0.356	0.134
F06426	0.388	0.418	0.194
F05401	0.29	0.582	0.128
F05143	0.264	0.686	0.05
F06309	0.648	0.278	0.074
F05894	0.352	0.552	0.096
F06586	0.56	0.296	0.144
F05593	0.482	0.444	0.074
F05482	0.34	0.604	0.056
F06568	0.486	0.402	0.112
F05859	0.214	0.688	0.098
F05448	0.346	0.558	0.096
F05575	0.346	0.54	0.114
F05588	0.438	0.53	0.032
F06423	0.57	0.326	0.104
F06417	0.394	0.452	0.154
F05842	0.28	0.642	0.078
F05516	0.398	0.514	0.088
F05569	0.248	0.676	0.076
F06272	0.314	0.578	0.108
F06504	0.464	0.49	0.046
F06422	0.582	0.322	0.096
F05408	0.316	0.502	0.182
F06498	0.416	0.458	0.126
F05055	0.284	0.504	0.212
F06274	0.398	0.5	0.102
F05419	0.3	0.636	0.064
F05820	0.588	0.396	0.016
F06350	0.592	0.314	0.094
F06533	0.48	0.456	0.064
F05594	0.33	0.572	0.098
F06316	0.362	0.496	0.142
F05562	0.442	0.456	0.102
F06570	0.61	0.36	0.03
F06205	0.31	0.558	0.132
F05825	0.268	0.652	0.08
F05210	0.354	0.538	0.108
F06359	0.544	0.326	0.13
F05804	0.356	0.558	0.086
T20457	0.302	0.442	0.256
T21102	0.196	0.56	0.244
T20433	0.32	0.432	0.248
T21110	0.202	0.68	0.118
T21063	0.214	0.48	0.306
T20907	0.358	0.488	0.154
T20427	0.262	0.564	0.174
T20469	0.346	0.562	0.092
T20410	0.284	0.432	0.284
T20349	0.242	0.42	0.338
T20915	0.446	0.502	0.052
T20536	0.392	0.416	0.192
T20367	0.298	0.498	0.204
T21406	0.334	0.344	0.322
T20494	0.27	0.492	0.238
T21509	0.594	0.328	0.078
T20789	0.546	0.32	0.134
T21128	0.394	0.528	0.078
T21230	0.236	0.6	0.164
T20204	0.406	0.504	0.09
T20697	0.598	0.304	0.098
T20329	0.456	0.51	0.034
T20896	0.244	0.57	0.186
T20971	0.272	0.492	0.236
T20768	0.416	0.43	0.154
T21256	0.242	0.658	0.1
T20603	0.526	0.396	0.078
T21258	0.146	0.69	0.164
T21324	0.328	0.536	0.136
T20547	0.474	0.432	0.094
T20294	0.252	0.5	0.248
T20812	0.426	0.422	0.152
T21438	0.272	0.434	0.294
T20447	0.196	0.504	0.3
T20264	0.24	0.418	0.342
T20057	0.366	0.512	0.122
T21111	0.232	0.598	0.17
T20700	0.372	0.284	0.344
T20215	0.3	0.494	0.206
T21265	0.218	0.664	0.118
T20777	0.516	0.346	0.138
T20744	0.486	0.378	0.136
T20202	0.27	0.616	0.114
T21107	0.438	0.454	0.108
T20300	0.248	0.538	0.214
T20602	0.404	0.466	0.13
T20887	0.446	0.38	0.174
T20343	0.468	0.432	0.1
T20654	0.492	0.352	0.156
T20426	0.326	0.388	0.286
T21071	0.254	0.396	0.35
T20772	0.668	0.286	0.046
T21145	0.294	0.574	0.132
T20860	0.4	0.432	0.168
T20745	0.592	0.318	0.09
T21282	0.414	0.478	0.108
T20695	0.308	0.416	0.276
T20823	0.244	0.594	0.162
T21052	0.242	0.474	0.284
T21143	0.45	0.46	0.09
T20376	0.322	0.542	0.136
T20783	0.412	0.388	0.2
T20599	0.636	0.306	0.058
T20213	0.204	0.654	0.142
T20974	0.372	0.52	0.108
T20473	0.36	0.406	0.234
T20256	0.328	0.532	0.14
T20385	0.314	0.456	0.23
T20559	0.376	0.562	0.062
T20732	0.472	0.398	0.13
T20366	0.362	0.544	0.094
T20961	0.5	0.422	0.078
T21316	0.158	0.728	0.114
T21465	0.406	0.492	0.102
T20317	0.37	0.51	0.12
T20807	0.546	0.31	0.144
T20631	0.342	0.494	0.164
T20843	0.466	0.398	0.136
T20593	0.522	0.332	0.146
T20656	0.3	0.506	0.194
T20967	0.324	0.378	0.298
T21298	0.242	0.552	0.206
T20090	0.286	0.482	0.232
T20933	0.314	0.52	0.166
T20851	0.53	0.352	0.118
T21094	0.276	0.438	0.286
T20625	0.566	0.334	0.1
T21372	0.418	0.472	0.11
T20205	0.404	0.518	0.078
T20537	0.252	0.554	0.194
T20809	0.656	0.228	0.116
T20990	0.516	0.376	0.108
T20803	0.454	0.384	0.162
T20271	0.198	0.686	0.116
T20578	0.282	0.522	0.196
T21108	0.336	0.558	0.106
T20626	0.432	0.418	0.15
T20557	0.29	0.504	0.206
T20522	0.528	0.344	0.128
T20822	0.568	0.344	0.088
T21180	0.192	0.64	0.168
T20306	0.35	0.538	0.112
T20749	0.566	0.382	0.052
T21157	0.368	0.534	0.098
T20667	0.472	0.404	0.124
T20325	0.256	0.518	0.226
T20734	0.656	0.258	0.086
T21190	0.556	0.352	0.092
T21317	0.278	0.53	0.192
T20570	0.276	0.502	0.222
T20303	0.316	0.518	0.166
T20282	0.392	0.542	0.066
T20555	0.48	0.432	0.088
T20802	0.628	0.29	0.082
T20890	0.304	0.494	0.202
T20539	0.484	0.36	0.156
T20571	0.37	0.528	0.102
T20064	0.33	0.456	0.214
T21252	0.288	0.588	0.124
T20634	0.652	0.3	0.048
T21469	0.434	0.352	0.214
T20647	0.318	0.512	0.17
T20322	0.394	0.528	0.078
T21467	0.502	0.416	0.082
T20524	0.55	0.334	0.116
T20360	0.51	0.382	0.108
T20332	0.23	0.456	0.314
T20568	0.224	0.542	0.234
T20906	0.24	0.654	0.106
T20606	0.406	0.518	0.076
T20391	0.4	0.474	0.126
T20323	0.268	0.398	0.334
T20849	0.626	0.32	0.054
T20269	0.342	0.44	0.218
T21327	0.436	0.406	0.158
T20549	0.63	0.272	0.098
T20577	0.448	0.454	0.098
T20309	0.62	0.342	0.038
T20454	0.176	0.46	0.364
T20591	0.532	0.424	0.044
T20242	0.354	0.5	0.146
T20796	0.668	0.24	0.092
T20444	0.414	0.444	0.142
T21178	0.348	0.464	0.188
T21086	0.284	0.434	0.282
T20395	0.23	0.63	0.14
T20569	0.538	0.328	0.134
T20756	0.444	0.418	0.138
T21219	0.25	0.556	0.194
T21118	0.482	0.422	0.096
T21069	0.2	0.556	0.244
T20308	0.57	0.358	0.072
T20983	0.5	0.426	0.074
T20793	0.606	0.34	0.054
T21416	0.306	0.42	0.274
T20688	0.528	0.342	0.13
T21044	0.266	0.536	0.198
T20527	0.496	0.372	0.132
T20248	0.284	0.582	0.134
T20726	0.456	0.448	0.096
T20531	0.524	0.382	0.094
T21386	0.264	0.608	0.128
T20358	0.206	0.65	0.144
T20717	0.518	0.376	0.106
T20296	0.27	0.532	0.198
T21174	0.448	0.446	0.106
T20968	0.258	0.552	0.19
T20550	0.172	0.418	0.41
T21590	0.438	0.474	0.088
T20821	0.404	0.504	0.092
T20579	0.406	0.362	0.232
T20397	0.228	0.652	0.12
T21275	0.314	0.514	0.172
T20415	0.35	0.444	0.206
T20515	0.258	0.518	0.224
T20712	0.566	0.32	0.114
T20060	0.372	0.474	0.154
T21122	0.416	0.482	0.102
T21109	0.304	0.492	0.204
T20406	0.248	0.514	0.238
T20643	0.436	0.428	0.136
T20508	0.33	0.524	0.146
T20762	0.444	0.396	0.16
T21318	0.196	0.648	0.156
T20505	0.396	0.474	0.13
T20290	0.4	0.5	0.1
T20228	0.31	0.394	0.296
T21163	0.252	0.448	0.3
T20203	0.318	0.492	0.19
T21423	0.27	0.472	0.258
T20292	0.246	0.58	0.174
T20594	0.428	0.44	0.132
T21182	0.368	0.494	0.138
T21119	0.372	0.506	0.122
T21172	0.154	0.608	0.238
T20884	0.388	0.406	0.206
T20573	0.414	0.48	0.106
T20224	0.182	0.59	0.228
T20222	0.306	0.544	0.15
T21367	0.2	0.604	0.196
T21307	0.35	0.472	0.178
T20986	0.24	0.558	0.202
T21490	0.264	0.47	0.266
T21048	0.48	0.358	0.162
T20791	0.608	0.312	0.08
T20841	0.464	0.406	0.13
T20888	0.396	0.476	0.128
T20340	0.25	0.556	0.194
T20598	0.386	0.468	0.146
T21013	0.254	0.53	0.216
T20676	0.674	0.288	0.038
T20824	0.502	0.338	0.16
T21193	0.316	0.582	0.102
T21010	0.254	0.408	0.338
T21369	0.36	0.538	0.102
T20219	0.382	0.504	0.114
T20830	0.278	0.578	0.144
T21205	0.34	0.588	0.072
T21153	0.338	0.476	0.186
T21191	0.484	0.374	0.142
T21168	0.328	0.524	0.148
T21149	0.37	0.556	0.074
T20691	0.314	0.532	0.154
T20544	0.484	0.402	0.114
T20916	0.63	0.262	0.108
T20424	0.234	0.454	0.312
T20814	0.518	0.388	0.094
T20417	0.268	0.468	0.264
T20658	0.34	0.488	0.172
T20795	0.62	0.302	0.078
T21302	0.236	0.524	0.24
T20354	0.5	0.428	0.072
T21451	0.39	0.368	0.242
T21314	0.218	0.66	0.122
T20683	0.486	0.416	0.098
T21531	0.504	0.33	0.166
T20840	0.624	0.282	0.094
T21436	0.33	0.4	0.27
T21037	0.194	0.458	0.348
T20478	0.246	0.36	0.394
T21202	0.416	0.494	0.09
T21029	0.22	0.354	0.426
T20600	0.348	0.468	0.184
T20613	0.402	0.488	0.11
T20992	0.21	0.686	0.104
T20438	0.246	0.464	0.29
T20879	0.45	0.462	0.088
T20866	0.506	0.352	0.142
T20759	0.468	0.4	0.132
T20443	0.292	0.484	0.224
T20446	0.256	0.51	0.234
T20229	0.286	0.51	0.204
T20848	0.466	0.438	0.096
T20640	0.202	0.514	0.284
T20693	0.558	0.37	0.072
T20430	0.368	0.452	0.18
T20596	0.664	0.288	0.048
T20532	0.354	0.486	0.16
T20534	0.36	0.508	0.132
T20553	0.56	0.286	0.154
T20660	0.476	0.392	0.132
T21500	0.252	0.3	0.448
T20889	0.342	0.528	0.13
T21479	0.162	0.308	0.53
T20243	0.344	0.434	0.222
T20214	0.476	0.43	0.094
T20315	0.262	0.612	0.126
T20238	0.41	0.5	0.09
T20956	0.274	0.652	0.074
T20483	0.282	0.464	0.254
T21425	0.278	0.388	0.334
T20535	0.588	0.306	0.106
T20900	0.474	0.466	0.06
T20249	0.428	0.484	0.088
T20728	0.466	0.376	0.158
T20514	0.504	0.414	0.082
T20637	0.582	0.4	0.018
T21105	0.478	0.442	0.08
T20993	0.254	0.668	0.078
T20617	0.422	0.458	0.12
T20808	0.48	0.38	0.14
T20080	0.188	0.466	0.346
T20545	0.62	0.3	0.08
T20270	0.378	0.51	0.112
T20595	0.414	0.398	0.188
T20928	0.236	0.512	0.252
T20551	0.462	0.43	0.108
T20689	0.31	0.49	0.2
T20336	0.242	0.584	0.174
T20753	0.332	0.394	0.274
T20428	0.254	0.484	0.262
T20350	0.34	0.51	0.15
T20664	0.296	0.512	0.192
T20268	0.342	0.478	0.18
T20784	0.406	0.458	0.136
T20705	0.44	0.404	0.156
T21335	0.512	0.406	0.082
T21495	0.432	0.414	0.154
T20092	0.232	0.388	0.38
T21563	0.372	0.45	0.178
T20209	0.35	0.504	0.146
T20517	0.65	0.28	0.07
T21483	0.232	0.552	0.216
T21494	0.2	0.464	0.336
T21455	0.394	0.424	0.182
T21141	0.326	0.44	0.234
T20963	0.382	0.508	0.11
T20788	0.626	0.316	0.058
T21124	0.31	0.492	0.198
T21133	0.326	0.526	0.148
T20353	0.352	0.492	0.156
T20909	0.528	0.396	0.076
T21140	0.288	0.544	0.168
T20273	0.642	0.304	0.054
T21330	0.436	0.496	0.068
T21162	0.312	0.536	0.152
T20646	0.432	0.416	0.152
T21131	0.25	0.59	0.16
T20799	0.446	0.44	0.114
T20794	0.48	0.414	0.106
T20957	0.244	0.56	0.196
T21355	0.508	0.436	0.056
T20516	0.714	0.238	0.048
T20947	0.318	0.59	0.092
T21245	0.174	0.664	0.162
T20513	0.526	0.4	0.074
T21088	0.218	0.428	0.354
T20854	0.364	0.41	0.226
T21207	0.246	0.542	0.212
T20767	0.446	0.464	0.09
T20501	0.642	0.28	0.078
T21166	0.288	0.538	0.174
T21036	0.27	0.45	0.28
T20327	0.208	0.654	0.138
T20275	0.324	0.488	0.188
T20480	0.216	0.558	0.226
T20297	0.42	0.498	0.082
T20899	0.346	0.472	0.182
T20484	0.42	0.382	0.198
T21338	0.246	0.532	0.222
T20636	0.52	0.392	0.088
T20944	0.302	0.538	0.16
T20754	0.506	0.342	0.152
T20394	0.264	0.616	0.12
T20721	0.466	0.418	0.116
T21299	0.424	0.492	0.084
T20262	0.464	0.348	0.188
T20283	0.278	0.592	0.13
T20627	0.612	0.306	0.082
T20912	0.276	0.602	0.122
T21385	0.206	0.508	0.286
T20580	0.634	0.3	0.066
T20499	0.272	0.482	0.246
T20719	0.498	0.362	0.14
T20651	0.454	0.462	0.084
T21331	0.16	0.614	0.226
T20533	0.548	0.374	0.078
T20686	0.452	0.414	0.134
T21181	0.142	0.732	0.126
T21091	0.274	0.448	0.278
T21249	0.374	0.492	0.134
T20891	0.32	0.344	0.336
T21305	0.334	0.534	0.132
T20779	0.58	0.37	0.05
T21146	0.302	0.55	0.148
T20857	0.624	0.314	0.062
T21277	0.332	0.54	0.128
T20083	0.296	0.466	0.238
T20743	0.376	0.442	0.182
T21280	0.238	0.642	0.12
T20818	0.454	0.42	0.126
T21475	0.17	0.476	0.354
T21179	0.232	0.622	0.146
T20261	0.444	0.418	0.138
T20659	0.422	0.488	0.09
T20234	0.398	0.528	0.074
T20871	0.486	0.418	0.096
T20463	0.326	0.494	0.18
T20873	0.468	0.408	0.124
T20973	0.194	0.554	0.252
T20895	0.636	0.258	0.106
T20232	0.356	0.516	0.128
T21188	0.23	0.618	0.152
T21025	0.326	0.458	0.216
T20004	0.172	0.444	0.384
T20383	0.406	0.51	0.084
T21441	0.296	0.492	0.212
T20331	0.33	0.586	0.084
T20729	0.582	0.346	0.072
T20310	0.248	0.554	0.198
T21421	0.316	0.55	0.134
T20847	0.42	0.466	0.114
T20221	0.29	0.5	0.21
T20837	0.422	0.506	0.072
T20903	0.456	0.438	0.106
T21201	0.264	0.552	0.184
T21189	0.346	0.57	0.084
T20964	0.486	0.448	0.066
T21452	0.326	0.484	0.19
T20858	0.346	0.478	0.176
T20918	0.506	0.41	0.084
T21138	0.41	0.508	0.082
T20363	0.288	0.482	0.23
T21064	0.352	0.466	0.182
T20267	0.272	0.582	0.146
T20512	0.488	0.398	0.114
T20299	0.228	0.604	0.168
T20572	0.67	0.304	0.026
T21284	0.324	0.528	0.148
T21159	0.436	0.408	0.156
T21432	0.332	0.368	0.3
T20694	0.494	0.396	0.11
T21194	0.268	0.598	0.134
T21164	0.17	0.7	0.13
T20845	0.56	0.368	0.072
T21011	0.182	0.484	0.334
T20959	0.444	0.474	0.082
T20752	0.446	0.44	0.114
T20648	0.548	0.348	0.104
T21594	0.48	0.428	0.092
T21357	0.23	0.656	0.114
T20984	0.41	0.494	0.096
T20095	0.256	0.48	0.264
T20246	0.168	0.694	0.138
T20692	0.322	0.56	0.118
T20098	0.27	0.4	0.33
T21289	0.272	0.53	0.198
T20787	0.344	0.538	0.118
T20733	0.61	0.336	0.054
T20235	0.362	0.454	0.184
T20655	0.338	0.466	0.196
T20352	0.664	0.268	0.068
T20485	0.254	0.416	0.33
T20690	0.424	0.476	0.1
T21568	0.498	0.404	0.098
T20940	0.35	0.54	0.11
T20949	0.284	0.53	0.186
T20699	0.544	0.282	0.174
T21043	0.222	0.458	0.32
T20277	0.218	0.544	0.238
T20920	0.322	0.612	0.066
T20977	0.426	0.47	0.104
T20355	0.352	0.544	0.104
T20966	0.332	0.524	0.144
T20574	0.454	0.39	0.156
T20638	0.326	0.524	0.15
T20319	0.25	0.586	0.164
T21320	0.336	0.516	0.148
T21325	0.228	0.624	0.148
T20255	0.31	0.522	0.168
T20439	0.304	0.474	0.222
T20504	0.434	0.42	0.146
T20930	0.276	0.522	0.202
T20074	0.316	0.41	0.274
T20263	0.23	0.556	0.214
T21134	0.336	0.562	0.102
T21585	0.72	0.244	0.036
T21480	0.204	0.524	0.272
T21449	0.488	0.306	0.206
T20792	0.316	0.534	0.15
T21170	0.226	0.642	0.132
T20240	0.416	0.492	0.092
T21227	0.246	0.59	0.164
T21083	0.324	0.41	0.266
T20639	0.454	0.408	0.138
T20293	0.32	0.524	0.156
T20526	0.448	0.408	0.144
T20677	0.294	0.526	0.18
T21235	0.192	0.684	0.124
T21033	0.338	0.458	0.204
T20804	0.336	0.58	0.084
T20669	0.398	0.504	0.098
T20885	0.55	0.352	0.098
T21333	0.318	0.564	0.118
T20902	0.352	0.584	0.064
T21129	0.228	0.566	0.206
T21492	0.344	0.37	0.286
T20836	0.416	0.448	0.136
T21488	0.236	0.48	0.284
T20231	0.28	0.626	0.094
T20935	0.326	0.52	0.154
T21115	0.242	0.59	0.168
T20341	0.278	0.604	0.118
T20893	0.444	0.47	0.086
T21511	0.506	0.348	0.146
T20400	0.28	0.57	0.15
T20414	0.164	0.506	0.33
T20216	0.312	0.52	0.168
T20079	0.446	0.386	0.168
T21471	0.272	0.51	0.218
T20801	0.54	0.348	0.112
T20244	0.238	0.7	0.062
T20511	0.472	0.36	0.168
T21120	0.39	0.478	0.132
T21407	0.116	0.386	0.498
T20982	0.386	0.522	0.092
T21030	0.318	0.482	0.2
T20946	0.318	0.538	0.144
T20372	0.232	0.568	0.2
T20624	0.452	0.432	0.116
T21042	0.278	0.422	0.3
T20883	0.468	0.464	0.068
T21309	0.278	0.53	0.192
T20989	0.486	0.43	0.084
T20718	0.426	0.428	0.146
T20898	0.374	0.438	0.188
T20506	0.51	0.406	0.084
T20742	0.496	0.408	0.096
T20467	0.292	0.492	0.216
T20583	0.566	0.334	0.1
T21560	0.482	0.418	0.1
T21417	0.254	0.516	0.23
T20259	0.392	0.516	0.092
T21125	0.302	0.566	0.132
T20999	0.37	0.486	0.144
T20662	0.308	0.554	0.138
T20976	0.374	0.498	0.128
T20952	0.372	0.504	0.124
T21160	0.354	0.45	0.196
T21000	0.362	0.51	0.128
T20757	0.414	0.446	0.14
T21311	0.214	0.64	0.146
T21203	0.36	0.528	0.112
T20510	0.556	0.374	0.07
T20945	0.392	0.452	0.156
T20856	0.45	0.444	0.106
T20556	0.644	0.276	0.08
T21060	0.228	0.47	0.302
T21072	0.304	0.492	0.204
T20680	0.266	0.57	0.164
T20280	0.33	0.522	0.148
T21392	0.33	0.57	0.1
T20747	0.26	0.498	0.242
T20291	0.344	0.56	0.096
T21104	0.342	0.596	0.062
T20440	0.29	0.5	0.21
T20786	0.52	0.35	0.13
T20278	0.234	0.568	0.198
T20671	0.424	0.404	0.172
T20865	0.634	0.286	0.08
T20312	0.122	0.704	0.174
T21175	0.458	0.464	0.078
T20519	0.496	0.352	0.152
T20225	0.46	0.468	0.072
T21171	0.162	0.726	0.112
T20960	0.268	0.636	0.096
T20687	0.502	0.412	0.086
T21403	0.34	0.472	0.188
T21197	0.516	0.45	0.034
T21049	0.164	0.374	0.462
T20465	0.242	0.448	0.31
T20948	0.292	0.546	0.162
T20313	0.196	0.692	0.112
T21173	0.288	0.48	0.232
T21468	0.204	0.482	0.314
T20265	0.292	0.574	0.134
T20614	0.38	0.484	0.136
T21003	0.234	0.458	0.308
T20276	0.31	0.6	0.09
T20239	0.556	0.374	0.07
T21139	0.4	0.556	0.044
T20834	0.542	0.374	0.084
T21347	0.38	0.466	0.154
T20434	0.378	0.438	0.184
T21310	0.22	0.614	0.166
T20941	0.528	0.378	0.094
T21184	0.254	0.572	0.174
T21264	0.26	0.576	0.164
T20616	0.32	0.434	0.246
T20407	0.332	0.458	0.21
T20298	0.326	0.562	0.112
T20652	0.36	0.512	0.128
T20853	0.536	0.352	0.112
T20497	0.444	0.372	0.184
T21510	0.364	0.462	0.174
T20685	0.446	0.448	0.106
T20919	0.428	0.488	0.084
T21147	0.222	0.588	0.19
T20587	0.49	0.422	0.088
T20520	0.378	0.512	0.11
T20390	0.154	0.68	0.166
T21288	0.286	0.564	0.15
T21443	0.258	0.442	0.3
T20713	0.508	0.396	0.096
T20996	0.238	0.592	0.17
T21512	0.508	0.364	0.128
T21389	0.496	0.432	0.072
T20739	0.51	0.354	0.136
T21113	0.212	0.688	0.1
T21004	0.414	0.506	0.08
T20972	0.44	0.416	0.144
T20379	0.302	0.592	0.106
T20981	0.46	0.428	0.112
T20362	0.332	0.54	0.128
T20852	0.54	0.306	0.154
T20678	0.498	0.404	0.098
T21232	0.496	0.426	0.078
T20835	0.268	0.524	0.208
T20523	0.472	0.462	0.066
T20373	0.238	0.654	0.108
T20284	0.372	0.47	0.158
T20913	0.512	0.426	0.062
T21217	0.336	0.584	0.08
T20452	0.352	0.52	0.128
T20488	0.26	0.52	0.22
T21192	0.356	0.57	0.074
T21271	0.366	0.544	0.09
T20529	0.57	0.354	0.076
T20359	0.324	0.532	0.144
T20696	0.408	0.442	0.15
T20632	0.484	0.414	0.102
T21155	0.376	0.54	0.084
T21103	0.478	0.43	0.092
T21434	0.326	0.524	0.15
T20566	0.386	0.474	0.14
T21359	0.212	0.508	0.28
T20708	0.43	0.446	0.124
T20827	0.436	0.47	0.094
T20560	0.482	0.448	0.07
T20716	0.428	0.454	0.118
T20393	0.366	0.52	0.114
T21045	0.522	0.372	0.106
T21183	0.326	0.528	0.146
T21177	0.32	0.486	0.194
T20237	0.304	0.61	0.086
T20333	0.386	0.504	0.11
T21243	0.246	0.638	0.116
T20597	0.624	0.268	0.108
T21142	0.428	0.42	0.152
T20314	0.216	0.662	0.122
T20838	0.626	0.28	0.094
T20398	0.538	0.398	0.064
T21413	0.29	0.44	0.27
T20252	0.38	0.486	0.134
T20530	0.584	0.336	0.08
T20288	0.254	0.564	0.182
T21068	0.242	0.38	0.378
T20735	0.496	0.392	0.112
T20481	0.542	0.334	0.124
T20997	0.28	0.584	0.136
T21212	0.16	0.694	0.146
T21306	0.366	0.57	0.064
T21408	0.212	0.618	0.17
T21137	0.364	0.52	0.116
T20084	0.276	0.58	0.144
T20487	0.602	0.342	0.056
T21121	0.34	0.566	0.094
T20543	0.598	0.354	0.048
T21196	0.338	0.514	0.148
T20926	0.448	0.43	0.122
T21433	0.244	0.478	0.278
T20581	0.458	0.46	0.082
T21116	0.312	0.586	0.102
T20923	0.326	0.586	0.088
T20305	0.456	0.424	0.12
T20326	0.248	0.622	0.13
T20738	0.344	0.522	0.134
T21267	0.196	0.568	0.236
T20254	0.342	0.472	0.186
T20621	0.236	0.548	0.216
T20528	0.596	0.368	0.036
T20771	0.574	0.342	0.084
T20929	0.352	0.476	0.172
T21397	0.324	0.5	0.176
T20641	0.328	0.584	0.088
T20825	0.574	0.354	0.072
T20217	0.356	0.484	0.16
T21396	0.254	0.618	0.128
T20201	0.47	0.448	0.082
T20910	0.298	0.592	0.11
T20289	0.444	0.424	0.132
T20302	0.176	0.538	0.286
T20563	0.4	0.402	0.198
T20449	0.294	0.514	0.192
T20507	0.408	0.494	0.098
T21250	0.186	0.66	0.154
T20798	0.398	0.46	0.142
T20630	0.452	0.456	0.092
T20761	0.404	0.458	0.138
T20552	0.444	0.45	0.106
T20924	0.55	0.376	0.074
T21020	0.224	0.47	0.306
T20206	0.432	0.46	0.108
T20389	0.306	0.562	0.132
T21028	0.23	0.484	0.286
T20208	0.318	0.472	0.21
T20285	0.272	0.592	0.136
T20905	0.248	0.632	0.12
T20707	0.538	0.356	0.106
T21112	0.404	0.518	0.078
T21287	0.282	0.566	0.152
T21508	0.558	0.372	0.07
T20477	0.214	0.55	0.236
T20316	0.246	0.556	0.198
T20892	0.364	0.456	0.18
T21132	0.328	0.39	0.282
T20442	0.472	0.418	0.11
T20295	0.33	0.524	0.146
T20869	0.504	0.384	0.112
T20975	0.562	0.39	0.048
T20318	0.444	0.436	0.12
T20611	0.472	0.45	0.078
T20540	0.51	0.422	0.068
T20370	0.296	0.48	0.224
T20207	0.25	0.692	0.058
T21527	0.652	0.314	0.034
T21482	0.386	0.424	0.19
T20939	0.332	0.554	0.114
T20815	0.38	0.534	0.086
T21453	0.276	0.53	0.194
T20816	0.624	0.316	0.06
T21420	0.37	0.438	0.192
T20279	0.394	0.506	0.1
T20774	0.678	0.286	0.036
T20831	0.454	0.484	0.062
T21151	0.48	0.424	0.096
T20286	0.348	0.514	0.138
T21081	0.236	0.386	0.378
T20490	0.566	0.354	0.08
T20970	0.422	0.466	0.112
T20979	0.25	0.592	0.158
T20862	0.572	0.352	0.076
T21054	0.178	0.464	0.358
T20364	0.346	0.48	0.174
T20069	0.222	0.57	0.208
T21457	0.326	0.368	0.306
T20740	0.514	0.392	0.094
T20628	0.49	0.406	0.104
T21167	0.332	0.534	0.134
T21156	0.366	0.508	0.126
T20846	0.508	0.418	0.074
T20644	0.526	0.398	0.076
T21200	0.432	0.418	0.15
T21195	0.262	0.642	0.096
T20194	0.274	0.628	0.098
T20502	0.41	0.5	0.09
T20589	0.486	0.398	0.116
T20525	0.464	0.354	0.182
T20746	0.518	0.428	0.054
T20558	0.45	0.422	0.128
T20223	0.244	0.512	0.244
T21019	0.286	0.318	0.396
T21216	0.272	0.572	0.156
T20765b	0.254	0.542	0.204
T21236	0.368	0.5	0.132
T21599	0.538	0.352	0.11
T20588b	0.478	0.446	0.076
T20829	0.61	0.332	0.058
T21272	0.314	0.488	0.198
T20998	0.404	0.5	0.096
T21066	0.274	0.56	0.166
T20245	0.438	0.476	0.086
T20608	0.438	0.424	0.138
T20769	0.508	0.414	0.078
T20684	0.562	0.364	0.074
T21402	0.274	0.576	0.15
T21215	0.382	0.488	0.13
T20922	0.36	0.492	0.148
T20619	0.39	0.514	0.096
T21007	0.198	0.52	0.282
T20565	0.35	0.53	0.12
T21308	0.29	0.516	0.194
T20468	0.25	0.42	0.33
T21354	0.292	0.572	0.136
T20764	0.384	0.548	0.068
T20878	0.396	0.436	0.168
T20087	0.32	0.538	0.142
T20509	0.558	0.376	0.066
T20882	0.36	0.536	0.104
T20649	0.342	0.566	0.092
T21462	0.17	0.376	0.454
T21366	0.32	0.466	0.214
T20066	0.284	0.552	0.164
T20212	0.354	0.542	0.104
T20714	0.42	0.448	0.132
T21484	0.302	0.402	0.296
T20396	0.406	0.522	0.072
T20474	0.306	0.58	0.114
T21448	0.278	0.414	0.308
T20386	0.328	0.606	0.066
T21154	0.412	0.504	0.084
T20592	0.532	0.408	0.06
T20702	0.732	0.224	0.044
T20864	0.412	0.474	0.114
T20554	0.528	0.378	0.094
T20785	0.448	0.408	0.144
T20936	0.352	0.536	0.112
T21038	0.256	0.486	0.258
T20820	0.49	0.428	0.082
T20612	0.4	0.4	0.2
T21296	0.266	0.624	0.11
T20661	0.522	0.408	0.07
T20623	0.446	0.448	0.106
T20233	0.376	0.474	0.15
T20365	0.234	0.594	0.172
T21148	0.234	0.546	0.22
T20258	0.246	0.622	0.132
T20339	0.312	0.498	0.19
T21472	0.502	0.354	0.144
T20978	0.398	0.432	0.17
T20859	0.354	0.572	0.074
T20839	0.372	0.476	0.152
T21565	0.488	0.42	0.092
T20272	0.514	0.39	0.096
T20917	0.312	0.49	0.198
T20942	0.232	0.606	0.162
T20806	0.474	0.394	0.132
T20904	0.502	0.414	0.084
T20710	0.378	0.492	0.13
T21127	0.292	0.536	0.172
T20937	0.32	0.564	0.116
T20211	0.158	0.612	0.23
T20458	0.224	0.562	0.214
T20304	0.332	0.506	0.162
T20361	0.282	0.618	0.1
T20725	0.556	0.4	0.044
T21185	0.2	0.67	0.13
T20778	0.504	0.45	0.046
T20842	0.488	0.398	0.114
T20470	0.476	0.396	0.128
T21273	0.348	0.544	0.108
T20347	0.258	0.602	0.14
T21093	0.356	0.46	0.184
T20828	0.354	0.458	0.188
T20546	0.422	0.502	0.076
T20770	0.534	0.378	0.088
T20969	0.294	0.552	0.154
T20931	0.424	0.482	0.094
T20819	0.546	0.408	0.046
T20335	0.342	0.602	0.056
T21187	0.298	0.56	0.142
T21486	0.396	0.352	0.252
T21055	0.268	0.514	0.218
T20423	0.326	0.416	0.258
T20965	0.372	0.538	0.09
T21023	0.326	0.6	0.074
T20701	0.42	0.468	0.112
T20755	0.344	0.508	0.148
T21199	0.414	0.538	0.048
T20674	0.484	0.448	0.068
T21241	0.168	0.77	0.062
T21430	0.222	0.542	0.236
T21418	0.412	0.39	0.198
T21498	0.212	0.46	0.328
T20220	0.314	0.572	0.114
T20401	0.288	0.474	0.238
T20257	0.398	0.454	0.148
T20715	0.536	0.388	0.076
T20881	0.516	0.358	0.126
T20800	0.502	0.374	0.124
T20605	0.556	0.354	0.09
T20951	0.382	0.584	0.034
T20471	0.426	0.438	0.136
T20266	0.258	0.684	0.058
T20575	0.35	0.506	0.144
T20670	0.466	0.468	0.066
T21574	0.356	0.594	0.05
T20420	0.46	0.476	0.064
T20681	0.504	0.42	0.076
T20062	0.326	0.398	0.276
T20653	0.756	0.214	0.03
T20371	0.518	0.44	0.042
T20817	0.436	0.482	0.082
T20991	0.38	0.548	0.072
T20805	0.494	0.43	0.076
T20782	0.42	0.406	0.174
T21106	0.486	0.41	0.104
T21300	0.204	0.752	0.044
T21169	0.282	0.44	0.278
T20938	0.434	0.526	0.04
T21312	0.234	0.668	0.098
T20346	0.24	0.7	0.06
P15726	0.354	0.588	0.058
P15071	0.514	0.354	0.132
P15716	0.328	0.546	0.126
P16503	0.33	0.358	0.312
P16462	0.28	0.17	0.55
P16496	0.244	0.334	0.422
P15166	0.252	0.238	0.51
P16370	0.29	0.552	0.158
P16355	0.446	0.398	0.156
P15104	0.398	0.21	0.392
P16536	0.51	0.378	0.112
P15717	0.342	0.51	0.148
P16255	0.39	0.434	0.176
P15679	0.594	0.25	0.156
P15018	0.648	0.254	0.098
P16099	0.272	0.632	0.096
P15109	0.32	0.21	0.47
P15244	0.398	0.502	0.1
P16218	0.252	0.666	0.082
P15718	0.426	0.448	0.126
P15742	0.306	0.59	0.104
P15727	0.344	0.52	0.136
P15082	0.586	0.282	0.132
P15281	0.586	0.322	0.092
P15554	0.368	0.506	0.126
P15073	0.612	0.284	0.104
P15087	0.54	0.344	0.116
P15794	0.402	0.458	0.14
P15969	0.654	0.188	0.158
P15256	0.61	0.3	0.09
P15383	0.342	0.326	0.332
P15085	0.51	0.304	0.186
P15418	0.308	0.188	0.504
P16602	0.592	0.196	0.212
P15069	0.692	0.222	0.086
P15030	0.716	0.212	0.072
P16013	0.406	0.53	0.064
P16473	0.188	0.422	0.39
P15682	0.58	0.256	0.164
P16582	0.528	0.378	0.094
P16543	0.534	0.296	0.17
P15934	0.446	0.47	0.084
P15095	0.524	0.306	0.17
P15540	0.364	0.494	0.142
P16357	0.354	0.432	0.214
P16217	0.282	0.566	0.152
P15954	0.548	0.332	0.12
P15130	0.27	0.48	0.25
P16186	0.274	0.61	0.116
P16235	0.394	0.508	0.098
P16439	0.336	0.336	0.328
P15152	0.376	0.32	0.304
P15149	0.41	0.38	0.21
P15728	0.364	0.522	0.114
P15355	0.352	0.252	0.396
P16464	0.354	0.354	0.292
P16544	0.54	0.306	0.154
P15300	0.384	0.4	0.216
P16354	0.334	0.588	0.078
P15764	0.32	0.536	0.144
P16259	0.348	0.564	0.088
P15425	0.298	0.346	0.356
P15020	0.388	0.498	0.114
P15279	0.41	0.432	0.158
P15959	0.342	0.51	0.148
P15268	0.604	0.31	0.086
P16399	0.272	0.606	0.122
P15205	0.502	0.38	0.118
P16377	0.192	0.688	0.12
P15598	0.26	0.62	0.12
P16106	0.23	0.656	0.114
P15081	0.572	0.216	0.212
P15221	0.524	0.408	0.068
P15168	0.342	0.298	0.36
P15350	0.298	0.332	0.37
P15516	0.254	0.624	0.122
P16148	0.322	0.5	0.178
P15235	0.646	0.236	0.118
P15151	0.298	0.302	0.4
P15324	0.282	0.418	0.3
P15784	0.366	0.362	0.272
P16034	0.264	0.554	0.182
P15748	0.258	0.626	0.116
P15172	0.378	0.384	0.238
P15591	0.412	0.448	0.14
P16395	0.31	0.43	0.26
P16332	0.19	0.716	0.094
P16581	0.542	0.33	0.128
P16247	0.268	0.65	0.082
P16321	0.216	0.72	0.064
P15121	0.35	0.348	0.302
P16299	0.298	0.562	0.14
P15125	0.298	0.438	0.264
P16150	0.214	0.676	0.11
P16210	0.286	0.608	0.106
P15159	0.3	0.234	0.466
P15998	0.616	0.222	0.162
P15796	0.194	0.714	0.092
P15036	0.44	0.394	0.166
P15201	0.334	0.486	0.18
P16466	0.422	0.412	0.166
P15163	0.364	0.326	0.31
P16169	0.214	0.68	0.106
P15117	0.334	0.228	0.438
P16598	0.51	0.398	0.092
P15299	0.31	0.302	0.388
P16187	0.208	0.68	0.112
P15935	0.636	0.258	0.106
P16579	0.492	0.388	0.12
P16463	0.326	0.362	0.312
P16542	0.404	0.472	0.124
P15354	0.25	0.34	0.41
P16177	0.372	0.542	0.086
P15122	0.246	0.39	0.364
P15342	0.314	0.37	0.316
P15556	0.568	0.348	0.084
P16596	0.544	0.29	0.166
P15098	0.592	0.324	0.084
P15531	0.31	0.588	0.102
P16445	0.378	0.502	0.12
P16436	0.346	0.348	0.306
P16088	0.22	0.68	0.1
P16314	0.22	0.712	0.068
P15997	0.564	0.392	0.044
P16092	0.358	0.416	0.226
P16284	0.274	0.642	0.084
P15608	0.646	0.264	0.09
P16538	0.474	0.384	0.142
P15225	0.414	0.452	0.134
P15295	0.506	0.366	0.128
P16166	0.234	0.682	0.084
P16173	0.214	0.706	0.08
P15288	0.464	0.462	0.074
P16404	0.324	0.284	0.392
P15039	0.57	0.284	0.146
P15207	0.466	0.446	0.088
P15781	0.344	0.566	0.09
P15939	0.578	0.294	0.128
P15213	0.492	0.398	0.11
P15757	0.368	0.514	0.118
P15790	0.24	0.7	0.06
P15978	0.616	0.304	0.08
P16465	0.448	0.26	0.292
P15077	0.588	0.276	0.136
P15347	0.33	0.228	0.442
P15260	0.498	0.406	0.096
P15212	0.558	0.314	0.128
P15188	0.436	0.336	0.228
P15031	0.488	0.39	0.122
P16293	0.312	0.516	0.172
P15114	0.3	0.376	0.324
P15060	0.582	0.264	0.154
P16502	0.324	0.304	0.372
P16296	0.476	0.332	0.192
P15362	0.332	0.254	0.414
P16572	0.48	0.4	0.12
P15156	0.312	0.538	0.15
P15731	0.298	0.578	0.124
P16535	0.516	0.402	0.082
P15293	0.506	0.34	0.154
P15283	0.524	0.302	0.174
P15062	0.49	0.354	0.156
P15999	0.454	0.346	0.2
P16094	0.24	0.654	0.106
P16413	0.354	0.286	0.36
P16454	0.452	0.236	0.312
P15054	0.504	0.396	0.1
P15024	0.662	0.234	0.104
P15076	0.458	0.334	0.208
P15592	0.188	0.66	0.152
P15981	0.444	0.356	0.2
P16562	0.736	0.184	0.08
P15777	0.41	0.532	0.058
P16303	0.402	0.476	0.122
P15356	0.398	0.26	0.342
P16427	0.358	0.338	0.304
P16336	0.29	0.652	0.058
P16199	0.522	0.392	0.086
P15990	0.452	0.442	0.106
P16526	0.51	0.368	0.122
P15568	0.274	0.592	0.134
P16326	0.228	0.68	0.092
P16350	0.272	0.552	0.176
P15989	0.462	0.438	0.1
P16559	0.582	0.324	0.094
P16505	0.55	0.28	0.17
P16419	0.434	0.248	0.318
P15219	0.532	0.368	0.1
P15320	0.306	0.33	0.364
P16334	0.222	0.708	0.07
P16257	0.272	0.666	0.062
P15189	0.346	0.39	0.264
P15919	0.67	0.244	0.086
P15195	0.278	0.516	0.206
P16297	0.18	0.746	0.074
P15750	0.392	0.562	0.046
P16063	0.28	0.668	0.052
P16531	0.478	0.368	0.154
P16347	0.266	0.654	0.08
P15709	0.336	0.52	0.144
P15278	0.372	0.516	0.112
P15912	0.318	0.54	0.142
P16181	0.318	0.586	0.096
P16600	0.536	0.302	0.162
P15922	0.544	0.376	0.08
P16507	0.622	0.296	0.082
P15407	0.38	0.338	0.282
P15413	0.312	0.31	0.378
P16516	0.43	0.398	0.172
P16157	0.242	0.68	0.078
P16158	0.232	0.698	0.07
P16170	0.26	0.56	0.18
P16000	0.392	0.514	0.094
P16208	0.24	0.508	0.252
P15047	0.388	0.528	0.084
P15016	0.534	0.374	0.092
P15539	0.684	0.232	0.084
P16414	0.432	0.302	0.266
P15068	0.662	0.24	0.098
P15962	0.504	0.45	0.046
P15328	0.43	0.27	0.3
P16453	0.418	0.26	0.322
P16213	0.26	0.622	0.118
P16240	0.354	0.528	0.118
P15294	0.46	0.476	0.064
P15311	0.314	0.376	0.31
P15234	0.514	0.346	0.14
P16311	0.372	0.52	0.108
P16403	0.304	0.588	0.108
P15137	0.24	0.26	0.5
P15158	0.31	0.294	0.396
P15361	0.336	0.31	0.354
P16229	0.292	0.65	0.058
P15410	0.392	0.342	0.266
P15242	0.572	0.29	0.138
P15530	0.284	0.582	0.134
P16275	0.312	0.538	0.15
P16345	0.284	0.622	0.094
P16524	0.522	0.322	0.156
P15129	0.298	0.324	0.378
P15255	0.436	0.436	0.128
P16196	0.334	0.558	0.108
P15610	0.58	0.324	0.096
P15037	0.51	0.4	0.09
P15011	0.622	0.296	0.082
P16214	0.4	0.518	0.082
P16432	0.222	0.282	0.496
P15938	0.572	0.26	0.168
P16568	0.512	0.386	0.102
P15368	0.34	0.3	0.36
P16361	0.292	0.582	0.126
P15064	0.55	0.36	0.09
P15269	0.636	0.296	0.068
P16078	0.21	0.726	0.064
P16223	0.474	0.434	0.092
P16364	0.17	0.632	0.198
P15589	0.354	0.524	0.122
P16104	0.332	0.538	0.13
P15928	0.47	0.442	0.088
P15979	0.638	0.296	0.066
P16552	0.386	0.438	0.176
P16163	0.256	0.658	0.086
P16212	0.43	0.508	0.062
P15059	0.516	0.382	0.102
P16072	0.276	0.636	0.088
P15732	0.324	0.51	0.166
P15058	0.554	0.286	0.16
P16248	0.512	0.374	0.114
P15415	0.43	0.28	0.29
P15101	0.344	0.292	0.364
P15389	0.304	0.32	0.376
P15126	0.346	0.29	0.364
P15930	0.538	0.288	0.174
P15040	0.68	0.184	0.136
P16348	0.274	0.546	0.18
P15248	0.424	0.48	0.096
P16510	0.548	0.332	0.12
P15377	0.308	0.328	0.364
P15308	0.256	0.312	0.432
P15429	0.354	0.44	0.206
P15771	0.472	0.462	0.066
P15259	0.496	0.422	0.082
P16283	0.386	0.482	0.132
P15139	0.302	0.392	0.306
P16450	0.31	0.388	0.302
P15306	0.446	0.342	0.212
P16362	0.46	0.452	0.088
P15536	0.37	0.558	0.072
P15209	0.544	0.388	0.068
P15175	0.348	0.462	0.19
P15424	0.406	0.384	0.21
P16225	0.168	0.784	0.048
P16508	0.418	0.362	0.22
P15561	0.33	0.522	0.148
P15249	0.494	0.398	0.108
P15723	0.166	0.734	0.1
P15920	0.366	0.52	0.114
P16089	0.306	0.582	0.112
P16452	0.316	0.378	0.306
P15505	0.302	0.502	0.196
P16295	0.372	0.548	0.08
P15055	0.574	0.254	0.172
P15749	0.26	0.638	0.102
P15275	0.48	0.354	0.166
P16272	0.288	0.55	0.162
P15052	0.448	0.496	0.056
P16360	0.192	0.688	0.12
P16597	0.63	0.256	0.114
P15594	0.308	0.622	0.07
P16525	0.69	0.23	0.08
P16392	0.328	0.536	0.136
P15229	0.588	0.266	0.146
P16175	0.402	0.48	0.118
P15705	0.416	0.512	0.072
P16082	0.374	0.48	0.146
P15240	0.516	0.366	0.118
P16083	0.47	0.414	0.116
P15391	0.272	0.378	0.35
P15782	0.286	0.602	0.112
P15271	0.448	0.446	0.106
P16309	0.27	0.66	0.07
P15604	0.492	0.45	0.058
P15399	0.342	0.396	0.262
P16443	0.276	0.44	0.284
P15171	0.324	0.186	0.49
P16551	0.42	0.45	0.13
P15280	0.636	0.248	0.116
P15923	0.368	0.444	0.188
P15601	0.414	0.474	0.112
P15370	0.274	0.412	0.314
P16168	0.246	0.606	0.148
P15074	0.478	0.418	0.104
P16569	0.59	0.34	0.07
P15599	0.252	0.668	0.08
P15759	0.252	0.666	0.082
P15336	0.344	0.286	0.37
P15258	0.564	0.316	0.12
P16149	0.228	0.686	0.086
P15089	0.522	0.366	0.112
P16091	0.168	0.682	0.15
P15436	0.36	0.418	0.222
P15263	0.51	0.42	0.07
P16262	0.308	0.65	0.042
P15048	0.628	0.232	0.14
P16521	0.59	0.242	0.168
P16586	0.51	0.352	0.138
P15951	0.552	0.372	0.076
P16287	0.344	0.558	0.098
P15932	0.48	0.372	0.148
P15111	0.358	0.242	0.4
P16486	0.408	0.278	0.314
P15575	0.432	0.446	0.122
P15770	0.314	0.6	0.086
P15955	0.454	0.322	0.224
P15534	0.262	0.592	0.146
P15046	0.52	0.308	0.172
P16566	0.558	0.348	0.094
P15400	0.388	0.316	0.296
P16098	0.322	0.562	0.116
P15547	0.304	0.634	0.062
P15222	0.558	0.296	0.146
P15057	0.55	0.378	0.072
P15056	0.62	0.29	0.09
P15245	0.56	0.31	0.13
P15508	0.354	0.512	0.134
P15614	0.46	0.504	0.036
P16324	0.324	0.57	0.106
P16523	0.646	0.276	0.078
P15230	0.572	0.332	0.096
P15537	0.308	0.612	0.08
P15566	0.388	0.532	0.08
P15003	0.34	0.486	0.174
P15908	0.512	0.346	0.142
P16467	0.358	0.25	0.392
P16021	0.384	0.526	0.09
P15917	0.432	0.44	0.128
P16528	0.768	0.188	0.044
P16394	0.308	0.6	0.092
P16472	0.312	0.314	0.374
P15562	0.274	0.524	0.202
P15797	0.38	0.534	0.086
P15223	0.544	0.344	0.112
P15096	0.53	0.33	0.14
P15013	0.574	0.288	0.138
P16573	0.47	0.41	0.12
P16265	0.374	0.536	0.09
P15948	0.514	0.352	0.134
P15803	0.44	0.45	0.11
P15014	0.57	0.33	0.1
P16547	0.472	0.394	0.134
P16081	0.412	0.408	0.18
P16549	0.372	0.546	0.082
P15942	0.392	0.5	0.108
P16584	0.476	0.38	0.144
P15733	0.356	0.556	0.088
P16504	0.494	0.296	0.21
P16343	0.366	0.544	0.09
P15517	0.388	0.496	0.116
P15218	0.582	0.27	0.148
P16319	0.302	0.602	0.096
P15327	0.308	0.396	0.296
P15045	0.544	0.308	0.148
P15735	0.362	0.508	0.13
P16270	0.374	0.554	0.072
P16575	0.548	0.274	0.178
P15956	0.458	0.406	0.136
P15909	0.566	0.366	0.068
P15972	0.55	0.34	0.11
P15289	0.476	0.39	0.134
P15597	0.27	0.698	0.032
P16527	0.378	0.432	0.19
P15703	0.364	0.55	0.086
P15572	0.362	0.52	0.118
P15977	0.576	0.374	0.05
P16318	0.426	0.494	0.08
P16416	0.33	0.512	0.158
P15747	0.346	0.544	0.11
P15940	0.39	0.52	0.09
P15253	0.408	0.422	0.17
P15237	0.476	0.42	0.104
P15051	0.47	0.444	0.086
P16435	0.382	0.376	0.242
P16378	0.262	0.662	0.076
P15612	0.498	0.426	0.076
P16204	0.366	0.584	0.05
P16556	0.676	0.26	0.064
P15925	0.47	0.4	0.13
P16576	0.554	0.348	0.098
P15953	0.438	0.438	0.124
P15027	0.594	0.22	0.186
P16062	0.214	0.726	0.06
P15964	0.552	0.348	0.1
P15963	0.54	0.324	0.136
P15793	0.356	0.51	0.134
P15683	0.546	0.306	0.148
P16294	0.344	0.496	0.16
P16442	0.436	0.37	0.194
P16491	0.412	0.388	0.2
P15257	0.59	0.272	0.138
P15331	0.266	0.388	0.346
P15124	0.468	0.29	0.242
P16522	0.462	0.316	0.222
P15710	0.294	0.62	0.086
P15132	0.428	0.416	0.156
P15725	0.434	0.496	0.07
P15043	0.578	0.362	0.06
P16234	0.294	0.632	0.074
P15787	0.338	0.582	0.08
P16129	0.286	0.65	0.064
P16183	0.302	0.552	0.146
P16352	0.386	0.482	0.132
P15206	0.458	0.474	0.068
P16285	0.312	0.62	0.068
P15133	0.374	0.316	0.31
P15985	0.56	0.374	0.066
P16342	0.366	0.52	0.114
P15729	0.32	0.522	0.158
P15238	0.444	0.426	0.13
P16534	0.41	0.39	0.2
P15420	0.408	0.382	0.21
P15065	0.572	0.306	0.122
P15181	0.348	0.352	0.3
P16003	0.52	0.394	0.086
P15799	0.356	0.548	0.096
P16590	0.342	0.514	0.144
P16066	0.28	0.588	0.132
P15915	0.496	0.37	0.134
P16267	0.312	0.634	0.054
P16561	0.496	0.41	0.094
P15200	0.58	0.354	0.066
P16245	0.382	0.494	0.124
P16578	0.578	0.33	0.092
P15086	0.612	0.276	0.112
P15019	0.624	0.28	0.096
P15724	0.25	0.686	0.064
P15618	0.572	0.324	0.104
P15510	0.356	0.454	0.19
P16337	0.382	0.434	0.184
P16482	0.39	0.3	0.31
P15005	0.526	0.322	0.152
P15325	0.334	0.312	0.354
P15208	0.596	0.252	0.152
P15910	0.438	0.392	0.17
P15395	0.372	0.316	0.312
P15028	0.624	0.288	0.088
P15025	0.536	0.35	0.114
P15440	0.444	0.282	0.274
P15548	0.312	0.542	0.146
P15072	0.602	0.292	0.106
P15155	0.538	0.17	0.292
P16477	0.44	0.256	0.304
P15520	0.298	0.536	0.166
P15772	0.382	0.456	0.162
P16335	0.262	0.63	0.108
P16219	0.308	0.588	0.104
P16533	0.392	0.448	0.16
P16317	0.36	0.548	0.092
P16369	0.418	0.436	0.146
P15774	0.336	0.562	0.102
P15936	0.6	0.254	0.146
P16406	0.31	0.41	0.28
P15262	0.51	0.304	0.186
P16383	0.392	0.48	0.128
P16587	0.632	0.266	0.102
P15760	0.138	0.698	0.164
P16356	0.392	0.452	0.156
P15743	0.338	0.594	0.068
P15012	0.592	0.278	0.13
P15949	0.614	0.254	0.132
P15066	0.656	0.24	0.104
P16097	0.206	0.598	0.196
P15745	0.188	0.644	0.168
P16400	0.322	0.598	0.08
P16339	0.296	0.616	0.088
P15284	0.532	0.332	0.136
P16349	0.452	0.448	0.1
P16244	0.284	0.656	0.06
P15569	0.33	0.598	0.072
P15968	0.604	0.294	0.102
P15001	0.322	0.548	0.13
P16100	0.352	0.546	0.102
P16222	0.362	0.544	0.094
P15092	0.668	0.248	0.084
P15546	0.334	0.588	0.078
P15251	0.506	0.428	0.066
P16530	0.358	0.484	0.158
P15957	0.336	0.57	0.094
P16475	0.326	0.438	0.236
P15273	0.41	0.438	0.152
P15789	0.316	0.544	0.14
P15348	0.288	0.286	0.426
P16331	0.228	0.718	0.054
P15008	0.484	0.396	0.12
P15976	0.404	0.35	0.246
P15993	0.47	0.416	0.114
P16065	0.3	0.57	0.13
P15353	0.258	0.436	0.306
P16440	0.322	0.31	0.368
P15422	0.266	0.302	0.432
P15783	0.34	0.57	0.09
P16380	0.45	0.416	0.134
P16325	0.198	0.696	0.106
P15202	0.544	0.354	0.102
P15303	0.288	0.416	0.296
P15070	0.534	0.334	0.132
P15042	0.47	0.42	0.11
P16122	0.23	0.7	0.07
P15239	0.462	0.33	0.208
P15091	0.494	0.364	0.142
P15532	0.31	0.644	0.046
P15775	0.328	0.608	0.064
P16372	0.352	0.564	0.084
P15243	0.332	0.464	0.204
P15247	0.496	0.338	0.166
P16137	0.44	0.458	0.102
P15507	0.314	0.606	0.08
P15272	0.476	0.428	0.096
P15504	0.426	0.498	0.076
P16417	0.386	0.378	0.236
P15297	0.434	0.36	0.206
P16266	0.326	0.562	0.112
P15211	0.454	0.386	0.16
P15595	0.29	0.606	0.104
P15197	0.43	0.45	0.12
P16253	0.294	0.592	0.114
P15083	0.558	0.224	0.218
P15063	0.536	0.35	0.114
P15075	0.646	0.274	0.08
P15674	0.428	0.478	0.094
P15321	0.304	0.262	0.434
P16541	0.572	0.3	0.128
P16340	0.258	0.714	0.028
P15010	0.434	0.446	0.12
P16448	0.428	0.332	0.24
P15563	0.37	0.592	0.038
P15541	0.41	0.446	0.144
P15706	0.398	0.51	0.092
P15708	0.404	0.446	0.15
P16371	0.298	0.648	0.054
P15329	0.316	0.292	0.392
P15032	0.454	0.456	0.09
P15250	0.4	0.464	0.136
P16554	0.448	0.388	0.164
P15602	0.396	0.482	0.122
P16085	0.24	0.708	0.052
P15549	0.406	0.532	0.062
P15551	0.316	0.576	0.108
P16178	0.262	0.66	0.078
P15145	0.368	0.32	0.312
P15779	0.438	0.474	0.088
P16264	0.37	0.51	0.12
P15021	0.494	0.438	0.068
P15224	0.574	0.29	0.136
P16341	0.278	0.636	0.086
P15553	0.38	0.516	0.104
P15333	0.386	0.342	0.272
P15105	0.328	0.504	0.168
P16478	0.418	0.276	0.306
P16386	0.382	0.508	0.11
P15798	0.372	0.48	0.148
P15960	0.498	0.398	0.104
P16176	0.258	0.568	0.174
P15304	0.484	0.33	0.186
P16184	0.332	0.582	0.086
P16591	0.51	0.396	0.094
P15971	0.534	0.33	0.136
P15267	0.484	0.448	0.068
P15100	0.602	0.33	0.068
P15600	0.274	0.65	0.076
P16200	0.334	0.488	0.178
P15002	0.402	0.538	0.06
P15525	0.508	0.392	0.1
P16190	0.278	0.614	0.108
P15711	0.37	0.482	0.148
P16545	0.336	0.526	0.138
P16567	0.398	0.49	0.112
P15310	0.424	0.31	0.266
P15564	0.326	0.532	0.142
P16494	0.424	0.37	0.206
P15193	0.374	0.354	0.272
P15298	0.466	0.432	0.102
P16555	0.386	0.456	0.158
P16366	0.324	0.568	0.108
P15965	0.414	0.49	0.096
P16603	0.506	0.412	0.082
P16424	0.446	0.364	0.19
P15785	0.296	0.616	0.088
P16126	0.38	0.548	0.072
P15192	0.298	0.37	0.332
P15567	0.45	0.51	0.04
P15582	0.262	0.56	0.178
P15707	0.374	0.57	0.056
P16564	0.408	0.336	0.256
P15521	0.314	0.564	0.122
P16095	0.424	0.432	0.144
P16165	0.352	0.56	0.088
P16391	0.254	0.68	0.066
P15023	0.536	0.296	0.168
P16382	0.316	0.632	0.052
P16286	0.246	0.68	0.074
P15740	0.276	0.61	0.114
P16393	0.302	0.552	0.146
P15038	0.53	0.288	0.182
P15967	0.402	0.478	0.12
P15090	0.604	0.292	0.104
P16215	0.266	0.646	0.088
P15153	0.466	0.428	0.106
P16310	0.294	0.59	0.116
P16298	0.432	0.476	0.092
P16086	0.342	0.53	0.128
P16015	0.342	0.522	0.136
P16563	0.614	0.244	0.142
P15686	0.54	0.318	0.142
P16312	0.346	0.558	0.096
P15585	0.38	0.526	0.094
P15966	0.666	0.234	0.1
P15365	0.404	0.276	0.32
P15768	0.17	0.664	0.166
P15266	0.458	0.372	0.17
P15006	0.478	0.39	0.132
P16447	0.386	0.33	0.284
P16488	0.444	0.364	0.192
P16557	0.514	0.358	0.128
P15756	0.298	0.546	0.156
P16263	0.162	0.6	0.238
P16276	0.372	0.54	0.088
P16160	0.356	0.576	0.068
P16101	0.326	0.572	0.102
P15264	0.494	0.352	0.154
P16519	0.49	0.354	0.156
P15988	0.554	0.342	0.104
P16194	0.272	0.69	0.038
P15712	0.314	0.536	0.15
P16074	0.386	0.548	0.066
P16313	0.262	0.638	0.1
P16577	0.516	0.358	0.126
P16449	0.45	0.334	0.216
P16180	0.346	0.568	0.086
P16373	0.416	0.496	0.088
P16070	0.374	0.488	0.138
P16560	0.512	0.324	0.164
P15580	0.268	0.634	0.098
P16506	0.4	0.4	0.2
P15738	0.35	0.514	0.136
P16228	0.31	0.598	0.092
P16365	0.206	0.722	0.072
P16426	0.302	0.582	0.116
P15277	0.63	0.246	0.124
P16274	0.316	0.594	0.09
P15557	0.54	0.404	0.056
P15427	0.344	0.458	0.198
P16315	0.188	0.768	0.044
P15067	0.41	0.43	0.16
P16537	0.512	0.372	0.116
P15766	0.34	0.562	0.098
P15778	0.308	0.536	0.156
P16539	0.334	0.608	0.058
P16411	0.328	0.448	0.224
P16279	0.198	0.746	0.056
P16182	0.348	0.508	0.144
P15252	0.612	0.284	0.104
P15945	0.35	0.54	0.11
P16174	0.226	0.738	0.036
P15926	0.62	0.314	0.066
P16207	0.356	0.488	0.156
P15921	0.502	0.388	0.11
P15093	0.426	0.404	0.17
P16553	0.616	0.288	0.096
P15506	0.202	0.742	0.056
P16288	0.316	0.55	0.134
P15215	0.616	0.272	0.112
P15231	0.35	0.518	0.132
P15528	0.344	0.516	0.14
P16565	0.466	0.4	0.134
P16520	0.472	0.446	0.082
P16601	0.556	0.276	0.168
P16397	0.258	0.686	0.056
P16146	0.304	0.568	0.128
P16154	0.4	0.52	0.08
P15916	0.502	0.37	0.128
P15795	0.418	0.464	0.118
P15970	0.558	0.31	0.132
P16107	0.238	0.692	0.07
P15084	0.452	0.438	0.11
P15241	0.404	0.57	0.026
P15950	0.412	0.554	0.034
P16256	0.38	0.488	0.132
P16595	0.45	0.44	0.11
P15217	0.504	0.384	0.112
P15587	0.446	0.46	0.094
P15061	0.674	0.226	0.1
P16291	0.42	0.54	0.04
P15581	0.398	0.52	0.082
P15519	0.278	0.596	0.126
P15007	0.518	0.394	0.088
P16250	0.28	0.682	0.038
P16306	0.256	0.67	0.074
P16014	0.444	0.496	0.06
P15053	0.41	0.486	0.104
P15904	0.412	0.38	0.208
P15933	0.398	0.518	0.084
P15996	0.576	0.328	0.096
P15672	0.342	0.546	0.112
P15573	0.386	0.464	0.15
P16396	0.234	0.73	0.036
P15079	0.498	0.378	0.124
P15088	0.47	0.396	0.134
P15570	0.436	0.48	0.084
P15392	0.444	0.324	0.232
P15050	0.512	0.372	0.116
P16059	0.324	0.568	0.108
P15513	0.284	0.65	0.066
P16546	0.506	0.414	0.08
P15495	0.378	0.32	0.302
P16550	0.432	0.392	0.176
P15722	0.28	0.59	0.13
P16001	0.562	0.332	0.106
P15673	0.436	0.442	0.122
P15385	0.408	0.436	0.156
P15596	0.368	0.538	0.094
P15514	0.282	0.614	0.104
P16246	0.316	0.576	0.108
P16261	0.36	0.554	0.086
P15715	0.396	0.578	0.026
P15914	0.504	0.404	0.092
P16211	0.388	0.536	0.076
P15671	0.468	0.384	0.148
