Analysis of Variance Table

Response: Distances
           Df Sum Sq  Mean Sq F value    Pr(>F)    
Groups     79 1.6805 0.021272  1.8425 3.976e-05 ***
Residuals 612 7.0656 0.011545                      
---
Signif. codes:  0 ‘***’ 0.001 ‘**’ 0.01 ‘*’ 0.05 ‘.’ 0.1 ‘ ’ 1 

Permutation test for homogeneity of multivariate dispersions

No. of permutations: 999  

**** STRATA ****
Permutations are unstratified

**** SAMPLES ****
Permutation type: free 
Mirrored permutations for Samples?: No 

Response: Distances
           Df Sum Sq  Mean Sq      F N.Perm Pr(>F)    
Groups     79 1.6805 0.021272 1.8425    999  0.001 ***
Residuals 612 7.0656 0.011545                         
---
Signif. codes:  0 ‘***’ 0.001 ‘**’ 0.01 ‘*’ 0.05 ‘.’ 0.1 ‘ ’ 1 

Pairwise comparisons:
(Observed p-value below diagonal, permuted p-value above diagonal)
           CUB000     CUB003     CUB004     CUB007     CUB009     CUB010
CUB000            2.3200e-01 7.1000e-01 3.1200e-01 1.9400e-01 2.0100e-01
CUB003 2.1366e-01            1.4900e-01 7.6500e-01 9.4000e-01 9.9900e-01
CUB004 6.9656e-01 1.2209e-01            1.8000e-01 1.0800e-01 1.0300e-01
CUB007 3.0840e-01 7.5240e-01 1.7311e-01            6.9800e-01 7.4000e-01
CUB009 1.8654e-01 9.3502e-01 1.0556e-01 6.8984e-01            9.2600e-01
CUB010 1.9306e-01 9.9777e-01 1.0566e-01 7.4294e-01 9.3036e-01           
CUB011 8.4111e-02 5.1483e-01 4.9448e-02 3.4658e-01 5.6234e-01 4.9893e-01
CUB012 2.3284e-01 9.2389e-01 1.3081e-01 8.2058e-01 8.5789e-01 9.2308e-01
CUB015 1.1774e-01 4.7702e-01 7.8733e-02 3.5613e-01 5.1482e-01 4.6665e-01
CUB016 2.6793e-01 7.1938e-01 1.3648e-01 9.8173e-01 6.5392e-01 7.0643e-01
CUB017 1.8377e-02 1.8420e-01 1.0221e-02 1.0795e-01 2.0872e-01 1.7115e-01
CUB019 7.7879e-01 2.7010e-01 4.7214e-01 3.7832e-01 2.3616e-01 2.4249e-01
CUB026 4.3551e-02 6.7586e-01 1.7991e-02 3.8372e-01 7.4728e-01 6.5390e-01
CUB027 1.3661e-01 7.2612e-01 7.9822e-02 5.1630e-01 7.8374e-01 7.1506e-01
CUB028 1.4466e-01 5.1604e-01 1.0031e-01 3.9535e-01 5.5320e-01 5.0600e-01
CUB029 9.9898e-02 5.3764e-01 6.0540e-02 3.7574e-01 5.8493e-01 5.2438e-01
CUB032 2.3771e-01 9.6622e-01 1.3861e-01 7.9154e-01 9.0424e-01 9.6685e-01
CUB033 1.3459e-02 1.2938e-01 7.6447e-03 7.8261e-02 1.4718e-01 1.2013e-01
CUB036 3.1838e-01 8.4682e-01 2.3317e-01 6.9235e-01 8.9075e-01 8.4211e-01
CUB037 3.9558e-01 6.4229e-01 2.3166e-01 8.7416e-01 5.8370e-01 6.2966e-01
CUB038 1.0148e-01 6.2263e-01 5.7859e-02 4.2542e-01 6.7768e-01 6.0871e-01
CUB040 7.6125e-01 1.4233e-01 9.3666e-01 2.0368e-01 1.2352e-01 1.2509e-01
CUB042 7.0605e-01 2.9636e-01 4.1860e-01 4.3024e-01 2.5859e-01 2.7082e-01
CUB044 7.0827e-01 5.3596e-01 5.1997e-01 7.0414e-01 4.9337e-01 5.2479e-01
CUB048 7.2254e-01 3.0807e-01 4.4279e-01 4.4636e-01 2.7002e-01 2.8403e-01
CUB049 4.2705e-01 4.7280e-01 2.2322e-01 6.8267e-01 4.1868e-01 4.4927e-01
CUB050 4.0150e-01 6.3658e-02 6.5326e-01 8.0179e-02 5.5002e-02 5.1256e-02
CUB052 4.7077e-01 7.3491e-02 7.3449e-01 1.0141e-01 6.3226e-02 6.1310e-02
CUB053 5.0047e-02 4.8326e-01 2.5484e-02 2.9552e-01 5.3715e-01 4.6547e-01
CUB056 5.6300e-01 4.9853e-01 3.5067e-01 6.7760e-01 4.5092e-01 4.7770e-01
CUB061 7.9681e-03 2.4907e-01 3.3564e-03 9.9198e-02 2.8866e-01 2.2022e-01
NAU101 1.6611e-01 8.3019e-01 7.4190e-02 8.6921e-01 7.5699e-01 8.2221e-01
NAU102 2.7150e-01 9.8272e-01 1.7291e-01 7.6832e-01 9.6165e-01 9.8010e-01
NAU105 1.8341e-02 2.7480e-01 9.1320e-03 1.3864e-01 3.1194e-01 2.5128e-01
NAU106 9.4497e-02 6.1314e-01 5.3014e-02 4.1355e-01 6.6869e-01 5.9860e-01
NAU107 4.8567e-02 6.7703e-01 2.0656e-02 3.9543e-01 7.4871e-01 6.5738e-01
NAU108 3.8533e-01 7.9309e-01 2.4590e-01 9.9432e-01 7.3855e-01 7.8567e-01
NAU109 8.5693e-01 2.7138e-01 5.6259e-01 3.8110e-01 2.3888e-01 2.4702e-01
NAU110 6.7373e-01 4.1965e-01 4.3981e-01 5.8288e-01 3.7670e-01 3.9959e-01
NAU114 2.3173e-01 9.4708e-01 1.3199e-01 8.0276e-01 8.8274e-01 9.4703e-01
NAU117 1.7399e-03 1.9928e-02 1.0392e-03 1.1557e-02 2.3100e-02 1.7282e-02
NAU119 4.6799e-02 5.5932e-01 2.2064e-02 3.2472e-01 6.2012e-01 5.3688e-01
NAU121 3.6168e-01 6.7543e-01 2.0673e-01 9.1062e-01 6.1585e-01 6.6245e-01
NAU123 1.9295e-01 7.8526e-01 8.8749e-02 9.2487e-01 7.1423e-01 7.7472e-01
NAU124 1.9630e-01 9.5012e-01 1.1225e-01 7.0626e-01 9.8616e-01 9.4591e-01
NAU129 2.2578e-02 4.3083e-01 9.6314e-03 2.1926e-01 4.8814e-01 4.0532e-01
NAU130 3.0301e-02 4.1505e-01 1.4318e-02 2.2853e-01 4.6707e-01 3.9280e-01
NAU132 5.9655e-01 3.7864e-01 3.4358e-01 5.3606e-01 3.3482e-01 3.5219e-01
NAU133 4.6946e-01 7.5740e-01 3.2087e-01 9.5106e-01 7.0722e-01 7.4974e-01
NAU134 1.3301e-01 6.1862e-01 8.3758e-02 4.4455e-01 6.6648e-01 6.0496e-01
NAU136 3.9677e-02 4.5294e-01 1.9688e-02 2.5985e-01 5.0508e-01 4.3050e-01
NAU137 4.5169e-01 7.8894e-01 3.0936e-01 9.8356e-01 7.3845e-01 7.8266e-01
NAU139 1.6785e-02 3.2568e-01 7.4522e-03 1.6041e-01 3.7243e-01 3.0178e-01
NAU144 2.3287e-01 8.1373e-01 1.1963e-01 9.1963e-01 7.4766e-01 8.0528e-01
NAU148 5.9065e-01 5.0587e-01 3.8108e-01 6.8281e-01 4.5918e-01 4.8674e-01
NAU149 3.4549e-02 5.9490e-01 1.4184e-02 3.2512e-01 6.6426e-01 5.7149e-01
NAU150 2.1049e-01 8.8631e-01 1.0990e-01 8.4215e-01 8.1813e-01 8.8294e-01
NAU153 4.1997e-01 6.3906e-01 2.5042e-01 8.5417e-01 5.8382e-01 6.2372e-01
NAU154 3.0207e-01 6.3457e-01 1.5139e-01 8.8389e-01 5.7186e-01 6.1639e-01
NAU155 2.4180e-01 8.1032e-01 1.2658e-01 9.2257e-01 7.4348e-01 8.0290e-01
NAU156 6.8837e-01 5.0875e-01 4.8302e-01 6.6610e-01 4.6666e-01 4.9104e-01
NAU157 4.4239e-01 4.5550e-01 2.2892e-01 6.4837e-01 4.0374e-01 4.2866e-01
NAU159 8.8623e-01 1.5630e-01 7.6396e-01 2.0879e-01 1.3523e-01 1.3294e-01
NAU160 4.9450e-02 5.2291e-01 2.4525e-02 3.0977e-01 5.7946e-01 5.0134e-01
NAU161 3.7359e-01 9.7922e-01 2.7023e-01 8.0684e-01 9.7416e-01 9.7706e-01
NAU164 1.3059e-01 7.8388e-01 7.2429e-02 5.4533e-01 8.4437e-01 7.7148e-01
NCS203 3.0111e-01 4.2861e-02 5.3562e-01 4.8728e-02 3.6795e-02 3.2486e-02
NCS204 6.5894e-01 1.1499e-01 9.6991e-01 1.5275e-01 9.9710e-02 9.6977e-02
NCS210 8.5362e-04 3.4694e-02 3.9590e-04 1.1755e-02 4.2177e-02 2.7678e-02
NCS212 1.2085e-01 8.2769e-01 6.2846e-02 5.6846e-01 8.9357e-01 8.1694e-01
NCS213 4.9076e-01 5.1480e-01 2.8572e-01 7.0511e-01 4.6417e-01 4.9231e-01
NCS214 1.8634e-02 1.7850e-01 1.0604e-02 1.0450e-01 2.0171e-01 1.6495e-01
NCS233 8.7716e-03 1.3232e-01 4.5789e-03 6.6584e-02 1.5266e-01 1.1842e-01
NCS234 2.1406e-01 8.2757e-01 1.0738e-01 8.9510e-01 7.5865e-01 8.2062e-01
NCS236 5.7018e-01 3.7763e-01 3.1767e-01 5.3586e-01 3.3314e-01 3.4996e-01
NCS243 8.7551e-01 3.2984e-01 6.1799e-01 4.4966e-01 2.9598e-01 3.0802e-01
NCS248 3.6492e-01 8.6011e-01 2.3814e-01 9.2744e-01 8.0494e-01 8.5682e-01
NCS253 5.6677e-03 9.8476e-02 2.8809e-03 4.8212e-02 1.1490e-01 8.7437e-02
NCS255 2.8473e-01 8.7380e-01 1.6839e-01 8.8509e-01 8.1185e-01 8.7074e-01
NCS263 5.7585e-02 3.1939e-01 3.6562e-02 2.1716e-01 3.5026e-01 3.0491e-01
           CUB011     CUB012     CUB015     CUB016     CUB017     CUB019
CUB000 8.8000e-02 2.3200e-01 1.2300e-01 2.7700e-01 1.4000e-02 7.9500e-01
CUB003 5.4200e-01 9.2900e-01 4.9400e-01 7.1800e-01 2.0600e-01 2.6300e-01
CUB004 5.3000e-02 1.1900e-01 8.2000e-02 1.3000e-01 4.0000e-03 4.7700e-01
CUB007 3.6600e-01 7.9500e-01 3.6500e-01 9.8400e-01 1.2100e-01 3.8600e-01
CUB009 5.9600e-01 8.5800e-01 5.3800e-01 6.9100e-01 1.9800e-01 2.3700e-01
CUB010 5.2500e-01 9.1300e-01 4.7100e-01 7.3500e-01 1.8000e-01 2.4000e-01
CUB011            4.9800e-01 8.9900e-01 3.1400e-01 5.5500e-01 9.5000e-02
CUB012 4.5308e-01            4.6000e-01 7.9200e-01 1.5300e-01 2.8000e-01
CUB015 8.8556e-01 4.2965e-01            3.5100e-01 7.1300e-01 1.3800e-01
CUB016 3.0840e-01 7.8969e-01 3.3293e-01            8.6000e-02 3.1600e-01
CUB017 5.4554e-01 1.5114e-01 7.0354e-01 8.8182e-02            1.6000e-02
CUB019 1.0315e-01 2.9317e-01 1.5263e-01 3.1813e-01 2.3773e-02           
CUB026 7.0669e-01 5.8143e-01 6.5020e-01 2.9888e-01 2.7082e-01 3.2221e-02
CUB027 7.6639e-01 6.5488e-01 6.8498e-01 4.7776e-01 3.5019e-01 1.7103e-01
CUB028 9.0747e-01 4.6926e-01 9.8584e-01 3.7205e-01 7.0497e-01 1.8304e-01
CUB029 9.8413e-01 4.7786e-01 8.7037e-01 3.4325e-01 5.3436e-01 1.2793e-01
CUB032 5.1225e-01 9.6142e-01 4.9179e-01 7.5686e-01 1.9820e-01 2.8500e-01
CUB033 4.2345e-01 1.0579e-01 5.6668e-01 6.5011e-02 8.2372e-01 1.8767e-02
CUB036 7.7815e-01 7.9467e-01 7.0366e-01 6.7257e-01 4.3547e-01 3.8549e-01
CUB037 2.8167e-01 7.0406e-01 2.9319e-01 8.8020e-01 7.9464e-02 4.9735e-01
CUB038 8.5955e-01 5.5323e-01 7.6123e-01 3.8560e-01 4.1275e-01 1.2693e-01
CUB040 5.7770e-02 1.5337e-01 8.7498e-02 1.6661e-01 1.2219e-02 5.3989e-01
CUB042 1.0798e-01 3.2579e-01 1.5040e-01 3.8241e-01 2.3066e-02 9.0634e-01
CUB044 2.7953e-01 5.7884e-01 2.7902e-01 6.9989e-01 9.7051e-02 8.3653e-01
CUB048 1.1582e-01 3.3873e-01 1.5500e-01 4.0470e-01 2.5538e-02 9.1754e-01
CUB049 1.7584e-01 5.2376e-01 2.1617e-01 6.6015e-01 4.0340e-02 5.3948e-01
CUB050 2.9048e-02 6.5133e-02 5.6914e-02 5.1362e-02 6.3197e-03 2.0599e-01
CUB052 3.1377e-02 7.7289e-02 5.5375e-02 7.3438e-02 6.2890e-03 2.7955e-01
CUB053 9.5941e-01 4.1419e-01 8.3488e-01 2.5430e-01 4.5284e-01 6.2377e-02
CUB056 2.2606e-01 5.4231e-01 2.6313e-01 6.5688e-01 6.8301e-02 6.9030e-01
CUB061 7.6011e-01 1.9057e-01 9.3717e-01 5.6038e-02 6.8399e-01 4.0813e-03
NAU101 3.5137e-01 9.1285e-01 3.7352e-01 8.2585e-01 9.9792e-02 1.7519e-01
NAU102 5.9261e-01 9.1702e-01 5.5976e-01 7.3664e-01 2.6647e-01 3.2307e-01
NAU105 7.4368e-01 2.2145e-01 9.0813e-01 9.9123e-02 7.4523e-01 1.6610e-02
NAU106 8.6216e-01 5.4286e-01 7.6294e-01 3.7239e-01 4.1059e-01 1.1752e-01
NAU107 6.9988e-01 5.8434e-01 6.3575e-01 3.2331e-01 2.5852e-01 4.5489e-02
NAU108 4.2471e-01 8.5243e-01 4.2826e-01 9.7847e-01 1.6774e-01 4.5828e-01
NAU109 1.0982e-01 2.9467e-01 1.5258e-01 3.3330e-01 2.6514e-02 9.2994e-01
NAU110 1.8352e-01 4.5831e-01 2.1461e-01 5.5925e-01 5.0471e-02 8.2980e-01
NAU114 4.8177e-01 9.7826e-01 4.5991e-01 7.6968e-01 1.7252e-01 2.8500e-01
NAU117 1.0598e-01 1.5255e-02 1.8175e-01 8.5308e-03 2.4723e-01 2.4036e-03
NAU119 8.5940e-01 4.7829e-01 7.6405e-01 2.6204e-01 3.8280e-01 4.5541e-02
NAU121 3.0364e-01 7.3823e-01 3.2136e-01 9.1919e-01 9.1088e-02 4.4588e-01
NAU123 3.2989e-01 8.6391e-01 3.5549e-01 8.9060e-01 9.2723e-02 2.1113e-01
NAU124 5.6140e-01 8.7436e-01 5.2175e-01 6.6891e-01 2.1590e-01 2.4213e-01
NAU129 9.6197e-01 3.5373e-01 8.3486e-01 1.6364e-01 4.2559e-01 2.0636e-02
NAU130 9.8031e-01 3.4577e-01 8.8493e-01 1.8166e-01 4.9104e-01 3.2770e-02
NAU132 1.4809e-01 4.1482e-01 1.9531e-01 4.9263e-01 3.6226e-02 7.5463e-01
NAU133 4.2094e-01 8.1118e-01 4.1890e-01 9.6084e-01 1.7296e-01 5.5914e-01
NAU134 9.2511e-01 5.5698e-01 8.3062e-01 4.0659e-01 5.1244e-01 1.6017e-01
NAU136 9.9944e-01 3.8265e-01 8.7559e-01 2.0897e-01 4.9762e-01 4.1565e-02
NAU137 4.4442e-01 8.4379e-01 4.3722e-01 9.9579e-01 1.8665e-01 5.3798e-01
NAU139 8.8098e-01 2.6215e-01 9.6234e-01 1.1764e-01 5.5827e-01 1.6324e-02
NAU144 3.7693e-01 8.8713e-01 3.9581e-01 8.8812e-01 1.2246e-01 2.6166e-01
NAU148 2.3608e-01 5.4942e-01 2.6787e-01 6.6557e-01 7.3550e-02 7.2103e-01
NAU149 7.6793e-01 5.0357e-01 6.8681e-01 2.5319e-01 2.9338e-01 2.9902e-02
NAU150 4.1620e-01 9.6442e-01 4.1444e-01 8.0600e-01 1.3397e-01 2.5110e-01
NAU153 2.9908e-01 6.9523e-01 3.2478e-01 8.5477e-01 9.6191e-02 5.0949e-01
NAU154 2.5932e-01 6.9890e-01 2.9545e-01 8.8802e-01 6.9801e-02 3.5826e-01
NAU155 3.6785e-01 8.8491e-01 3.7717e-01 8.9404e-01 1.1315e-01 2.8950e-01
NAU156 2.6272e-01 5.4724e-01 2.9125e-01 6.4896e-01 9.3833e-02 8.2017e-01
NAU157 1.7409e-01 5.0147e-01 2.2422e-01 6.1303e-01 4.2606e-02 5.4558e-01
NAU159 6.1063e-02 1.6580e-01 1.0513e-01 1.5089e-01 1.3405e-02 5.9746e-01
NAU160 9.1727e-01 4.4759e-01 8.1005e-01 2.5446e-01 4.3373e-01 5.1914e-02
NAU161 6.5472e-01 9.2485e-01 6.0395e-01 7.8677e-01 3.3817e-01 4.4516e-01
NAU164 7.1012e-01 7.0719e-01 6.5673e-01 4.9069e-01 3.2067e-01 1.4389e-01
NCS203 1.9791e-02 4.2469e-02 4.5841e-02 2.5294e-02 4.1585e-03 1.1540e-01
NCS204 4.8594e-02 1.2086e-01 8.4207e-02 1.1020e-01 1.0825e-02 4.1186e-01
NCS210 2.1647e-01 2.3574e-02 3.9039e-01 6.1167e-03 5.7189e-01 6.6579e-04
NCS212 6.3935e-01 7.4562e-01 5.9460e-01 5.1270e-01 2.5688e-01 1.3500e-01
NCS213 2.2509e-01 5.6146e-01 2.6804e-01 6.8313e-01 6.5925e-02 5.9972e-01
NCS214 5.2318e-01 1.4637e-01 6.8002e-01 8.4114e-02 9.5414e-01 2.3135e-02
NCS233 4.6301e-01 1.0347e-01 6.3756e-01 4.8350e-02 9.1472e-01 9.7936e-03
NCS234 3.7002e-01 9.0506e-01 3.8142e-01 8.6159e-01 1.1191e-01 2.5031e-01
NCS236 1.4473e-01 4.1394e-01 1.9468e-01 4.8838e-01 3.4789e-02 7.2216e-01
NCS243 1.5281e-01 3.5609e-01 1.9111e-01 4.1358e-01 4.4454e-02 9.4389e-01
NCS248 4.7105e-01 9.2205e-01 4.5201e-01 9.0800e-01 1.8886e-01 4.4332e-01
NCS253 3.9245e-01 7.5638e-02 5.6413e-01 3.4805e-02 8.3158e-01 6.7300e-03
NCS255 4.4060e-01 9.4411e-01 4.2557e-01 8.5936e-01 1.5536e-01 3.5190e-01
NCS263 7.0059e-01 2.7747e-01 8.3362e-01 1.9027e-01 8.9034e-01 7.1695e-02
           CUB026     CUB027     CUB028     CUB029     CUB032     CUB033
CUB000 3.8000e-02 1.5700e-01 1.3800e-01 8.3000e-02 2.5100e-01 9.0000e-03
CUB003 6.8300e-01 7.5600e-01 5.2600e-01 5.2600e-01 9.6400e-01 1.2500e-01
CUB004 2.0000e-02 9.3000e-02 8.8000e-02 5.5000e-02 1.6200e-01 7.0000e-03
CUB007 3.9200e-01 5.1900e-01 3.6300e-01 3.8100e-01 8.1300e-01 5.8000e-02
CUB009 7.3500e-01 7.9000e-01 5.7000e-01 5.9600e-01 9.1200e-01 1.6100e-01
CUB010 6.7200e-01 7.3100e-01 5.1400e-01 5.2500e-01 9.5800e-01 1.0900e-01
CUB011 7.0800e-01 7.9200e-01 8.9800e-01 9.9000e-01 5.4200e-01 4.3200e-01
CUB012 6.1100e-01 6.8700e-01 4.7500e-01 4.8900e-01 9.5200e-01 9.9000e-02
CUB015 6.8800e-01 7.0500e-01 9.9100e-01 8.9000e-01 4.8900e-01 5.8700e-01
CUB016 2.8900e-01 4.8400e-01 3.8200e-01 3.3800e-01 7.8100e-01 5.3000e-02
CUB017 2.8500e-01 3.8000e-01 7.2100e-01 5.6000e-01 2.0700e-01 8.2500e-01
CUB019 1.9000e-02 1.7500e-01 1.9200e-01 1.1800e-01 2.7400e-01 1.8000e-02
CUB026            9.9000e-01 6.8300e-01 7.3900e-01 6.6700e-01 2.0900e-01
CUB027 9.8637e-01            7.1400e-01 7.9500e-01 7.3500e-01 2.8200e-01
CUB028 6.8484e-01 7.1729e-01            8.9400e-01 5.3400e-01 5.7900e-01
CUB029 7.4113e-01 7.8564e-01 8.9328e-01            5.3000e-01 4.0100e-01
CUB032 6.3451e-01 7.0980e-01 5.2978e-01 5.3855e-01            1.2900e-01
CUB033 2.0339e-01 2.5875e-01 5.7555e-01 4.1002e-01 1.4735e-01           
CUB036 9.5512e-01 9.5041e-01 7.3272e-01 7.8781e-01 8.3652e-01 3.3928e-01
CUB037 3.0815e-01 4.2993e-01 3.3150e-01 3.0639e-01 6.8403e-01 5.5628e-02
CUB038 8.6133e-01 8.9709e-01 7.9029e-01 8.7819e-01 6.1180e-01 3.0792e-01
CUB040 2.4682e-02 9.2816e-02 1.1042e-01 6.9566e-02 1.6171e-01 9.0219e-03
CUB042 4.9064e-02 1.8273e-01 1.8080e-01 1.3120e-01 3.1844e-01 1.7287e-02
CUB044 3.1743e-01 3.8775e-01 3.1607e-01 2.9107e-01 5.8188e-01 6.8396e-02
CUB048 6.3361e-02 1.9242e-01 1.8580e-01 1.3790e-01 3.3386e-01 1.8829e-02
CUB049 1.1749e-01 2.9358e-01 2.5150e-01 2.0609e-01 5.0348e-01 2.9605e-02
CUB050 4.7233e-03 4.5045e-02 7.4582e-02 3.7754e-02 7.0870e-02 5.1478e-03
CUB052 8.7447e-03 4.9747e-02 7.2810e-02 3.9169e-02 8.5319e-02 4.7747e-03
CUB053 7.0220e-01 7.7014e-01 8.6157e-01 9.7855e-01 4.7510e-01 3.3227e-01
CUB056 1.7828e-01 3.3924e-01 2.9992e-01 2.5373e-01 5.3078e-01 5.1948e-02
CUB061 2.6173e-01 4.9693e-01 9.2403e-01 7.5573e-01 2.2733e-01 5.3613e-01
NAU101 3.4711e-01 5.4956e-01 4.1330e-01 3.9193e-01 8.6955e-01 7.4077e-02
NAU102 7.3468e-01 7.8071e-01 5.9533e-01 6.1408e-01 9.5445e-01 2.0405e-01
NAU105 3.4385e-01 5.0374e-01 8.9762e-01 7.3685e-01 2.6726e-01 5.9376e-01
NAU106 8.5244e-01 8.9098e-01 7.9205e-01 8.8122e-01 6.0164e-01 3.0588e-01
NAU107 9.9520e-01 9.8301e-01 6.7142e-01 7.3235e-01 6.4059e-01 1.8844e-01
NAU108 4.7351e-01 5.8343e-01 4.6649e-01 4.5026e-01 8.2823e-01 1.2832e-01
NAU109 5.1225e-02 1.7599e-01 1.8295e-01 1.3129e-01 2.9314e-01 2.0287e-02
NAU110 1.5102e-01 2.8038e-01 2.4937e-01 2.0544e-01 4.5495e-01 3.6875e-02
NAU114 6.0763e-01 6.8274e-01 4.9884e-01 5.0759e-01 9.8277e-01 1.2445e-01
NAU117 3.0896e-02 5.2212e-02 2.0203e-01 1.0047e-01 2.7823e-02 3.3960e-01
NAU119 7.9204e-01 8.6749e-01 7.9353e-01 8.8339e-01 5.3345e-01 2.8818e-01
NAU121 3.1470e-01 4.5779e-01 3.6008e-01 3.3235e-01 7.1419e-01 6.6226e-02
NAU123 3.1388e-01 5.1755e-01 3.9507e-01 3.6937e-01 8.2344e-01 6.8891e-02
NAU124 7.3088e-01 7.7628e-01 5.5957e-01 5.8538e-01 9.1884e-01 1.5626e-01
NAU129 6.1743e-01 7.4229e-01 8.6203e-01 9.8325e-01 4.0762e-01 3.1386e-01
NAU130 5.9422e-01 7.0227e-01 9.0897e-01 9.6227e-01 4.0192e-01 3.6655e-01
NAU132 7.4599e-02 2.4117e-01 2.2905e-01 1.7637e-01 4.0196e-01 2.7778e-02
NAU133 4.7765e-01 5.6648e-01 4.5697e-01 4.4131e-01 7.9374e-01 1.3146e-01
NAU134 8.1928e-01 8.6015e-01 8.5445e-01 9.4070e-01 6.1269e-01 4.0408e-01
NAU136 6.3053e-01 7.3493e-01 8.9923e-01 9.8280e-01 4.3815e-01 3.7936e-01
NAU137 5.1363e-01 5.9396e-01 4.7510e-01 4.6405e-01 8.2454e-01 1.4185e-01
NAU139 4.5600e-01 5.9975e-01 9.8252e-01 8.6642e-01 3.1292e-01 4.1889e-01
NAU144 3.8467e-01 5.6065e-01 4.3504e-01 4.1347e-01 8.5043e-01 9.2737e-02
NAU148 2.0318e-01 3.4862e-01 3.0476e-01 2.6138e-01 5.4066e-01 5.5368e-02
NAU149 8.8252e-01 9.3705e-01 7.2075e-01 7.9858e-01 5.5942e-01 2.1414e-01
NAU150 4.9322e-01 6.1538e-01 4.5400e-01 4.4817e-01 9.2506e-01 9.7267e-02
NAU153 2.8495e-01 4.4124e-01 3.6319e-01 3.2851e-01 6.7486e-01 7.2387e-02
NAU154 2.1017e-01 4.1202e-01 3.3378e-01 2.9517e-01 6.6861e-01 5.2179e-02
NAU155 4.0901e-01 5.5312e-01 4.1670e-01 4.0054e-01 8.4932e-01 8.2453e-02
NAU156 2.3746e-01 3.6760e-01 3.2845e-01 2.8493e-01 5.4450e-01 7.2044e-02
NAU157 8.7037e-02 2.8700e-01 2.5974e-01 2.0757e-01 4.7914e-01 3.2833e-02
NAU159 1.0733e-02 1.0114e-01 1.3039e-01 7.9183e-02 1.6427e-01 1.0928e-02
NAU160 7.3333e-01 8.1640e-01 8.3708e-01 9.3798e-01 5.0369e-01 3.2839e-01
NAU161 8.0321e-01 8.1923e-01 6.3717e-01 6.6653e-01 9.5701e-01 2.6176e-01
NAU164 9.3050e-01 9.3858e-01 6.8954e-01 7.3552e-01 7.5705e-01 2.4685e-01
NCS203 1.3705e-03 3.1059e-02 6.1232e-02 2.7480e-02 4.5593e-02 3.5803e-03
NCS204 1.1065e-02 7.7389e-02 1.0654e-01 6.1670e-02 1.2566e-01 8.6505e-03
NCS210 3.1379e-02 1.0441e-01 4.0587e-01 2.2295e-01 3.6610e-02 7.6624e-01
NCS212 8.4529e-01 8.7708e-01 6.3040e-01 6.6805e-01 7.9635e-01 1.9198e-01
NCS213 1.5856e-01 3.4475e-01 3.0507e-01 2.5669e-01 5.4401e-01 5.0827e-02
NCS214 2.5208e-01 3.3738e-01 6.8358e-01 5.1401e-01 1.9187e-01 8.7477e-01
NCS233 1.7557e-01 2.7970e-01 6.4260e-01 4.5892e-01 1.3986e-01 9.0190e-01
NCS234 4.0561e-01 5.6131e-01 4.2105e-01 4.0488e-01 8.6671e-01 8.1874e-02
NCS236 6.4211e-02 2.3847e-01 2.2839e-01 1.7437e-01 3.9859e-01 2.6939e-02
NCS243 1.0252e-01 2.2714e-01 2.2421e-01 1.7321e-01 3.5937e-01 3.3833e-02
NCS248 5.7287e-01 6.3985e-01 4.9018e-01 4.9088e-01 8.9524e-01 1.3960e-01
NCS253 1.3782e-01 2.2414e-01 5.7228e-01 3.8755e-01 1.0726e-01 9.7654e-01
NCS255 5.4331e-01 6.2625e-01 4.6471e-01 4.6496e-01 9.1107e-01 1.1179e-01
NCS263 4.3645e-01 5.0730e-01 8.2985e-01 6.8834e-01 3.3483e-01 7.4362e-01
           CUB036     CUB037     CUB038     CUB040     CUB042     CUB044
CUB000 3.0200e-01 3.9000e-01 8.9000e-02 7.5900e-01 7.1400e-01 7.0700e-01
CUB003 8.6200e-01 6.8100e-01 6.3100e-01 1.6000e-01 3.2000e-01 5.3900e-01
CUB004 2.4200e-01 2.2100e-01 4.8000e-02 9.4500e-01 4.2200e-01 5.1000e-01
CUB007 6.8000e-01 8.8300e-01 4.1600e-01 1.9900e-01 4.4400e-01 7.0500e-01
CUB009 8.9900e-01 6.1100e-01 7.1600e-01 1.2800e-01 2.8400e-01 5.1000e-01
CUB010 8.4300e-01 6.2700e-01 5.8700e-01 1.1700e-01 2.8200e-01 5.2900e-01
CUB011 7.8400e-01 2.8800e-01 8.5800e-01 6.1000e-02 1.0500e-01 2.9800e-01
CUB012 7.9200e-01 7.0700e-01 5.1800e-01 1.6000e-01 3.1600e-01 5.9300e-01
CUB015 6.8200e-01 3.0400e-01 7.5000e-01 9.5000e-02 1.6800e-01 2.8500e-01
CUB016 6.9100e-01 8.8600e-01 3.6400e-01 1.6900e-01 3.9200e-01 6.9800e-01
CUB017 4.3900e-01 8.5000e-02 4.1700e-01 7.0000e-03 2.0000e-02 1.0300e-01
CUB019 3.7800e-01 4.8900e-01 1.0000e-01 5.5400e-01 9.0400e-01 8.4400e-01
CUB026 9.5900e-01 3.2300e-01 8.6500e-01 2.1000e-02 5.1000e-02 3.0900e-01
CUB027 9.5200e-01 4.4200e-01 9.0900e-01 9.1000e-02 1.9700e-01 4.2100e-01
CUB028 7.3900e-01 3.4100e-01 7.8700e-01 1.2400e-01 1.7800e-01 3.2900e-01
CUB029 7.9000e-01 2.9800e-01 8.5000e-01 7.0000e-02 1.2700e-01 3.0100e-01
CUB032 8.1700e-01 6.9400e-01 6.0700e-01 1.6200e-01 3.3300e-01 5.7200e-01
CUB033 3.4500e-01 4.4000e-02 2.9700e-01 6.0000e-03 2.0000e-02 6.3000e-02
CUB036            6.1600e-01 8.7100e-01 2.4500e-01 4.0100e-01 5.6500e-01
CUB037 6.1443e-01            3.3800e-01 2.7400e-01 5.6200e-01 7.8700e-01
CUB038 8.7328e-01 3.4779e-01            6.2000e-02 1.4300e-01 3.0500e-01
CUB040 2.5202e-01 2.6752e-01 6.7951e-02            4.9500e-01 5.5700e-01
CUB042 3.9281e-01 5.5317e-01 1.3517e-01 4.8123e-01            8.8100e-01
CUB044 5.4575e-01 7.9140e-01 3.2504e-01 5.6034e-01 8.8418e-01           
CUB048 3.9784e-01 5.6418e-01 1.4394e-01 5.0350e-01 9.9511e-01 8.8386e-01
CUB049 5.1332e-01 8.2907e-01 2.2395e-01 2.6824e-01 6.3009e-01 8.9301e-01
CUB050 1.7434e-01 1.1498e-01 3.2193e-02 6.0354e-01 1.8376e-01 3.5618e-01
CUB052 1.7594e-01 1.3933e-01 3.5508e-02 6.8094e-01 2.4397e-01 3.8424e-01
CUB053 7.7595e-01 2.3071e-01 8.7924e-01 3.1160e-02 6.7654e-02 2.2858e-01
CUB056 5.4283e-01 7.9755e-01 2.7245e-01 3.9858e-01 7.6429e-01 9.5335e-01
CUB061 6.0109e-01 7.8317e-02 5.8991e-01 4.7748e-03 6.4448e-03 1.2699e-01
NAU101 7.3766e-01 7.3041e-01 4.4495e-01 9.5786e-02 2.3345e-01 5.9430e-01
NAU102 8.8257e-01 6.7284e-01 6.8974e-01 1.9619e-01 3.4985e-01 5.8686e-01
NAU105 5.9392e-01 1.0800e-01 5.8821e-01 1.1724e-02 1.9513e-02 1.4622e-01
NAU106 8.6868e-01 3.3673e-01 9.9518e-01 6.2653e-02 1.2592e-01 3.1681e-01
NAU107 9.5558e-01 3.1421e-01 8.5639e-01 2.7514e-02 6.1102e-02 3.0914e-01
NAU108 7.3669e-01 8.8761e-01 4.9964e-01 2.7844e-01 5.0348e-01 7.4116e-01
NAU109 3.7834e-01 4.8570e-01 1.3291e-01 6.2670e-01 8.4969e-01 8.0427e-01
NAU110 4.7724e-01 6.9336e-01 2.2165e-01 4.9095e-01 9.0079e-01 9.6237e-01
NAU114 8.1651e-01 6.9036e-01 5.8231e-01 1.5461e-01 3.1794e-01 5.7706e-01
NAU117 1.0907e-01 7.4057e-03 6.3456e-02 1.2342e-03 1.9252e-03 1.4177e-02
NAU119 8.5581e-01 2.5947e-01 9.8230e-01 2.8389e-02 5.6723e-02 2.7285e-01
NAU121 6.4464e-01 9.6185e-01 3.7304e-01 2.4156e-01 5.0464e-01 7.6668e-01
NAU123 7.1163e-01 7.8352e-01 4.1718e-01 1.1307e-01 2.7407e-01 6.3004e-01
NAU124 8.8541e-01 6.0140e-01 6.7282e-01 1.3137e-01 2.6735e-01 5.1380e-01
NAU129 7.6457e-01 1.6878e-01 8.6081e-01 1.2910e-02 2.6658e-02 1.9348e-01
NAU130 7.3247e-01 1.7647e-01 8.1138e-01 1.8265e-02 3.7973e-02 1.9457e-01
NAU132 4.6060e-01 6.6837e-01 1.8377e-01 4.0001e-01 8.5013e-01 9.7409e-01
NAU133 7.1416e-01 9.5054e-01 4.8875e-01 3.5474e-01 5.9996e-01 7.9584e-01
NAU134 8.5199e-01 3.7329e-01 9.4901e-01 9.5703e-02 1.6743e-01 3.5964e-01
NAU136 7.6029e-01 2.0525e-01 8.4027e-01 2.4788e-02 4.8320e-02 2.2533e-01
NAU137 7.3477e-01 9.1929e-01 5.1512e-01 3.4183e-01 5.7594e-01 7.7345e-01
NAU139 6.5905e-01 1.2142e-01 7.0527e-01 9.8323e-03 1.9730e-02 1.4906e-01
NAU144 7.3823e-01 7.9095e-01 4.6367e-01 1.4661e-01 3.2020e-01 6.4941e-01
NAU148 5.4511e-01 7.9643e-01 2.8241e-01 4.2799e-01 7.8888e-01 9.6178e-01
NAU149 9.0046e-01 2.5526e-01 9.3488e-01 1.9274e-02 4.1576e-02 2.6586e-01
NAU150 7.7419e-01 7.1874e-01 5.1310e-01 1.3301e-01 2.9446e-01 5.9239e-01
NAU153 6.3154e-01 9.7720e-01 3.6182e-01 2.8924e-01 5.7336e-01 8.2031e-01
NAU154 6.2252e-01 9.7071e-01 3.2642e-01 1.8590e-01 4.3656e-01 7.5872e-01
NAU155 7.2747e-01 7.9357e-01 4.5551e-01 1.5296e-01 3.4058e-01 6.4350e-01
NAU156 5.5325e-01 7.6434e-01 3.0533e-01 5.2891e-01 8.7956e-01 9.9132e-01
NAU157 5.1461e-01 7.9723e-01 2.1948e-01 2.7736e-01 6.5012e-01 9.1770e-01
NAU159 2.9005e-01 2.9402e-01 7.3033e-02 8.3919e-01 5.3705e-01 6.3339e-01
NAU160 8.1909e-01 2.4725e-01 9.2582e-01 3.0828e-02 6.1108e-02 2.6017e-01
NAU161 8.9900e-01 7.2422e-01 7.4083e-01 2.9361e-01 4.6187e-01 6.3536e-01
NAU164 9.9626e-01 4.5877e-01 8.3504e-01 8.7001e-02 1.6573e-01 4.2938e-01
NCS203 1.4886e-01 7.6089e-02 2.1631e-02 4.9091e-01 1.0787e-01 2.9932e-01
NCS204 2.3935e-01 2.1182e-01 5.6161e-02 9.0526e-01 3.6841e-01 5.0822e-01
NCS210 2.1494e-01 8.1869e-03 1.3213e-01 5.3960e-04 7.1852e-04 2.1253e-02
NCS212 9.6379e-01 4.7320e-01 7.6669e-01 7.6923e-02 1.5895e-01 4.3006e-01
NCS213 5.5681e-01 8.3585e-01 2.7458e-01 3.3270e-01 6.8302e-01 9.1411e-01
NCS214 4.2962e-01 7.7818e-02 3.9585e-01 1.2655e-02 2.2509e-02 9.9254e-02
NCS233 3.8744e-01 4.8495e-02 3.3528e-01 5.7089e-03 9.9033e-03 7.2090e-02
NCS234 7.3740e-01 7.6394e-01 4.6087e-01 1.3199e-01 3.0234e-01 6.2109e-01
NCS236 4.6224e-01 6.7359e-01 1.8064e-01 3.7428e-01 8.2437e-01 9.8441e-01
NCS243 4.2245e-01 5.4373e-01 1.7953e-01 6.7401e-01 8.7521e-01 8.2539e-01
NCS248 7.7244e-01 8.2528e-01 5.5343e-01 2.6677e-01 4.7676e-01 6.9223e-01
NCS253 3.2716e-01 3.3813e-02 2.7310e-01 3.6078e-03 6.5908e-03 5.1668e-02
NCS255 7.7046e-01 7.7151e-01 5.3129e-01 1.9454e-01 3.8846e-01 6.3714e-01
NCS263 5.7293e-01 1.7289e-01 5.7402e-01 4.1804e-02 7.0399e-02 1.9010e-01
           CUB048     CUB049     CUB050     CUB052     CUB053     CUB056
CUB000 7.1500e-01 4.2500e-01 4.2000e-01 5.0400e-01 3.5000e-02 5.6800e-01
CUB003 3.1100e-01 4.9700e-01 6.9000e-02 8.3000e-02 4.8300e-01 5.0500e-01
CUB004 4.5000e-01 2.3300e-01 6.7600e-01 7.3800e-01 2.8000e-02 3.8000e-01
CUB007 4.5400e-01 6.7500e-01 6.9000e-02 9.0000e-02 2.8700e-01 6.7800e-01
CUB009 2.6800e-01 4.2700e-01 5.8000e-02 5.7000e-02 5.5600e-01 4.6600e-01
CUB010 3.0300e-01 4.5400e-01 5.1000e-02 5.5000e-02 4.8400e-01 4.9000e-01
CUB011 1.1200e-01 1.9400e-01 3.1000e-02 2.6000e-02 9.5700e-01 2.2900e-01
CUB012 3.4700e-01 5.4100e-01 7.3000e-02 8.0000e-02 4.0500e-01 5.5800e-01
CUB015 1.5400e-01 2.3800e-01 6.3000e-02 5.3000e-02 8.3900e-01 2.5400e-01
CUB016 4.1500e-01 6.5400e-01 5.9000e-02 7.4000e-02 2.5400e-01 6.8400e-01
CUB017 1.5000e-02 2.6000e-02 3.0000e-03 8.0000e-03 4.7200e-01 6.5000e-02
CUB019 9.2400e-01 5.2600e-01 1.9900e-01 2.8000e-01 5.3000e-02 6.9600e-01
CUB026 6.6000e-02 1.0700e-01 4.0000e-03 9.0000e-03 7.0900e-01 1.8400e-01
CUB027 2.0600e-01 3.0800e-01 4.8000e-02 5.1000e-02 7.7300e-01 3.6100e-01
CUB028 1.9300e-01 2.2700e-01 7.3000e-02 7.3000e-02 8.7400e-01 3.0000e-01
CUB029 1.3800e-01 1.8800e-01 3.3000e-02 3.1000e-02 9.7700e-01 2.6500e-01
CUB032 3.3000e-01 4.9300e-01 7.5000e-02 8.3000e-02 4.6300e-01 5.6000e-01
CUB033 1.4000e-02 2.5000e-02 3.0000e-03 5.0000e-03 3.2700e-01 4.3000e-02
CUB036 4.2600e-01 5.1500e-01 1.6600e-01 1.6800e-01 7.7600e-01 5.4300e-01
CUB037 5.7500e-01 8.3600e-01 1.0800e-01 1.1900e-01 2.1800e-01 8.1100e-01
CUB038 1.3400e-01 1.9700e-01 2.8000e-02 4.0000e-02 8.9700e-01 2.6900e-01
CUB040 5.0100e-01 2.6000e-01 6.2500e-01 6.9300e-01 2.5000e-02 4.1500e-01
CUB042 9.9400e-01 6.3700e-01 1.9900e-01 2.5000e-01 5.9000e-02 7.5800e-01
CUB044 8.7000e-01 8.8500e-01 3.7700e-01 3.9900e-01 2.3000e-01 9.5900e-01
CUB048            6.5500e-01 2.1400e-01 2.9200e-01 7.5000e-02 7.8200e-01
CUB049 6.4509e-01            7.9000e-02 1.2000e-01 1.2700e-01 9.2900e-01
CUB050 2.0980e-01 8.3051e-02            9.2800e-01 1.3000e-02 1.7100e-01
CUB052 2.6728e-01 1.1907e-01 9.2081e-01            1.0000e-02 2.3500e-01
CUB053 7.4458e-02 1.2592e-01 1.2521e-02 1.4335e-02            1.7700e-01
CUB056 7.7148e-01 9.2599e-01 1.7734e-01 2.2108e-01 1.7073e-01           
CUB061 9.6785e-03 1.5707e-02 9.4798e-04 1.7441e-03 6.6927e-01 4.0899e-02
NAU101 2.6102e-01 4.6978e-01 2.1557e-02 3.6275e-02 2.9856e-01 5.0079e-01
NAU102 3.6299e-01 5.1507e-01 1.0172e-01 1.1532e-01 5.6346e-01 5.4436e-01
NAU105 2.4176e-02 3.8839e-02 4.0212e-03 5.2480e-03 6.5822e-01 7.3354e-02
NAU106 1.3480e-01 2.1209e-01 2.8807e-02 3.2130e-02 8.8276e-01 2.6097e-01
NAU107 7.3899e-02 1.3794e-01 6.3656e-03 1.0124e-02 6.9677e-01 1.9341e-01
NAU108 5.1701e-01 7.2602e-01 1.3805e-01 1.6244e-01 3.7471e-01 7.2209e-01
NAU109 8.6201e-01 5.3055e-01 2.9269e-01 3.6131e-01 6.8602e-02 6.6792e-01
NAU110 9.0088e-01 7.9818e-01 2.4196e-01 2.8717e-01 1.3343e-01 8.9000e-01
NAU114 3.3217e-01 5.0918e-01 6.6156e-02 7.9270e-02 4.4366e-01 5.3248e-01
NAU117 2.1975e-03 3.1772e-03 8.3628e-04 6.9093e-04 5.8009e-02 8.7762e-03
NAU119 6.7389e-02 1.1663e-01 8.3704e-03 1.1845e-02 8.8230e-01 1.6996e-01
NAU121 5.1949e-01 7.7956e-01 9.6781e-02 1.2231e-01 2.5056e-01 7.5723e-01
NAU123 3.0141e-01 5.3027e-01 2.7172e-02 4.4220e-02 2.7590e-01 5.5060e-01
NAU124 2.8036e-01 4.3071e-01 5.8069e-02 6.8010e-02 5.3372e-01 4.6422e-01
NAU129 3.3240e-02 6.1178e-02 3.2340e-03 4.8168e-03 9.9239e-01 1.0257e-01
NAU130 4.4414e-02 7.7643e-02 6.0332e-03 7.7009e-03 9.2785e-01 1.1994e-01
NAU132 8.5441e-01 7.7608e-01 1.4402e-01 1.9785e-01 9.9766e-02 8.8897e-01
NAU133 6.0865e-01 8.1318e-01 2.0117e-01 2.2481e-01 3.7130e-01 7.9723e-01
NAU134 1.7688e-01 2.5479e-01 5.2335e-02 5.6147e-02 9.5017e-01 3.0710e-01
NAU136 5.6286e-02 9.4438e-02 8.6209e-03 1.1036e-02 9.5382e-01 1.4199e-01
NAU137 5.8479e-01 7.8138e-01 1.9584e-01 2.1749e-01 3.9701e-01 7.7107e-01
NAU139 2.4309e-02 4.3553e-02 2.8394e-03 3.8620e-03 8.1041e-01 7.7505e-02
NAU144 3.4484e-01 5.6327e-01 4.5162e-02 6.5688e-02 3.2400e-01 5.8156e-01
NAU148 7.9408e-01 9.1903e-01 2.0682e-01 2.4846e-01 1.8103e-01 9.9054e-01
NAU149 5.2059e-02 9.8614e-02 4.1213e-03 6.8244e-03 7.7795e-01 1.5052e-01
NAU150 3.1333e-01 5.0847e-01 4.6065e-02 6.1158e-02 3.7040e-01 5.3161e-01
NAU153 5.8759e-01 8.5497e-01 1.2199e-01 1.5376e-01 2.4334e-01 8.2163e-01
NAU154 4.6045e-01 7.5339e-01 5.3017e-02 7.9683e-02 2.0379e-01 7.3098e-01
NAU155 3.6031e-01 5.8083e-01 5.2083e-02 7.0205e-02 3.1769e-01 5.9228e-01
NAU156 8.8084e-01 8.6354e-01 2.9936e-01 3.4142e-01 2.0570e-01 9.3653e-01
NAU157 6.6797e-01 9.5790e-01 7.8443e-02 1.2104e-01 1.2198e-01 9.5725e-01
NAU159 5.6934e-01 2.6808e-01 3.9861e-01 4.9758e-01 3.1695e-02 4.2603e-01
NAU160 7.0685e-02 1.1895e-01 1.0501e-02 1.3682e-02 9.4957e-01 1.7035e-01
NAU161 4.6863e-01 6.0747e-01 1.9324e-01 2.0124e-01 6.3334e-01 6.2651e-01
NAU164 1.8176e-01 2.8399e-01 3.4565e-02 4.3625e-02 7.0086e-01 3.3943e-01
NCS203 1.3313e-01 4.1617e-02 8.8592e-01 8.0940e-01 7.4900e-03 1.1542e-01
NCS204 3.9847e-01 1.8387e-01 6.6251e-01 7.5299e-01 2.4092e-02 3.1475e-01
NCS210 1.0110e-03 1.5427e-03 1.8112e-04 2.2283e-04 1.3287e-01 5.8042e-03
NCS212 1.7516e-01 2.8707e-01 2.7219e-02 3.5693e-02 6.2142e-01 3.3951e-01
NCS213 6.9601e-01 9.8425e-01 1.2635e-01 1.6965e-01 1.6884e-01 9.4714e-01
NCS214 2.5142e-02 3.8648e-02 6.6479e-03 6.6777e-03 4.2941e-01 6.7132e-02
NCS233 1.1741e-02 1.8672e-02 2.5229e-03 2.7237e-03 3.6334e-01 3.8633e-02
NCS234 3.2412e-01 5.3873e-01 4.0671e-02 5.7575e-02 3.1968e-01 5.5711e-01
NCS236 8.3086e-01 7.8490e-01 1.2332e-01 1.7730e-01 9.6466e-02 9.0035e-01
NCS243 8.8432e-01 5.9940e-01 3.7299e-01 4.3137e-01 1.0442e-01 7.1598e-01
NCS248 4.8678e-01 6.7509e-01 1.4390e-01 1.6059e-01 4.2923e-01 6.7844e-01
NCS253 7.7857e-03 1.2740e-02 1.6120e-03 1.6749e-03 2.9486e-01 2.7756e-02
NCS255 4.0144e-01 5.9694e-01 8.8460e-02 1.0401e-01 3.9796e-01 6.0767e-01
NCS263 7.5299e-02 1.0784e-01 2.5100e-02 2.4951e-02 6.2399e-01 1.5310e-01
           CUB061     NAU101     NAU102     NAU105     NAU106     NAU107
CUB000 9.0000e-03 1.5700e-01 2.9200e-01 1.8000e-02 8.2000e-02 4.8000e-02
CUB003 2.6700e-01 8.4700e-01 9.8700e-01 2.6400e-01 5.9500e-01 6.8900e-01
CUB004 6.0000e-03 7.4000e-02 1.8500e-01 1.4000e-02 6.3000e-02 2.2000e-02
CUB007 1.0200e-01 8.6500e-01 7.8100e-01 1.3500e-01 4.2000e-01 3.9500e-01
CUB009 2.8900e-01 7.8300e-01 9.6500e-01 3.0600e-01 7.0500e-01 7.5600e-01
CUB010 2.1700e-01 8.4400e-01 9.8100e-01 2.6200e-01 5.7700e-01 6.5700e-01
CUB011 7.6800e-01 4.1000e-01 6.3100e-01 7.4300e-01 8.5800e-01 7.1400e-01
CUB012 1.9300e-01 9.2300e-01 9.1800e-01 2.4100e-01 5.2800e-01 5.6200e-01
CUB015 9.3300e-01 3.8700e-01 5.9100e-01 9.0700e-01 7.7000e-01 6.7400e-01
CUB016 4.3000e-02 8.3300e-01 7.6100e-01 8.8000e-02 3.7800e-01 3.2900e-01
CUB017 6.8500e-01 9.1000e-02 3.0100e-01 7.5000e-01 4.2800e-01 2.7000e-01
CUB019 5.0000e-03 1.7000e-01 3.5400e-01 1.5000e-02 1.1600e-01 4.1000e-02
CUB026 2.5800e-01 3.6700e-01 7.5200e-01 3.5000e-01 8.4900e-01 9.9600e-01
CUB027 5.1200e-01 5.7300e-01 8.0300e-01 5.1200e-01 9.0400e-01 9.8600e-01
CUB028 9.3900e-01 4.2200e-01 6.2600e-01 9.0900e-01 7.9200e-01 6.6200e-01
CUB029 7.5800e-01 3.8400e-01 6.1400e-01 7.1700e-01 8.6900e-01 7.4400e-01
CUB032 2.3600e-01 8.8300e-01 9.4500e-01 2.4200e-01 5.9900e-01 6.5700e-01
CUB033 5.4800e-01 6.4000e-02 2.1700e-01 5.8100e-01 3.2500e-01 1.9900e-01
CUB036 6.2000e-01 7.3500e-01 8.9700e-01 5.7900e-01 8.6400e-01 9.6100e-01
CUB037 7.9000e-02 7.2600e-01 6.9900e-01 1.0000e-01 3.3700e-01 3.3200e-01
CUB038 5.8700e-01 4.5900e-01 7.0000e-01 5.9900e-01 9.9300e-01 8.4600e-01
CUB040 5.0000e-03 8.5000e-02 2.1400e-01 1.1000e-02 5.4000e-02 2.4000e-02
CUB042 7.0000e-03 2.4800e-01 3.7400e-01 2.0000e-02 1.2000e-01 6.1000e-02
CUB044 1.2700e-01 6.0000e-01 5.8500e-01 1.4500e-01 3.3100e-01 3.1800e-01
CUB048 7.0000e-03 2.8400e-01 3.8200e-01 2.0000e-02 1.3000e-01 7.6000e-02
CUB049 1.1000e-02 4.9900e-01 5.2000e-01 3.6000e-02 2.0700e-01 1.4300e-01
CUB050 1.0000e-03 2.1000e-02 1.0700e-01 5.0000e-03 2.7000e-02 5.0000e-03
CUB052 5.0000e-03 3.6000e-02 1.1400e-01 5.0000e-03 2.5000e-02 9.0000e-03
CUB053 6.5400e-01 3.1700e-01 5.9900e-01 6.5100e-01 8.8900e-01 6.9700e-01
CUB056 4.7000e-02 5.2700e-01 5.4800e-01 6.1000e-02 2.6400e-01 2.1000e-01
CUB061            5.4000e-02 3.3400e-01 9.4600e-01 6.0400e-01 2.9600e-01
NAU101 5.2635e-02            8.4700e-01 9.4000e-02 4.3800e-01 3.8800e-01
NAU102 3.2751e-01 8.3117e-01            3.6200e-01 7.0500e-01 7.5500e-01
NAU105 9.4411e-01 1.0595e-01 3.5839e-01            5.9300e-01 3.6300e-01
NAU106 5.8639e-01 4.3066e-01 6.8123e-01 5.8574e-01            8.4400e-01
NAU107 2.9260e-01 3.8433e-01 7.3692e-01 3.5142e-01 8.4765e-01           
NAU108 1.6991e-01 8.9767e-01 8.0740e-01 2.1278e-01 4.8890e-01 4.8071e-01
NAU109 8.7782e-03 2.0627e-01 3.2804e-01 2.3283e-02 1.2413e-01 6.1270e-02
NAU110 3.5889e-02 4.2002e-01 4.7346e-01 5.9543e-02 2.1171e-01 1.5834e-01
NAU114 2.0673e-01 8.8809e-01 9.3737e-01 2.4216e-01 5.7197e-01 6.1231e-01
NAU117 1.1676e-01 8.9822e-03 4.9220e-02 1.5139e-01 6.1699e-02 2.5812e-02
NAU119 4.9648e-01 3.0218e-01 6.3056e-01 5.2721e-01 9.8740e-01 7.9459e-01
NAU121 7.6595e-02 7.6366e-01 7.0114e-01 1.1345e-01 3.6116e-01 3.2717e-01
NAU123 4.8224e-02 9.2887e-01 7.9227e-01 9.7759e-02 4.0302e-01 3.4913e-01
NAU124 2.7965e-01 7.7215e-01 9.7422e-01 3.0924e-01 6.6357e-01 7.3382e-01
NAU129 5.9600e-01 1.8799e-01 5.1111e-01 6.0910e-01 8.6389e-01 6.2512e-01
NAU130 7.1054e-01 2.1016e-01 4.9767e-01 7.0051e-01 8.1356e-01 5.9499e-01
NAU132 1.0635e-02 3.2130e-01 4.2872e-01 3.0733e-02 1.7277e-01 9.2843e-02
NAU133 1.9587e-01 8.4782e-01 7.7877e-01 2.2964e-01 4.7902e-01 4.7809e-01
NAU134 6.9255e-01 4.5750e-01 6.8568e-01 6.8559e-01 9.5253e-01 8.1387e-01
NAU136 6.9568e-01 2.3855e-01 5.3314e-01 6.9168e-01 8.4262e-01 6.3235e-01
NAU137 2.1821e-01 8.8647e-01 8.0613e-01 2.5031e-01 5.0567e-01 5.1318e-01
NAU139 8.2217e-01 1.3329e-01 4.0971e-01 7.9634e-01 7.0548e-01 4.6168e-01
NAU144 8.1576e-02 9.5313e-01 8.1967e-01 1.3687e-01 4.5039e-01 4.1244e-01
NAU148 5.2746e-02 5.2000e-01 5.5270e-01 8.4649e-02 2.7141e-01 2.1386e-01
NAU149 3.4752e-01 2.9758e-01 6.6275e-01 4.0391e-01 9.2754e-01 8.8376e-01
NAU150 1.2693e-01 9.4558e-01 8.8319e-01 1.7318e-01 5.0104e-01 5.0754e-01
NAU153 7.1761e-02 6.9966e-01 6.6995e-01 1.1193e-01 3.4981e-01 3.0028e-01
NAU154 3.2283e-02 6.9529e-01 6.6072e-01 7.0269e-02 3.1294e-01 2.3948e-01
NAU155 9.5319e-02 9.5328e-01 8.1715e-01 1.4047e-01 4.4300e-01 4.2626e-01
NAU156 7.8356e-02 5.2204e-01 5.5893e-01 1.1204e-01 2.9494e-01 2.4339e-01
NAU157 1.0247e-02 4.1005e-01 4.9782e-01 3.4206e-02 2.0695e-01 1.1383e-01
NAU159 1.4278e-03 6.6431e-02 2.0610e-01 7.7754e-03 6.6311e-02 1.7000e-02
NAU160 5.9064e-01 2.9271e-01 5.9792e-01 6.0254e-01 9.2972e-01 7.3447e-01
NAU161 4.5694e-01 8.6397e-01 9.9467e-01 4.6462e-01 7.3460e-01 8.0006e-01
NAU164 3.8330e-01 5.6429e-01 8.2992e-01 4.2373e-01 8.2738e-01 9.3539e-01
NCS203 2.5201e-04 7.8191e-03 7.2572e-02 1.8773e-03 1.8942e-02 2.3838e-03
NCS204 1.9614e-03 5.2243e-02 1.6317e-01 7.4781e-03 5.1003e-02 1.4709e-02
NCS210 2.0048e-01 5.5688e-03 7.1122e-02 2.9550e-01 1.2747e-01 3.2631e-02
NCS212 2.9892e-01 5.9935e-01 8.6885e-01 3.4512e-01 7.5757e-01 8.5257e-01
NCS213 3.0065e-02 5.0826e-01 5.5656e-01 6.4189e-02 2.6222e-01 1.8115e-01
NCS214 6.4233e-01 9.3531e-02 2.6002e-01 7.0653e-01 3.9314e-01 2.4125e-01
NCS233 5.5877e-01 5.2327e-02 2.0474e-01 6.3925e-01 3.3140e-01 1.7088e-01
NCS234 8.6328e-02 9.8186e-01 8.3124e-01 1.3462e-01 4.4792e-01 4.2717e-01
NCS236 8.1161e-03 3.0826e-01 4.2643e-01 2.7348e-02 1.6936e-01 8.4433e-02
NCS243 2.5888e-02 2.9292e-01 3.8989e-01 4.7441e-02 1.7034e-01 1.0987e-01
NCS248 2.3630e-01 9.8243e-01 8.6587e-01 2.6455e-01 5.4414e-01 5.7203e-01
NCS253 4.7825e-01 3.8166e-02 1.6319e-01 5.5736e-01 2.6945e-01 1.3165e-01
NCS255 1.8535e-01 9.8258e-01 8.7508e-01 2.1874e-01 5.2092e-01 5.4657e-01
NCS263 8.4899e-01 2.1148e-01 4.0912e-01 8.9398e-01 5.7304e-01 4.2277e-01
           NAU108     NAU109     NAU110     NAU114     NAU117     NAU119
CUB000 4.0100e-01 8.7700e-01 6.9100e-01 2.3600e-01 2.0000e-03 2.7000e-02
CUB003 8.1300e-01 2.7100e-01 4.5900e-01 9.4400e-01 1.7000e-02 5.6000e-01
CUB004 2.5200e-01 5.5600e-01 4.7000e-01 1.3100e-01 1.0000e-03 2.5000e-02
CUB007 9.9700e-01 3.9000e-01 5.9700e-01 8.0200e-01 1.5000e-02 3.3500e-01
CUB009 7.5800e-01 2.5200e-01 4.0300e-01 8.9100e-01 2.3000e-02 6.5100e-01
CUB010 8.0900e-01 2.6400e-01 4.3100e-01 9.5000e-01 1.2000e-02 5.6400e-01
CUB011 4.7400e-01 1.2000e-01 2.0700e-01 4.7700e-01 1.0200e-01 8.6700e-01
CUB012 8.6900e-01 3.0800e-01 4.5300e-01 9.7900e-01 1.5000e-02 4.6500e-01
CUB015 4.4400e-01 1.6000e-01 2.4100e-01 4.8000e-01 1.6700e-01 7.8100e-01
CUB016 9.8900e-01 3.2500e-01 5.8100e-01 7.6400e-01 7.0000e-03 2.5800e-01
CUB017 1.7400e-01 2.3000e-02 4.9000e-02 1.6000e-01 2.4400e-01 3.8800e-01
CUB019 4.5600e-01 9.1200e-01 8.1600e-01 2.7400e-01 2.0000e-03 3.8000e-02
CUB026 4.9200e-01 4.1000e-02 1.4300e-01 6.2800e-01 2.5000e-02 8.0600e-01
CUB027 6.2800e-01 1.8300e-01 2.8200e-01 6.9900e-01 5.5000e-02 8.8700e-01
CUB028 4.3400e-01 1.7600e-01 2.4700e-01 4.9600e-01 1.9100e-01 7.9000e-01
CUB029 4.5100e-01 1.2400e-01 2.0700e-01 5.0600e-01 9.7000e-02 8.7900e-01
CUB032 8.2800e-01 3.0200e-01 4.7300e-01 9.8400e-01 3.0000e-02 5.4100e-01
CUB033 1.2300e-01 1.4000e-02 3.4000e-02 1.1100e-01 3.2400e-01 2.7700e-01
CUB036 7.5000e-01 3.9100e-01 4.7200e-01 8.1400e-01 9.7000e-02 8.5500e-01
CUB037 8.8800e-01 4.7800e-01 7.1300e-01 6.9600e-01 8.0000e-03 2.5700e-01
CUB038 4.9500e-01 1.2500e-01 2.0600e-01 5.7700e-01 4.4000e-02 9.8600e-01
CUB040 2.9300e-01 6.1900e-01 4.9800e-01 1.6300e-01 4.0000e-03 3.0000e-02
CUB042 5.0800e-01 8.7100e-01 9.1500e-01 3.1100e-01 3.0000e-03 5.3000e-02
CUB044 7.5600e-01 8.1000e-01 9.6600e-01 5.8700e-01 1.4000e-02 2.6800e-01
CUB048 5.3200e-01 8.5800e-01 9.1200e-01 3.0900e-01 3.0000e-03 6.7000e-02
CUB049 7.2500e-01 5.3700e-01 8.1400e-01 5.1800e-01 4.0000e-03 1.1200e-01
CUB050 1.5200e-01 2.8900e-01 2.3100e-01 7.2000e-02 2.0000e-03 7.0000e-03
CUB052 1.6900e-01 3.7700e-01 3.1600e-01 7.3000e-02 3.0000e-03 1.0000e-02
CUB053 3.8700e-01 6.2000e-02 1.2700e-01 4.6400e-01 4.8000e-02 8.8500e-01
CUB056 7.2200e-01 6.7800e-01 8.8800e-01 5.4500e-01 6.0000e-03 1.6700e-01
CUB061 1.7400e-01 1.1000e-02 3.6000e-02 2.0200e-01 1.1700e-01 4.9900e-01
NAU101 9.1600e-01 2.1000e-01 4.2600e-01 8.8400e-01 7.0000e-03 2.7600e-01
NAU102 8.0900e-01 3.3000e-01 4.5900e-01 9.6300e-01 4.0000e-02 6.3200e-01
NAU105 1.9000e-01 2.7000e-02 5.4000e-02 2.4600e-01 1.3800e-01 5.3300e-01
NAU106 5.1100e-01 1.2300e-01 2.1800e-01 5.6800e-01 7.0000e-02 9.9200e-01
NAU107 4.9900e-01 5.2000e-02 1.4900e-01 6.1600e-01 3.1000e-02 7.9200e-01
NAU108            4.4700e-01 6.7200e-01 8.4600e-01 2.6000e-02 4.0900e-01
NAU109 4.5791e-01            8.2400e-01 2.9200e-01 4.0000e-03 6.1000e-02
NAU110 6.3783e-01 7.9062e-01            4.6800e-01 8.0000e-03 1.2400e-01
NAU114 8.3750e-01 2.8996e-01 4.5261e-01            2.0000e-02 5.0000e-01
NAU117 2.8325e-02 2.8484e-03 5.6659e-03 2.0392e-02            4.5000e-02
NAU119 4.1117e-01 5.9045e-02 1.3967e-01 5.0495e-01 5.1888e-02           
NAU121 9.1894e-01 4.4353e-01 6.5632e-01 7.2260e-01 9.6782e-03 2.7100e-01
NAU123 9.4402e-01 2.4004e-01 4.6329e-01 8.4032e-01 8.4398e-03 2.7703e-01
NAU124 7.5371e-01 2.4772e-01 3.9141e-01 8.9828e-01 2.7026e-02 6.0944e-01
NAU129 3.0331e-01 2.9119e-02 8.2266e-02 3.7913e-01 4.8752e-02 8.5084e-01
NAU130 3.0977e-01 4.0535e-02 9.4547e-02 3.7232e-01 6.5252e-02 7.9715e-01
NAU132 6.0008e-01 7.2124e-01 9.7900e-01 4.0403e-01 3.5860e-03 8.4610e-02
NAU133 9.5415e-01 5.4871e-01 7.1426e-01 7.9962e-01 3.1657e-02 4.1585e-01
NAU134 5.1821e-01 1.6726e-01 2.5722e-01 5.8444e-01 1.1434e-01 9.5837e-01
NAU136 3.4354e-01 5.1467e-02 1.1462e-01 4.0897e-01 7.6935e-02 8.2888e-01
NAU137 9.8173e-01 5.2872e-01 6.8979e-01 8.3148e-01 3.4765e-02 4.4621e-01
NAU139 2.3659e-01 2.2305e-02 6.0863e-02 2.8560e-01 7.3633e-02 6.6757e-01
NAU144 9.3889e-01 2.8534e-01 4.9713e-01 8.6574e-01 1.4418e-02 3.3554e-01
NAU148 7.2592e-01 6.9519e-01 9.0414e-01 5.4109e-01 9.8131e-03 1.8771e-01
NAU149 4.1367e-01 4.3208e-02 1.2319e-01 5.3080e-01 2.9364e-02 8.9204e-01
NAU150 8.7263e-01 2.6432e-01 4.4922e-01 9.4206e-01 1.3923e-02 4.0939e-01
NAU153 8.7191e-01 5.0544e-01 7.2102e-01 6.8136e-01 1.2325e-02 2.5469e-01
NAU154 8.9665e-01 3.7447e-01 6.2381e-01 6.7974e-01 6.5516e-03 1.9686e-01
NAU155 9.4083e-01 3.0203e-01 5.0311e-01 8.6401e-01 1.1499e-02 3.4447e-01
NAU156 7.1168e-01 7.8897e-01 9.6977e-01 5.4214e-01 1.6128e-02 2.1884e-01
NAU157 6.9872e-01 5.4438e-01 8.2639e-01 4.8581e-01 3.9780e-03 1.0066e-01
NAU159 2.9092e-01 7.1586e-01 5.5182e-01 1.6182e-01 1.4634e-03 1.9719e-02
NAU160 3.9440e-01 6.3575e-02 1.3868e-01 4.7457e-01 6.3861e-02 9.3105e-01
NAU161 8.3797e-01 4.3831e-01 5.5747e-01 9.4240e-01 7.9834e-02 7.0928e-01
NAU164 6.1527e-01 1.6122e-01 2.8750e-01 7.3256e-01 5.3887e-02 7.8255e-01
NCS203 9.6109e-02 1.9804e-01 1.7324e-01 4.2638e-02 5.6378e-04 3.7345e-03
NCS204 2.2654e-01 5.1660e-01 4.0885e-01 1.2060e-01 1.2988e-03 1.7188e-02
NCS210 3.1174e-02 1.1721e-03 4.3336e-03 2.8910e-02 4.2879e-01 7.9712e-02
NCS212 6.3590e-01 1.5185e-01 2.8400e-01 7.7181e-01 3.4257e-02 6.9881e-01
NCS213 7.4657e-01 5.8983e-01 8.3261e-01 5.4856e-01 8.0329e-03 1.5858e-01
NCS214 1.6454e-01 2.6343e-02 5.0346e-02 1.6692e-01 2.8840e-01 3.6063e-01
NCS233 1.1718e-01 1.2406e-02 2.8787e-02 1.1952e-01 2.7669e-01 2.8375e-01
NCS234 9.1808e-01 2.6803e-01 4.7072e-01 8.8284e-01 1.0993e-02 3.4221e-01
NCS236 6.0074e-01 6.9375e-01 9.6342e-01 4.0184e-01 3.3687e-03 7.7687e-02
NCS243 5.1993e-01 9.9848e-01 8.1970e-01 3.5384e-01 6.1822e-03 1.0314e-01
NCS248 9.4286e-01 4.3750e-01 5.9642e-01 9.0618e-01 2.9777e-02 4.8892e-01
NCS253 9.0039e-02 8.4046e-03 1.9859e-02 8.9449e-02 2.9546e-01 2.2893e-01
NCS255 9.0756e-01 3.5196e-01 5.2241e-01 9.2499e-01 1.8700e-02 4.5386e-01
NCS263 2.9212e-01 7.6354e-02 1.2178e-01 3.0431e-01 2.6569e-01 5.5388e-01
           NAU121     NAU123     NAU124     NAU129     NAU130     NAU132
CUB000 3.7200e-01 1.8400e-01 1.8300e-01 1.3000e-02 2.7000e-02 5.8200e-01
CUB003 6.6500e-01 7.9800e-01 9.5500e-01 4.4900e-01 4.4600e-01 3.9100e-01
CUB004 2.0600e-01 7.3000e-02 1.1100e-01 1.3000e-02 2.0000e-02 3.5200e-01
CUB007 9.2400e-01 9.2600e-01 7.1500e-01 2.2300e-01 2.3000e-01 5.4000e-01
CUB009 6.2000e-01 7.2000e-01 9.8200e-01 5.1800e-01 4.7100e-01 3.4200e-01
CUB010 6.5400e-01 7.8300e-01 9.5400e-01 4.2800e-01 4.1700e-01 3.5900e-01
CUB011 3.2300e-01 3.5600e-01 6.1200e-01 9.7200e-01 9.8500e-01 1.4200e-01
CUB012 7.3000e-01 8.7500e-01 8.7200e-01 3.6400e-01 3.6500e-01 3.9200e-01
CUB015 3.3500e-01 3.6300e-01 5.1000e-01 8.5700e-01 8.9600e-01 2.1500e-01
CUB016 9.1400e-01 8.9700e-01 6.9300e-01 1.5400e-01 2.0300e-01 4.8300e-01
CUB017 8.1000e-02 8.1000e-02 2.1800e-01 4.5300e-01 5.4100e-01 3.2000e-02
CUB019 4.4000e-01 2.1100e-01 2.5900e-01 1.1000e-02 3.2000e-02 7.4200e-01
CUB026 3.2700e-01 3.1600e-01 7.2100e-01 6.2500e-01 6.2600e-01 7.7000e-02
CUB027 4.7900e-01 5.2700e-01 7.8400e-01 7.4800e-01 7.2100e-01 2.6000e-01
CUB028 3.7200e-01 4.0600e-01 5.7100e-01 8.7300e-01 9.0500e-01 2.2000e-01
CUB029 3.5200e-01 3.6800e-01 5.8800e-01 9.7700e-01 9.6500e-01 1.6400e-01
CUB032 7.3800e-01 8.2900e-01 9.2500e-01 4.0000e-01 4.1200e-01 4.0300e-01
CUB033 6.3000e-02 7.0000e-02 1.5500e-01 2.9800e-01 3.6300e-01 2.1000e-02
CUB036 6.6700e-01 6.9500e-01 9.0300e-01 7.6600e-01 7.5200e-01 4.7000e-01
CUB037 9.6000e-01 7.9000e-01 6.0800e-01 1.4600e-01 1.8400e-01 6.5100e-01
CUB038 3.5200e-01 4.2500e-01 6.5600e-01 8.5400e-01 8.1900e-01 1.9100e-01
CUB040 2.3100e-01 1.1500e-01 1.2200e-01 8.0000e-03 1.5000e-02 4.1100e-01
CUB042 4.9500e-01 2.8200e-01 2.9400e-01 2.4000e-02 5.7000e-02 8.5300e-01
CUB044 7.6700e-01 6.4900e-01 5.1000e-01 1.8000e-01 2.0400e-01 9.7300e-01
CUB048 5.4100e-01 3.1100e-01 2.9900e-01 3.1000e-02 4.6000e-02 8.5900e-01
CUB049 7.9000e-01 5.5000e-01 4.4800e-01 4.8000e-02 7.2000e-02 7.6200e-01
CUB050 1.0200e-01 3.1000e-02 6.6000e-02 3.0000e-03 8.0000e-03 1.3800e-01
CUB052 1.2000e-01 4.1000e-02 5.9000e-02 4.0000e-03 9.0000e-03 2.0500e-01
CUB053 2.3300e-01 2.8900e-01 5.4700e-01 9.9300e-01 9.4400e-01 1.0300e-01
CUB056 7.5200e-01 5.5100e-01 4.6500e-01 1.0000e-01 1.3300e-01 8.8800e-01
CUB061 6.0000e-02 4.0000e-02 2.7300e-01 6.0600e-01 7.0900e-01 8.0000e-03
NAU101 7.6700e-01 9.2800e-01 7.6600e-01 1.8200e-01 2.1300e-01 3.1100e-01
NAU102 7.1600e-01 8.0800e-01 9.7800e-01 5.1900e-01 5.0000e-01 4.4400e-01
NAU105 1.1400e-01 8.8000e-02 3.2600e-01 5.8800e-01 7.0300e-01 3.0000e-02
NAU106 3.6300e-01 4.1800e-01 6.7600e-01 8.7500e-01 8.3700e-01 1.7000e-01
NAU107 3.2900e-01 3.5700e-01 7.5000e-01 6.2900e-01 6.1400e-01 1.0900e-01
NAU108 9.4100e-01 9.4200e-01 7.9000e-01 2.8500e-01 3.4600e-01 5.9500e-01
NAU109 4.4900e-01 2.4900e-01 2.5900e-01 2.4000e-02 3.8000e-02 7.2600e-01
NAU110 6.5200e-01 4.7100e-01 4.0100e-01 7.3000e-02 8.8000e-02 9.7700e-01
NAU114 7.2600e-01 8.4700e-01 8.8000e-01 3.6900e-01 3.8900e-01 3.9600e-01
NAU117 5.0000e-03 6.0000e-03 1.7000e-02 3.8000e-02 7.0000e-02 3.0000e-03
NAU119 2.9600e-01 2.8700e-01 6.0200e-01 8.6000e-01 7.9800e-01 7.8000e-02
NAU121            8.3100e-01 6.2300e-01 1.6700e-01 2.0900e-01 5.9800e-01
NAU123 8.1949e-01            7.1600e-01 1.6700e-01 1.8400e-01 3.9000e-01
NAU124 6.3201e-01 7.2900e-01            4.9800e-01 5.0200e-01 3.4000e-01
NAU129 1.7654e-01 1.7018e-01 4.7850e-01            9.2000e-01 4.1000e-02
NAU130 1.8862e-01 1.9235e-01 4.6169e-01 9.2488e-01            5.4000e-02
NAU132 6.1831e-01 3.7063e-01 3.4406e-01 4.2787e-02 5.8851e-02           
NAU133 9.8023e-01 8.8906e-01 7.2332e-01 3.1398e-01 3.1610e-01 6.9337e-01
NAU134 3.9743e-01 4.3324e-01 6.6388e-01 9.3950e-01 8.9201e-01 2.1796e-01
NAU136 2.1737e-01 2.1967e-01 4.9904e-01 9.5414e-01 9.7585e-01 7.2461e-02
NAU137 9.4866e-01 9.2687e-01 7.5433e-01 3.4225e-01 3.4181e-01 6.6725e-01
NAU139 1.2886e-01 1.2108e-01 3.6728e-01 7.8664e-01 8.7585e-01 3.2214e-02
NAU144 8.2446e-01 9.8433e-01 7.6228e-01 2.2224e-01 2.4119e-01 4.1652e-01
NAU148 7.5910e-01 5.6698e-01 4.7375e-01 1.1719e-01 1.3232e-01 9.0691e-01
NAU149 2.6444e-01 2.6879e-01 6.4974e-01 7.1926e-01 6.7648e-01 6.5024e-02
NAU150 7.5170e-01 8.8933e-01 8.3424e-01 2.8599e-01 2.9177e-01 3.8440e-01
NAU153 9.3943e-01 7.5378e-01 5.9868e-01 1.6559e-01 1.8156e-01 6.8876e-01
NAU154 9.8586e-01 7.6331e-01 5.8516e-01 1.1451e-01 1.3601e-01 5.5941e-01
NAU155 8.2891e-01 9.8741e-01 7.5952e-01 2.3117e-01 2.4228e-01 4.3950e-01
NAU156 7.3260e-01 5.6284e-01 4.8199e-01 1.4537e-01 1.5938e-01 9.8264e-01
NAU157 7.4410e-01 4.7178e-01 4.1280e-01 5.0919e-02 7.0867e-02 8.0306e-01
NAU159 2.5136e-01 8.4108e-02 1.3865e-01 7.9699e-03 1.4828e-02 4.2027e-01
NAU160 2.6077e-01 2.6974e-01 5.7148e-01 9.3298e-01 8.7272e-01 9.0112e-02
NAU161 7.5250e-01 8.3358e-01 9.8478e-01 6.0860e-01 5.8637e-01 5.3641e-01
NAU164 4.7945e-01 5.2830e-01 8.3306e-01 6.4557e-01 6.2041e-01 2.2154e-01
NCS203 5.9623e-02 1.0519e-02 3.8127e-02 1.2704e-03 3.0058e-03 7.8755e-02
NCS204 1.8300e-01 6.4471e-02 1.0418e-01 7.1596e-03 1.2231e-02 2.9323e-01
NCS210 8.9450e-03 5.1704e-03 4.3468e-02 8.5751e-02 1.3273e-01 1.4102e-03
NCS212 4.9572e-01 5.5825e-01 8.8041e-01 5.5398e-01 5.3513e-01 2.1685e-01
NCS213 7.9159e-01 5.6416e-01 4.7591e-01 9.2105e-02 1.1280e-01 8.1564e-01
NCS214 8.8486e-02 8.7213e-02 2.0859e-01 3.9765e-01 4.6263e-01 3.5101e-02
NCS233 5.4501e-02 4.8406e-02 1.5683e-01 3.1684e-01 3.8809e-01 1.6556e-02
NCS234 7.9857e-01 9.5621e-01 7.7449e-01 2.2659e-01 2.3998e-01 3.9771e-01
NCS236 6.2062e-01 3.5942e-01 3.4134e-01 3.8128e-02 5.4759e-02 9.8075e-01
NCS243 5.0960e-01 3.2747e-01 3.0832e-01 5.8755e-02 7.1694e-02 7.6767e-01
NCS248 8.5636e-01 9.7576e-01 8.2069e-01 3.7754e-01 3.7119e-01 5.6725e-01
NCS253 3.9049e-02 3.5143e-02 1.1965e-01 2.5464e-01 3.1812e-01 1.1485e-02
NCS255 8.0490e-01 9.3465e-01 8.2816e-01 3.3582e-01 3.3215e-01 4.8147e-01
NCS263 1.9147e-01 1.9986e-01 3.5789e-01 6.0586e-01 6.6569e-01 9.8105e-02
           NAU133     NAU134     NAU136     NAU137     NAU139     NAU144
CUB000 4.6300e-01 1.3700e-01 4.1000e-02 4.6500e-01 1.8000e-02 2.2500e-01
CUB003 7.7800e-01 6.1900e-01 4.6500e-01 8.0800e-01 3.5800e-01 8.0400e-01
CUB004 3.3900e-01 8.9000e-02 2.7000e-02 3.4200e-01 1.2000e-02 1.2200e-01
CUB007 9.5400e-01 4.5500e-01 2.4600e-01 9.8700e-01 1.6500e-01 9.1300e-01
CUB009 7.1100e-01 6.6300e-01 5.1200e-01 7.6300e-01 3.8400e-01 7.5200e-01
CUB010 7.6300e-01 6.0400e-01 4.1600e-01 7.9200e-01 3.3000e-01 8.1200e-01
CUB011 4.4300e-01 9.3700e-01 9.9900e-01 4.7500e-01 8.9300e-01 4.0400e-01
CUB012 8.0300e-01 5.5600e-01 3.9200e-01 8.5700e-01 2.8100e-01 8.9300e-01
CUB015 4.1900e-01 8.1000e-01 8.9700e-01 4.8500e-01 9.5000e-01 4.4100e-01
CUB016 9.6600e-01 4.0800e-01 2.1900e-01 9.9400e-01 1.2500e-01 8.8500e-01
CUB017 1.7500e-01 5.3600e-01 5.1900e-01 1.9700e-01 5.4900e-01 1.3200e-01
CUB019 5.5200e-01 1.5100e-01 3.8000e-02 5.6500e-01 1.0000e-02 2.6600e-01
CUB026 4.8800e-01 8.3400e-01 6.1600e-01 5.2900e-01 4.6900e-01 3.8900e-01
CUB027 6.0900e-01 8.5800e-01 7.4700e-01 6.0100e-01 6.2500e-01 5.5900e-01
CUB028 4.5100e-01 8.5300e-01 9.0900e-01 4.7500e-01 9.8300e-01 4.5500e-01
CUB029 4.3700e-01 9.4000e-01 9.7800e-01 4.9900e-01 8.6100e-01 4.0900e-01
CUB032 7.7700e-01 6.1400e-01 4.6200e-01 8.2400e-01 3.5100e-01 8.4900e-01
CUB033 1.3100e-01 3.8200e-01 3.8000e-01 1.3600e-01 4.3700e-01 9.0000e-02
CUB036 7.2100e-01 8.5300e-01 7.6600e-01 7.3000e-01 6.8500e-01 7.4600e-01
CUB037 9.5700e-01 4.0100e-01 2.1900e-01 9.1400e-01 1.2000e-01 8.0000e-01
CUB038 4.9300e-01 9.5300e-01 8.3500e-01 5.4900e-01 7.1600e-01 4.6800e-01
CUB040 3.5600e-01 1.0300e-01 2.1000e-02 3.5100e-01 7.0000e-03 1.3600e-01
CUB042 6.2000e-01 1.7000e-01 5.1000e-02 6.0100e-01 2.2000e-02 3.3300e-01
CUB044 8.1200e-01 3.7800e-01 2.4000e-01 7.7700e-01 1.5900e-01 6.6700e-01
CUB048 6.2600e-01 1.6900e-01 4.9000e-02 5.9700e-01 2.9000e-02 3.5700e-01
CUB049 8.1300e-01 2.6100e-01 9.9000e-02 8.0700e-01 4.0000e-02 5.6200e-01
CUB050 2.0000e-01 4.2000e-02 9.0000e-03 2.1800e-01 2.0000e-03 3.7000e-02
CUB052 2.5200e-01 6.7000e-02 1.2000e-02 2.2900e-01 4.0000e-03 6.8000e-02
CUB053 3.7100e-01 9.5300e-01 9.5100e-01 4.1200e-01 8.1800e-01 3.2100e-01
CUB056 8.2200e-01 3.2100e-01 1.3600e-01 7.9100e-01 8.6000e-02 5.8700e-01
CUB061 2.0800e-01 6.7000e-01 7.1600e-01 2.2700e-01 8.3800e-01 7.6000e-02
NAU101 8.6200e-01 4.9700e-01 2.4300e-01 9.0300e-01 1.4000e-01 9.4400e-01
NAU102 7.9600e-01 6.8300e-01 5.4300e-01 8.2700e-01 4.4800e-01 8.3600e-01
NAU105 2.3500e-01 7.0200e-01 7.0000e-01 2.5900e-01 7.9800e-01 1.2900e-01
NAU106 4.7800e-01 9.5400e-01 8.6200e-01 5.4200e-01 7.2900e-01 4.5600e-01
NAU107 4.9900e-01 8.0900e-01 6.3900e-01 5.2600e-01 4.5900e-01 4.2900e-01
NAU108 9.5600e-01 5.3700e-01 3.6800e-01 9.8500e-01 2.4200e-01 9.2900e-01
NAU109 5.5700e-01 1.6400e-01 4.7000e-02 5.4700e-01 3.2000e-02 2.8900e-01
NAU110 7.2800e-01 2.5900e-01 1.2100e-01 7.1700e-01 5.9000e-02 5.1100e-01
NAU114 8.0800e-01 5.5800e-01 4.0700e-01 8.4900e-01 2.9200e-01 8.5800e-01
NAU117 2.9000e-02 1.2000e-01 8.3000e-02 3.5000e-02 6.9000e-02 1.3000e-02
NAU119 4.0400e-01 9.4400e-01 8.3900e-01 4.5700e-01 6.9900e-01 3.4400e-01
NAU121 9.7600e-01 4.0300e-01 2.1500e-01 9.4900e-01 1.2100e-01 8.1600e-01
NAU123 8.8300e-01 4.3900e-01 2.3700e-01 9.3500e-01 1.2300e-01 9.8900e-01
NAU124 7.4600e-01 6.9600e-01 5.1400e-01 7.8500e-01 3.9900e-01 7.5200e-01
NAU129 3.0400e-01 9.3400e-01 9.4800e-01 3.7100e-01 8.0600e-01 2.3500e-01
NAU130 3.0900e-01 9.0100e-01 9.7800e-01 3.7800e-01 8.8500e-01 2.7900e-01
NAU132 6.8900e-01 2.2700e-01 7.2000e-02 6.9000e-01 4.0000e-02 4.2300e-01
NAU133            5.2200e-01 3.6000e-01 9.7100e-01 2.5200e-01 8.9500e-01
NAU134 5.1065e-01            9.2500e-01 5.6600e-01 7.9500e-01 4.7400e-01
NAU136 3.5053e-01 9.1503e-01            4.1600e-01 8.8800e-01 2.6800e-01
NAU137 9.7490e-01 5.3435e-01 3.7684e-01            2.7300e-01 9.2400e-01
NAU139 2.4869e-01 7.9864e-01 8.5601e-01 2.7231e-01            1.4500e-01
NAU144 8.8954e-01 4.7880e-01 2.7139e-01 9.2409e-01 1.6379e-01           
NAU148 7.9721e-01 3.1724e-01 1.5607e-01 7.7182e-01 8.8660e-02 5.9536e-01
NAU149 4.1802e-01 8.8074e-01 7.1302e-01 4.5195e-01 5.3531e-01 3.3201e-01
NAU150 8.2919e-01 5.2103e-01 3.2579e-01 8.6386e-01 2.0860e-01 9.1319e-01
NAU153 9.3521e-01 3.8982e-01 2.0909e-01 9.0589e-01 1.2408e-01 7.6619e-01
NAU154 9.6768e-01 3.5230e-01 1.5896e-01 9.3317e-01 8.2546e-02 7.7500e-01
NAU155 8.9019e-01 4.6995e-01 2.7393e-01 9.2481e-01 1.6751e-01 9.9794e-01
NAU156 7.7667e-01 3.4272e-01 1.8568e-01 7.5456e-01 1.1378e-01 5.9139e-01
NAU157 7.9090e-01 2.5190e-01 8.5724e-02 7.6053e-01 3.8064e-02 5.1442e-01
NAU159 3.8681e-01 1.0167e-01 1.9654e-02 3.7330e-01 6.7805e-03 1.2241e-01
NAU160 3.9832e-01 9.9052e-01 9.0113e-01 4.2655e-01 7.4981e-01 3.2453e-01
NAU161 8.1063e-01 7.3618e-01 6.1955e-01 8.3290e-01 5.1177e-01 8.5370e-01
NAU164 6.0335e-01 8.0693e-01 6.5447e-01 6.3362e-01 5.1113e-01 5.7864e-01
NCS203 1.5434e-01 3.7680e-02 4.3822e-03 1.5114e-01 1.2406e-03 2.1433e-02
NCS204 3.0627e-01 8.2391e-02 1.6693e-02 2.9647e-01 5.9818e-03 9.4308e-02
NCS210 3.9775e-02 2.1138e-01 1.4209e-01 4.5727e-02 1.5347e-01 1.0677e-02
NCS212 6.1899e-01 7.4391e-01 5.7145e-01 6.5160e-01 4.2439e-01 6.0789e-01
NCS213 8.2519e-01 3.0801e-01 1.3338e-01 7.9713e-01 6.9572e-02 5.9627e-01
NCS214 1.7169e-01 4.9494e-01 4.7074e-01 1.8517e-01 5.2378e-01 1.1669e-01
NCS233 1.2763e-01 4.3667e-01 3.9624e-01 1.4005e-01 4.4558e-01 7.1210e-02
NCS234 8.6863e-01 4.7382e-01 2.7119e-01 9.0441e-01 1.6310e-01 9.7478e-01
NCS236 6.9720e-01 2.1447e-01 6.7426e-02 6.7051e-01 2.8961e-02 4.0794e-01
NCS243 5.9867e-01 2.1790e-01 8.8316e-02 5.7936e-01 4.5332e-02 3.6893e-01
NCS248 9.0215e-01 5.6503e-01 4.0730e-01 9.2941e-01 2.9580e-01 9.8748e-01
NCS253 9.8223e-02 3.7148e-01 3.2855e-01 1.0844e-01 3.6899e-01 5.3169e-02
NCS255 8.6450e-01 5.4055e-01 3.6804e-01 8.9542e-01 2.5305e-01 9.5151e-01
NCS263 2.9500e-01 6.6198e-01 6.6703e-01 3.1167e-01 7.3503e-01 2.4038e-01
           NAU148     NAU149     NAU150     NAU153     NAU154     NAU155
CUB000 5.8800e-01 3.2000e-02 2.1400e-01 4.2300e-01 2.9400e-01 2.5900e-01
CUB003 5.0500e-01 6.2000e-01 8.9900e-01 6.5700e-01 6.7300e-01 8.2200e-01
CUB004 4.2600e-01 9.0000e-03 1.3400e-01 2.6900e-01 1.4100e-01 1.3600e-01
CUB007 6.9400e-01 3.1900e-01 8.3700e-01 8.6200e-01 8.9400e-01 9.1900e-01
CUB009 4.6800e-01 6.8200e-01 8.2300e-01 5.9800e-01 5.8000e-01 7.6800e-01
CUB010 5.0800e-01 5.7700e-01 8.7900e-01 6.4400e-01 6.1900e-01 8.0700e-01
CUB011 2.5100e-01 7.6700e-01 4.4100e-01 3.2600e-01 2.6200e-01 4.1600e-01
CUB012 5.5600e-01 5.1000e-01 9.7000e-01 7.0200e-01 6.9900e-01 8.7000e-01
CUB015 2.9900e-01 6.8100e-01 4.2900e-01 3.4900e-01 2.9400e-01 4.0900e-01
CUB016 7.1500e-01 2.5300e-01 8.1900e-01 8.3200e-01 9.1200e-01 8.8300e-01
CUB017 7.9000e-02 3.1800e-01 1.3600e-01 7.6000e-02 6.2000e-02 1.2400e-01
CUB019 7.0800e-01 2.9000e-02 2.6300e-01 5.1700e-01 3.5000e-01 2.9400e-01
CUB026 2.3700e-01 8.8800e-01 4.9500e-01 3.1100e-01 2.1500e-01 4.4700e-01
CUB027 3.4800e-01 9.3900e-01 6.2800e-01 4.2000e-01 4.4200e-01 5.8000e-01
CUB028 3.0500e-01 7.4000e-01 4.4400e-01 3.5100e-01 3.3900e-01 4.3500e-01
CUB029 2.5500e-01 8.0500e-01 4.5000e-01 3.1000e-01 2.8200e-01 4.1500e-01
CUB032 5.4800e-01 5.7600e-01 9.3300e-01 6.7800e-01 6.8400e-01 8.6300e-01
CUB033 4.8000e-02 2.0300e-01 9.8000e-02 7.5000e-02 4.1000e-02 9.0000e-02
CUB036 5.4200e-01 9.0800e-01 7.6800e-01 6.4100e-01 6.3200e-01 7.3200e-01
CUB037 8.0300e-01 2.6600e-01 7.2300e-01 9.8000e-01 9.7500e-01 7.8900e-01
CUB038 2.7700e-01 9.4500e-01 4.9400e-01 3.7800e-01 3.2700e-01 4.5600e-01
CUB040 4.3500e-01 1.5000e-02 1.2700e-01 2.8800e-01 1.9300e-01 1.4900e-01
CUB042 8.2100e-01 4.3000e-02 3.0100e-01 5.7300e-01 4.2500e-01 3.5600e-01
CUB044 9.6200e-01 2.8400e-01 5.9900e-01 8.2300e-01 7.6900e-01 6.3700e-01
CUB048 8.0500e-01 5.3000e-02 3.1600e-01 6.1700e-01 4.8600e-01 3.5800e-01
CUB049 9.2300e-01 1.0700e-01 4.8800e-01 8.7900e-01 7.5100e-01 5.9600e-01
CUB050 2.1500e-01 4.0000e-03 5.5000e-02 1.1600e-01 4.5000e-02 4.9000e-02
CUB052 2.6500e-01 8.0000e-03 5.6000e-02 1.4500e-01 8.4000e-02 7.5000e-02
CUB053 1.8300e-01 7.8100e-01 3.7000e-01 2.5300e-01 1.8600e-01 3.3600e-01
CUB056 9.9000e-01 1.5900e-01 5.7300e-01 8.2000e-01 7.2700e-01 5.9500e-01
CUB061 5.3000e-02 3.5000e-01 1.3100e-01 6.5000e-02 3.1000e-02 9.6000e-02
NAU101 5.3100e-01 3.0000e-01 9.5100e-01 7.1600e-01 7.0800e-01 9.5800e-01
NAU102 5.5000e-01 6.5500e-01 8.7800e-01 6.9000e-01 6.6300e-01 8.2700e-01
NAU105 7.1000e-02 3.9800e-01 1.7500e-01 1.3100e-01 6.1000e-02 1.4200e-01
NAU106 2.6300e-01 9.2500e-01 5.1800e-01 3.7800e-01 3.1900e-01 4.4700e-01
NAU107 2.1800e-01 8.9200e-01 5.3500e-01 3.1300e-01 2.4000e-01 4.7400e-01
NAU108 7.5900e-01 4.1900e-01 8.6300e-01 8.8400e-01 8.9200e-01 9.5300e-01
NAU109 7.2200e-01 3.4000e-02 2.7900e-01 5.1900e-01 3.7100e-01 2.8500e-01
NAU110 9.1600e-01 1.1900e-01 4.4700e-01 7.5700e-01 6.0400e-01 5.1100e-01
NAU114 5.4700e-01 5.1800e-01 9.3800e-01 7.0100e-01 6.6500e-01 8.7400e-01
NAU117 9.0000e-03 2.5000e-02 1.0000e-02 9.0000e-03 4.0000e-03 1.0000e-02
NAU119 1.8500e-01 9.1200e-01 4.2900e-01 2.7400e-01 1.8800e-01 3.6500e-01
NAU121 7.7900e-01 2.6500e-01 7.6300e-01 9.3200e-01 9.9000e-01 8.2900e-01
NAU123 5.7400e-01 2.9000e-01 9.0000e-01 7.7100e-01 7.6400e-01 9.8800e-01
NAU124 4.7300e-01 6.5300e-01 8.5500e-01 6.3200e-01 6.0300e-01 7.7600e-01
NAU129 1.1700e-01 7.5000e-01 3.0500e-01 1.7300e-01 1.0500e-01 2.3900e-01
NAU130 1.5200e-01 6.8500e-01 3.1600e-01 2.0600e-01 1.3400e-01 2.8200e-01
NAU132 9.1300e-01 5.9000e-02 3.8800e-01 6.8600e-01 5.7200e-01 4.3200e-01
NAU133 7.9800e-01 4.2600e-01 8.2100e-01 9.3600e-01 9.7700e-01 9.0200e-01
NAU134 3.2800e-01 8.9900e-01 5.3700e-01 4.0000e-01 3.4300e-01 4.8600e-01
NAU136 1.4700e-01 7.1600e-01 3.3000e-01 1.9400e-01 1.5600e-01 2.9000e-01
NAU137 7.8800e-01 4.6700e-01 8.5500e-01 9.1300e-01 9.3800e-01 9.3100e-01
NAU139 9.9000e-02 5.4900e-01 2.3600e-01 1.3000e-01 8.4000e-02 1.9900e-01
NAU144 6.2800e-01 3.2700e-01 9.0700e-01 7.6700e-01 7.8200e-01 9.9600e-01
NAU148            1.5300e-01 5.5700e-01 8.3200e-01 7.6200e-01 6.3200e-01
NAU149 1.7023e-01            4.5700e-01 2.6100e-01 1.8200e-01 3.7100e-01
NAU150 5.4342e-01 4.2293e-01            7.0500e-01 7.3000e-01 9.1100e-01
NAU153 8.2135e-01 2.4211e-01 7.0097e-01            9.5600e-01 7.9400e-01
NAU154 7.3672e-01 1.7968e-01 7.0134e-01 9.4346e-01            7.8000e-01
NAU155 6.0237e-01 3.4784e-01 9.1281e-01 7.7259e-01 7.8705e-01           
NAU156 9.4718e-01 2.0091e-01 5.4319e-01 7.8953e-01 7.0937e-01 5.9478e-01
NAU157 9.4862e-01 7.8472e-02 4.7319e-01 8.1948e-01 7.0120e-01 5.4162e-01
NAU159 4.6707e-01 1.0602e-02 1.2580e-01 2.9791e-01 1.6324e-01 1.4476e-01
NAU160 1.8584e-01 8.2259e-01 3.8707e-01 2.4866e-01 1.9601e-01 3.2836e-01
NAU161 6.2917e-01 7.4125e-01 9.0037e-01 7.2941e-01 7.2913e-01 8.4831e-01
NAU164 3.5622e-01 8.4551e-01 6.5319e-01 4.5440e-01 4.1006e-01 5.8177e-01
NCS203 1.4385e-01 1.4201e-03 2.5204e-02 7.6417e-02 2.4054e-02 2.8096e-02
NCS204 3.4996e-01 9.6828e-03 9.3101e-02 2.2167e-01 1.1849e-01 1.0634e-01
NCS210 7.5623e-03 3.8892e-02 1.4689e-02 9.9926e-03 3.6458e-03 1.0710e-02
NCS212 3.5640e-01 7.5587e-01 6.9011e-01 4.6543e-01 4.2456e-01 6.1165e-01
NCS213 9.4021e-01 1.3676e-01 5.4647e-01 8.5906e-01 7.6573e-01 6.1236e-01
NCS214 7.2822e-02 2.7295e-01 1.2819e-01 9.3798e-02 6.6375e-02 1.0836e-01
NCS233 4.3836e-02 1.9739e-01 8.3302e-02 5.7854e-02 3.5355e-02 6.7529e-02
NCS234 5.6979e-01 3.4522e-01 9.3552e-01 7.4108e-01 7.4882e-01 9.7343e-01
NCS236 9.1838e-01 5.7692e-02 3.7926e-01 6.9235e-01 5.5637e-01 4.3523e-01
NCS243 7.3729e-01 8.4429e-02 3.3687e-01 5.6953e-01 4.5840e-01 3.7696e-01
NCS248 6.8142e-01 5.0467e-01 9.4824e-01 8.1598e-01 8.3204e-01 9.8584e-01
NCS253 3.1490e-02 1.5349e-01 6.1249e-02 4.2331e-02 2.5259e-02 4.9150e-02
NCS255 6.1348e-01 4.7131e-01 9.7473e-01 7.6030e-01 7.7151e-01 9.4967e-01
NCS263 1.6045e-01 4.6474e-01 2.5662e-01 1.9760e-01 1.6101e-01 2.2702e-01
           NAU156     NAU157     NAU159     NAU160     NAU161     NAU164
CUB000 6.8100e-01 4.4600e-01 9.0600e-01 4.5000e-02 3.8000e-01 1.1100e-01
CUB003 5.1800e-01 4.8400e-01 1.5500e-01 5.2100e-01 9.7700e-01 7.9400e-01
CUB004 4.8500e-01 2.5600e-01 7.6000e-01 2.8000e-02 2.7700e-01 6.4000e-02
CUB007 6.8400e-01 6.4800e-01 2.0600e-01 3.1600e-01 8.0900e-01 5.4600e-01
CUB009 4.7500e-01 4.0600e-01 1.3900e-01 5.8800e-01 9.7800e-01 8.5800e-01
CUB010 4.9700e-01 4.4800e-01 1.2900e-01 4.9800e-01 9.7700e-01 7.6900e-01
CUB011 2.5200e-01 2.0000e-01 5.5000e-02 9.1500e-01 6.5600e-01 7.0800e-01
CUB012 5.7800e-01 4.8500e-01 1.6900e-01 4.5200e-01 9.3400e-01 7.1200e-01
CUB015 2.8200e-01 2.3900e-01 1.1800e-01 7.9700e-01 5.7200e-01 6.8100e-01
CUB016 6.5500e-01 6.1300e-01 1.6200e-01 2.7200e-01 7.9300e-01 4.6700e-01
CUB017 7.7000e-02 3.6000e-02 8.0000e-03 4.6300e-01 3.6800e-01 3.2600e-01
CUB019 8.1400e-01 5.3600e-01 6.1000e-01 4.1000e-02 4.4000e-01 1.2100e-01
CUB026 2.3100e-01 8.8000e-02 1.0000e-02 7.4000e-01 8.0900e-01 9.3400e-01
CUB027 3.7100e-01 3.1200e-01 8.8000e-02 8.1800e-01 8.4000e-01 9.3300e-01
CUB028 3.4000e-01 2.5900e-01 1.4700e-01 8.3900e-01 6.4100e-01 7.0800e-01
CUB029 2.8000e-01 2.1300e-01 6.8000e-02 9.3400e-01 6.7800e-01 7.4300e-01
CUB032 5.4800e-01 4.8000e-01 1.6900e-01 5.0800e-01 9.6300e-01 7.5900e-01
CUB033 6.8000e-02 3.0000e-02 1.1000e-02 3.3900e-01 2.7400e-01 2.4000e-01
CUB036 5.7600e-01 5.4500e-01 2.8700e-01 8.0700e-01 9.0300e-01 9.9700e-01
CUB037 7.6100e-01 8.0200e-01 2.8500e-01 2.4500e-01 7.2600e-01 4.9200e-01
CUB038 3.0600e-01 2.2800e-01 6.9000e-02 9.2900e-01 7.6000e-01 8.3300e-01
CUB040 5.4300e-01 3.0600e-01 8.2600e-01 2.3000e-02 2.8300e-01 7.9000e-02
CUB042 8.8600e-01 6.4800e-01 5.5300e-01 6.1000e-02 4.8500e-01 1.7100e-01
CUB044 9.8900e-01 9.1900e-01 6.4900e-01 2.7000e-01 6.5000e-01 4.4300e-01
CUB048 8.6800e-01 6.6400e-01 5.9900e-01 6.9000e-02 4.6900e-01 1.8400e-01
CUB049 8.4100e-01 9.5600e-01 2.8900e-01 9.5000e-02 6.1600e-01 2.5300e-01
CUB050 2.8200e-01 8.2000e-02 4.2600e-01 1.2000e-02 1.9000e-01 2.9000e-02
CUB052 3.3100e-01 1.1400e-01 5.2200e-01 1.3000e-02 2.0400e-01 4.6000e-02
CUB053 2.0600e-01 1.3100e-01 2.7000e-02 9.5800e-01 6.5900e-01 7.1500e-01
CUB056 9.3900e-01 9.6100e-01 4.4100e-01 1.6800e-01 6.0400e-01 3.5100e-01
CUB061 8.6000e-02 8.0000e-03 2.0000e-03 6.0500e-01 4.5200e-01 3.9000e-01
NAU101 5.1300e-01 4.2800e-01 5.3000e-02 2.9900e-01 8.6000e-01 5.7100e-01
NAU102 5.5500e-01 5.2900e-01 2.2100e-01 6.3800e-01 9.9700e-01 8.4700e-01
NAU105 1.0800e-01 3.2000e-02 9.0000e-03 5.8500e-01 4.6600e-01 4.2200e-01
NAU106 2.9900e-01 2.2400e-01 6.9000e-02 9.1600e-01 7.5300e-01 8.2800e-01
NAU107 2.4400e-01 1.0800e-01 1.7000e-02 7.2400e-01 8.0500e-01 9.4300e-01
NAU108 7.2100e-01 7.0900e-01 3.1400e-01 4.1500e-01 8.1600e-01 6.3900e-01
NAU109 7.9000e-01 5.3100e-01 7.3600e-01 6.0000e-02 4.4500e-01 1.6500e-01
NAU110 9.7300e-01 8.3300e-01 5.5500e-01 1.2400e-01 5.7100e-01 3.0200e-01
NAU114 5.3200e-01 4.7000e-01 1.4500e-01 4.7300e-01 9.4700e-01 7.2600e-01
NAU117 1.3000e-02 2.0000e-03 2.0000e-03 5.6000e-02 7.2000e-02 4.3000e-02
NAU119 2.4100e-01 9.2000e-02 1.4000e-02 9.3900e-01 7.0500e-01 7.8300e-01
NAU121 7.4700e-01 7.3700e-01 2.5600e-01 2.6700e-01 7.5300e-01 4.6200e-01
NAU123 5.8200e-01 4.7500e-01 7.4000e-02 2.7800e-01 8.3700e-01 5.3300e-01
NAU124 4.9700e-01 4.1300e-01 1.5800e-01 5.6400e-01 9.8900e-01 8.4800e-01
NAU129 1.5400e-01 4.7000e-02 5.0000e-03 9.4300e-01 5.9500e-01 6.5000e-01
NAU130 1.7200e-01 7.5000e-02 1.7000e-02 8.6500e-01 5.8100e-01 6.1000e-01
NAU132 9.7900e-01 7.9900e-01 4.3200e-01 8.5000e-02 5.4800e-01 2.3400e-01
NAU133 7.9300e-01 8.0700e-01 3.9500e-01 3.9900e-01 8.0300e-01 6.1300e-01
NAU134 3.6700e-01 2.4100e-01 9.6000e-02 9.9400e-01 7.4800e-01 7.9600e-01
NAU136 1.7800e-01 8.4000e-02 2.3000e-02 8.9800e-01 6.2400e-01 6.7400e-01
NAU137 7.7200e-01 7.8300e-01 3.7500e-01 4.5800e-01 8.5600e-01 6.5600e-01
NAU139 1.1000e-01 4.3000e-02 5.0000e-03 7.4300e-01 5.3300e-01 5.0300e-01
NAU144 6.0900e-01 5.1600e-01 1.1700e-01 3.3100e-01 8.6600e-01 5.7100e-01
NAU148 9.4100e-01 9.5600e-01 4.8600e-01 1.7800e-01 6.3900e-01 3.7700e-01
NAU149 2.2000e-01 7.4000e-02 8.0000e-03 8.2100e-01 7.3100e-01 8.5100e-01
NAU150 5.4200e-01 4.9400e-01 1.2900e-01 3.8800e-01 9.0800e-01 6.6000e-01
NAU153 8.0300e-01 8.2200e-01 2.9100e-01 2.4200e-01 7.4900e-01 4.5600e-01
NAU154 7.0300e-01 7.1000e-01 1.5100e-01 1.8000e-01 7.2100e-01 4.0700e-01
NAU155 6.0900e-01 5.6900e-01 1.5300e-01 3.2200e-01 8.4800e-01 5.9100e-01
NAU156            8.9000e-01 6.0200e-01 1.9800e-01 6.5000e-01 3.8600e-01
NAU157 8.8904e-01            2.8100e-01 1.0600e-01 5.9900e-01 2.8900e-01
NAU159 5.8308e-01 2.5483e-01            1.5000e-02 3.3500e-01 8.1000e-02
NAU160 2.1587e-01 1.0728e-01 2.4410e-02            6.7900e-01 7.3600e-01
NAU161 6.3039e-01 6.0101e-01 3.2922e-01 6.7682e-01            8.5300e-01
NAU164 3.8090e-01 2.6252e-01 7.6489e-02 7.3607e-01 8.6895e-01           
NCS203 2.3005e-01 3.4086e-02 2.6297e-01 5.2985e-03 1.6081e-01 1.9775e-02
NCS204 4.5671e-01 1.7917e-01 7.1052e-01 2.0529e-02 2.7050e-01 6.2520e-02
NCS210 1.4067e-02 1.4133e-03 2.9476e-04 1.1013e-01 1.3941e-01 7.3870e-02
NCS212 3.7826e-01 2.6267e-01 6.6755e-02 6.5433e-01 9.0119e-01 9.3855e-01
NCS213 8.8952e-01 9.7916e-01 3.3450e-01 1.6154e-01 6.4291e-01 3.3565e-01
NCS214 9.4137e-02 4.0574e-02 1.3278e-02 4.1034e-01 3.3494e-01 3.0703e-01
NCS233 6.1461e-02 1.8835e-02 5.0577e-03 3.3584e-01 2.8850e-01 2.3937e-01
NCS234 5.6591e-01 4.9528e-01 1.1715e-01 3.2679e-01 8.6071e-01 5.8785e-01
NCS236 9.9481e-01 8.1210e-01 3.8038e-01 8.4235e-02 5.3806e-01 2.1368e-01
NCS243 8.1760e-01 6.1943e-01 7.6326e-01 1.0574e-01 4.8560e-01 2.2510e-01
NCS248 6.7146e-01 6.5595e-01 2.9378e-01 4.6344e-01 8.8195e-01 6.8653e-01
NCS253 4.5369e-02 1.3274e-02 3.4127e-03 2.7464e-01 2.3726e-01 1.9321e-01
NCS255 6.0685e-01 5.7322e-01 2.0923e-01 4.2776e-01 8.9077e-01 6.7257e-01
NCS263 1.8832e-01 1.1213e-01 4.6217e-02 6.0349e-01 4.7624e-01 4.7709e-01
           NCS203     NCS204     NCS210     NCS212     NCS213     NCS214
CUB000 2.9700e-01 6.6000e-01 1.0000e-03 1.0900e-01 5.1700e-01 1.2000e-02
CUB003 4.2000e-02 1.2100e-01 3.9000e-02 8.2600e-01 5.2500e-01 1.9000e-01
CUB004 5.4700e-01 9.7400e-01 2.0000e-03 5.9000e-02 2.9400e-01 1.1000e-02
CUB007 3.6000e-02 1.4800e-01 8.0000e-03 5.6400e-01 7.1000e-01 1.0100e-01
CUB009 3.1000e-02 9.7000e-02 4.1000e-02 8.9900e-01 5.0600e-01 2.1400e-01
CUB010 3.2000e-02 9.2000e-02 2.5000e-02 8.1000e-01 4.9400e-01 1.6800e-01
CUB011 1.5000e-02 6.2000e-02 2.2600e-01 6.4700e-01 2.5200e-01 5.5000e-01
CUB012 3.4000e-02 1.2300e-01 2.4000e-02 7.5800e-01 5.6800e-01 1.5500e-01
CUB015 5.0000e-02 8.9000e-02 4.0400e-01 6.3000e-01 2.8500e-01 6.8100e-01
CUB016 1.7000e-02 9.0000e-02 8.0000e-03 5.2600e-01 6.9300e-01 7.8000e-02
CUB017 2.0000e-03 1.3000e-02 5.8700e-01 2.5300e-01 5.6000e-02 9.6600e-01
CUB019 9.6000e-02 4.0800e-01 1.0000e-03 1.1300e-01 6.2800e-01 2.4000e-02
CUB026 2.0000e-03 1.2000e-02 3.1000e-02 8.4000e-01 1.5000e-01 2.6000e-01
CUB027 2.9000e-02 8.2000e-02 1.1500e-01 8.9800e-01 3.7100e-01 3.4200e-01
CUB028 4.1000e-02 1.0300e-01 4.1700e-01 6.4700e-01 3.0400e-01 6.9300e-01
CUB029 2.4000e-02 4.4000e-02 2.2000e-01 6.2800e-01 2.7400e-01 5.2200e-01
CUB032 4.1000e-02 1.1100e-01 4.0000e-02 8.0900e-01 5.6100e-01 1.9200e-01
CUB033 3.0000e-03 6.0000e-03 7.9600e-01 1.7900e-01 4.1000e-02 8.8200e-01
CUB036 1.3000e-01 2.4900e-01 2.1800e-01 9.6800e-01 5.8300e-01 4.4000e-01
CUB037 8.1000e-02 2.2700e-01 7.0000e-03 4.5800e-01 8.2900e-01 6.4000e-02
CUB038 1.4000e-02 5.1000e-02 1.2300e-01 7.7000e-01 2.8000e-01 3.8000e-01
CUB040 5.0100e-01 8.9500e-01 1.0000e-03 7.3000e-02 3.5400e-01 1.6000e-02
CUB042 1.0900e-01 3.9200e-01 1.0000e-03 1.6800e-01 6.9800e-01 2.6000e-02
CUB044 2.8000e-01 5.3100e-01 1.9000e-02 4.2700e-01 9.1900e-01 1.0500e-01
CUB048 1.2400e-01 4.3700e-01 2.0000e-03 1.6200e-01 7.1300e-01 2.2000e-02
CUB049 3.3000e-02 1.8900e-01 2.0000e-03 2.9100e-01 9.8500e-01 3.3000e-02
CUB050 8.9000e-01 6.5200e-01 1.0000e-03 3.2000e-02 1.3700e-01 4.0000e-03
CUB052 8.0300e-01 7.6400e-01 1.0000e-03 2.4000e-02 1.8200e-01 6.0000e-03
CUB053 2.0000e-03 2.6000e-02 1.3700e-01 6.1900e-01 1.5900e-01 4.6400e-01
CUB056 1.0700e-01 3.1600e-01 2.0000e-03 3.3900e-01 9.4600e-01 5.7000e-02
CUB061 1.0000e-03 2.0000e-03 2.2300e-01 2.8800e-01 3.1000e-02 6.6600e-01
NAU101 8.0000e-03 5.5000e-02 3.0000e-03 6.3200e-01 5.4300e-01 9.8000e-02
NAU102 6.9000e-02 1.5800e-01 8.0000e-02 8.7600e-01 5.7000e-01 2.8200e-01
NAU105 1.0000e-03 5.0000e-03 2.9800e-01 3.5400e-01 6.0000e-02 7.1800e-01
NAU106 1.3000e-02 5.3000e-02 1.2300e-01 7.7200e-01 2.8100e-01 4.1600e-01
NAU107 1.0000e-03 1.2000e-02 3.6000e-02 8.6300e-01 1.7100e-01 2.4200e-01
NAU108 9.2000e-02 2.4400e-01 4.3000e-02 6.6900e-01 7.5500e-01 1.7000e-01
NAU109 1.8300e-01 5.3300e-01 3.0000e-03 1.3400e-01 6.0000e-01 2.9000e-02
NAU110 1.7500e-01 4.1600e-01 5.0000e-03 2.9800e-01 8.4600e-01 4.1000e-02
NAU114 3.5000e-02 1.2500e-01 3.4000e-02 7.8800e-01 5.6200e-01 1.4900e-01
NAU117 1.0000e-03 1.0000e-03 4.3000e-01 3.0000e-02 6.0000e-03 2.9400e-01
NAU119 3.0000e-03 1.4000e-02 7.3000e-02 6.9600e-01 1.5300e-01 3.7700e-01
NAU121 6.9000e-02 1.8200e-01 1.1000e-02 5.0000e-01 7.9600e-01 8.0000e-02
NAU123 9.0000e-03 5.1000e-02 4.0000e-03 5.6800e-01 5.6500e-01 1.0400e-01
NAU124 3.8000e-02 1.0700e-01 3.0000e-02 8.8400e-01 4.9700e-01 2.1900e-01
NAU129 2.0000e-03 6.0000e-03 8.5000e-02 5.5800e-01 8.8000e-02 3.8700e-01
NAU130 3.0000e-03 1.8000e-02 1.4200e-01 5.4500e-01 1.4400e-01 4.9300e-01
NAU132 7.0000e-02 2.9900e-01 3.0000e-03 2.1000e-01 8.2500e-01 3.4000e-02
NAU133 1.2700e-01 3.1300e-01 4.4000e-02 6.2400e-01 8.4300e-01 1.7500e-01
NAU134 3.7000e-02 8.1000e-02 2.1600e-01 7.5400e-01 3.0800e-01 5.1900e-01
NAU136 3.0000e-03 1.9000e-02 1.5500e-01 5.8000e-01 1.3800e-01 4.9600e-01
NAU137 1.6700e-01 3.3100e-01 5.3000e-02 6.8200e-01 8.3700e-01 1.8600e-01
NAU139 2.0000e-03 3.0000e-03 1.6900e-01 4.3700e-01 7.5000e-02 5.1800e-01
NAU144 1.5000e-02 1.0500e-01 1.1000e-02 6.0800e-01 6.0100e-01 1.1800e-01
NAU148 1.4000e-01 3.8000e-01 1.0000e-02 3.7100e-01 9.4600e-01 6.6000e-02
NAU149 1.0000e-03 7.0000e-03 4.1000e-02 7.6700e-01 1.3000e-01 2.7400e-01
NAU150 2.7000e-02 1.0100e-01 1.1000e-02 6.8100e-01 5.6000e-01 1.2800e-01
NAU153 6.8000e-02 2.2600e-01 1.3000e-02 4.9000e-01 8.6500e-01 1.0100e-01
NAU154 1.8000e-02 1.1300e-01 3.0000e-03 4.2900e-01 7.7000e-01 6.5000e-02
NAU155 2.6000e-02 1.2600e-01 8.0000e-03 6.2200e-01 6.3500e-01 1.1900e-01
NAU156 2.3600e-01 4.7300e-01 9.0000e-03 3.8100e-01 8.8500e-01 9.2000e-02
NAU157 3.3000e-02 1.9500e-01 4.0000e-03 2.7000e-01 9.9000e-01 2.9000e-02
NAU159 2.5100e-01 7.2000e-01 1.0000e-03 5.8000e-02 3.5600e-01 1.2000e-02
NAU160 4.0000e-03 1.7000e-02 9.4000e-02 6.6000e-01 1.5500e-01 4.2300e-01
NAU161 1.4800e-01 2.8400e-01 1.5100e-01 8.9100e-01 6.5200e-01 3.6800e-01
NAU164 1.2000e-02 6.4000e-02 7.8000e-02 9.4700e-01 3.5200e-01 3.2300e-01
NCS203            5.4600e-01 1.0000e-03 1.2000e-02 6.4000e-02 5.0000e-03
NCS204 5.3018e-01            1.0000e-03 5.5000e-02 2.7800e-01 8.0000e-03
NCS210 7.2652e-05 3.3569e-04            5.3000e-02 2.0000e-03 6.5500e-01
NCS212 1.4587e-02 5.2928e-02 4.5694e-02            3.6400e-01 2.6700e-01
NCS213 7.1552e-02 2.4397e-01 4.3351e-03 3.3739e-01            5.8000e-02
NCS214 4.3421e-03 1.1084e-02 6.2768e-01 2.4466e-01 6.3967e-02           
NCS233 1.4174e-03 4.4740e-03 6.2763e-01 1.8107e-01 3.4858e-02 9.6498e-01
NCS234 2.0100e-02 8.6808e-02 9.3967e-03 6.2032e-01 5.7342e-01 1.0652e-01
NCS236 6.1657e-02 2.6341e-01 1.1525e-03 2.0907e-01 8.2424e-01 3.3480e-02
NCS243 2.8458e-01 5.8413e-01 3.8604e-03 2.1527e-01 6.5220e-01 4.4906e-02
NCS248 1.0773e-01 2.2815e-01 4.4129e-02 7.1280e-01 7.0139e-01 1.8614e-01
NCS253 9.1445e-04 2.9296e-03 7.0518e-01 1.4159e-01 2.5186e-02 8.8568e-01
NCS255 5.9721e-02 1.5613e-01 2.6236e-02 7.0439e-01 6.2910e-01 1.5132e-01
NCS263 1.8424e-02 3.8365e-02 5.2654e-01 4.1036e-01 1.5093e-01 8.5589e-01
           NCS233     NCS234     NCS236     NCS243     NCS248     NCS253
CUB000 5.0000e-03 2.0100e-01 5.7900e-01 8.8700e-01 3.7300e-01 4.0000e-03
CUB003 1.4000e-01 8.4700e-01 3.7200e-01 3.4300e-01 8.4300e-01 8.7000e-02
CUB004 6.0000e-03 1.0300e-01 3.2300e-01 6.4500e-01 2.7300e-01 2.0000e-03
CUB007 6.1000e-02 9.0200e-01 5.3600e-01 4.4700e-01 9.2900e-01 3.7000e-02
CUB009 1.6700e-01 7.7300e-01 3.4300e-01 3.0400e-01 8.2000e-01 1.0700e-01
CUB010 1.1100e-01 8.1900e-01 3.2300e-01 3.1600e-01 8.6700e-01 7.5000e-02
CUB011 4.9900e-01 3.9100e-01 1.4700e-01 1.7100e-01 4.7300e-01 4.0100e-01
CUB012 9.7000e-02 9.1400e-01 4.2200e-01 3.5400e-01 9.2100e-01 7.5000e-02
CUB015 6.5700e-01 4.0900e-01 2.0300e-01 1.9700e-01 4.6400e-01 5.3300e-01
CUB016 5.4000e-02 8.6500e-01 5.0100e-01 4.1500e-01 9.0200e-01 3.2000e-02
CUB017 9.0800e-01 1.1100e-01 3.3000e-02 4.7000e-02 1.8900e-01 8.4200e-01
CUB019 1.2000e-02 2.6300e-01 7.0800e-01 9.4000e-01 4.6300e-01 4.0000e-03
CUB026 1.7400e-01 4.0000e-01 6.6000e-02 9.3000e-02 5.7500e-01 1.3600e-01
CUB027 3.2300e-01 5.5700e-01 2.4700e-01 2.1600e-01 6.5800e-01 2.1900e-01
CUB028 6.5900e-01 4.3100e-01 2.1300e-01 2.4200e-01 4.9900e-01 5.7000e-01
CUB029 4.9200e-01 3.9400e-01 1.5700e-01 1.7100e-01 4.7500e-01 3.7100e-01
CUB032 1.2300e-01 8.6100e-01 3.9800e-01 3.5800e-01 9.0400e-01 1.2200e-01
CUB033 9.0200e-01 8.7000e-02 3.3000e-02 2.8000e-02 1.4100e-01 9.7500e-01
CUB036 3.8800e-01 7.4700e-01 4.5300e-01 4.3100e-01 7.8000e-01 3.4200e-01
CUB037 5.3000e-02 7.4700e-01 6.7700e-01 5.3800e-01 8.2200e-01 3.8000e-02
CUB038 3.4100e-01 4.6800e-01 1.6300e-01 1.7700e-01 5.2900e-01 2.5300e-01
CUB040 4.0000e-03 1.4000e-01 3.5700e-01 6.8100e-01 2.7700e-01 1.0000e-03
CUB042 8.0000e-03 2.9600e-01 8.1600e-01 9.0300e-01 4.9900e-01 6.0000e-03
CUB044 7.9000e-02 6.2700e-01 9.8500e-01 8.3000e-01 7.3400e-01 5.2000e-02
CUB048 1.3000e-02 3.3200e-01 8.3100e-01 8.8900e-01 5.0800e-01 2.0000e-03
CUB049 1.7000e-02 5.5200e-01 7.7900e-01 5.8600e-01 6.7900e-01 8.0000e-03
CUB050 6.0000e-03 3.7000e-02 1.1400e-01 3.9800e-01 1.5700e-01 3.0000e-03
CUB052 3.0000e-03 5.5000e-02 1.7600e-01 4.2900e-01 1.7100e-01 2.0000e-03
CUB053 3.7000e-01 3.1100e-01 9.7000e-02 1.1600e-01 4.4700e-01 2.9900e-01
CUB056 2.9000e-02 5.7800e-01 9.0800e-01 7.1100e-01 6.8400e-01 2.0000e-02
CUB061 5.8000e-01 8.5000e-02 5.0000e-03 1.6000e-02 2.5400e-01 4.6600e-01
NAU101 5.7000e-02 9.8500e-01 3.2500e-01 3.2900e-01 9.7900e-01 3.4000e-02
NAU102 2.3400e-01 8.3300e-01 4.1800e-01 4.3300e-01 8.8000e-01 1.6800e-01
NAU105 6.2400e-01 1.2600e-01 2.0000e-02 4.7000e-02 2.5700e-01 5.6100e-01
NAU106 3.5700e-01 4.5900e-01 1.6100e-01 1.8500e-01 5.7600e-01 2.6800e-01
NAU107 1.5800e-01 4.0700e-01 8.1000e-02 1.0800e-01 6.0400e-01 1.2100e-01
NAU108 1.2700e-01 9.1600e-01 6.1900e-01 5.1600e-01 9.4900e-01 1.0300e-01
NAU109 1.2000e-02 2.7400e-01 6.9900e-01 9.9900e-01 4.4800e-01 1.2000e-02
NAU110 2.6000e-02 4.6400e-01 9.7300e-01 8.3300e-01 6.1700e-01 1.3000e-02
NAU114 1.2000e-01 8.8700e-01 4.0500e-01 3.6200e-01 9.2900e-01 9.0000e-02
NAU117 2.9400e-01 8.0000e-03 5.0000e-03 4.0000e-03 2.6000e-02 3.0500e-01
NAU119 2.8900e-01 3.4100e-01 7.5000e-02 9.3000e-02 5.0000e-01 2.1200e-01
NAU121 5.4000e-02 7.8200e-01 6.0900e-01 5.2800e-01 8.4000e-01 3.4000e-02
NAU123 3.7000e-02 9.5100e-01 3.5400e-01 3.4800e-01 9.7400e-01 3.3000e-02
NAU124 1.5300e-01 7.8100e-01 3.6200e-01 3.0600e-01 8.1600e-01 1.0500e-01
NAU129 3.3900e-01 2.2100e-01 3.1000e-02 4.5000e-02 4.0400e-01 2.6100e-01
NAU130 4.3300e-01 2.2200e-01 6.4000e-02 7.3000e-02 3.9400e-01 3.3800e-01
NAU132 1.8000e-02 3.8500e-01 9.8000e-01 7.8000e-01 5.9900e-01 1.0000e-02
NAU133 1.1700e-01 8.9100e-01 7.2200e-01 6.2100e-01 9.0000e-01 9.5000e-02
NAU134 4.4200e-01 5.0400e-01 1.9800e-01 2.0400e-01 5.6100e-01 3.7600e-01
NAU136 4.0200e-01 2.8500e-01 5.7000e-02 9.7000e-02 4.3700e-01 3.4200e-01
NAU137 1.4500e-01 9.1800e-01 6.8900e-01 6.1600e-01 9.3800e-01 1.3700e-01
NAU139 4.7100e-01 1.5800e-01 2.6000e-02 3.8000e-02 3.0700e-01 3.8200e-01
NAU144 6.9000e-02 9.7700e-01 4.1600e-01 3.7300e-01 9.9000e-01 5.6000e-02
NAU148 4.5000e-02 5.6100e-01 9.2500e-01 7.3400e-01 6.9800e-01 3.0000e-02
NAU149 1.9100e-01 3.5200e-01 5.6000e-02 8.0000e-02 5.2700e-01 1.4700e-01
NAU150 7.8000e-02 9.3200e-01 3.6600e-01 3.4100e-01 9.4300e-01 6.7000e-02
NAU153 6.1000e-02 7.4200e-01 6.9600e-01 6.0200e-01 8.2300e-01 3.8000e-02
NAU154 3.0000e-02 7.6400e-01 5.4700e-01 4.4400e-01 8.4200e-01 1.8000e-02
NAU155 7.8000e-02 9.7200e-01 4.5400e-01 4.0100e-01 9.8700e-01 3.4000e-02
NAU156 5.6000e-02 5.8900e-01 9.9500e-01 8.1000e-01 6.8300e-01 3.9000e-02
NAU157 1.7000e-02 5.1300e-01 8.1300e-01 6.4100e-01 6.7500e-01 1.7000e-02
NAU159 6.0000e-03 1.1400e-01 3.8500e-01 7.6700e-01 3.0500e-01 2.0000e-03
NAU160 3.2300e-01 3.3100e-01 7.3000e-02 1.0200e-01 4.9400e-01 2.6200e-01
NAU161 3.1900e-01 8.6000e-01 5.5500e-01 4.7000e-01 8.6100e-01 2.4200e-01
NAU164 2.6100e-01 5.8300e-01 2.1400e-01 2.3100e-01 6.9800e-01 1.9600e-01
NCS203 1.0000e-03 1.3000e-02 3.9000e-02 2.9900e-01 1.0500e-01 2.0000e-03
NCS204 4.0000e-03 9.3000e-02 2.5400e-01 5.9500e-01 2.4300e-01 4.0000e-03
NCS210 6.4500e-01 1.0000e-02 3.0000e-03 4.0000e-03 4.0000e-02 7.1800e-01
NCS212 1.9400e-01 6.3200e-01 2.1500e-01 2.3100e-01 7.1200e-01 1.3300e-01
NCS213 3.2000e-02 5.9300e-01 8.3500e-01 6.3200e-01 7.1000e-01 2.6000e-02
NCS214 9.6800e-01 1.1100e-01 3.9000e-02 4.0000e-02 1.8000e-01 8.8600e-01
NCS233            5.8000e-02 1.4000e-02 2.3000e-02 1.4000e-01 9.3400e-01
NCS234 6.4877e-02            4.0100e-01 3.4300e-01 9.9300e-01 4.6000e-02
NCS236 1.5223e-02 3.9114e-01            7.3400e-01 5.9100e-01 1.3000e-02
NCS243 2.5065e-02 3.4616e-01 7.4648e-01            5.1300e-01 2.1000e-02
NCS248 1.4110e-01 9.9493e-01 5.6908e-01 4.9243e-01            1.0500e-01
NCS253 9.1508e-01 4.7273e-02 1.0606e-02 1.7487e-02 1.0798e-01           
NCS255 1.0766e-01 9.7068e-01 4.8134e-01 4.1385e-01 9.7306e-01 7.9931e-02
NCS263 8.1574e-01 2.2652e-01 9.5782e-02 1.0933e-01 3.1727e-01 7.4225e-01
           NCS255 NCS263
CUB000 2.8600e-01  0.057
CUB003 8.9200e-01  0.356
CUB004 1.9300e-01  0.037
CUB007 8.6400e-01  0.234
CUB009 8.2200e-01  0.376
CUB010 8.7000e-01  0.324
CUB011 4.8200e-01  0.716
CUB012 9.3700e-01  0.300
CUB015 4.5900e-01  0.833
CUB016 8.5300e-01  0.200
CUB017 1.7600e-01  0.895
CUB019 3.5900e-01  0.070
CUB026 5.8900e-01  0.456
CUB027 6.6500e-01  0.518
CUB028 4.8700e-01  0.834
CUB029 4.7200e-01  0.678
CUB032 9.1800e-01  0.339
CUB033 1.1700e-01  0.736
CUB036 7.8600e-01  0.595
CUB037 7.6800e-01  0.181
CUB038 5.4900e-01  0.583
CUB040 2.0100e-01  0.041
CUB042 4.2500e-01  0.072
CUB044 6.5500e-01  0.201
CUB048 4.1900e-01  0.085
CUB049 6.1100e-01  0.108
CUB050 1.0400e-01  0.030
CUB052 1.3200e-01  0.026
CUB053 4.1400e-01  0.660
CUB056 6.1300e-01  0.156
CUB061 1.8700e-01  0.863
NAU101 9.8300e-01  0.216
NAU102 8.9100e-01  0.442
NAU105 2.1600e-01  0.914
NAU106 5.4900e-01  0.570
NAU107 5.4800e-01  0.418
NAU108 9.0900e-01  0.327
NAU109 3.9100e-01  0.080
NAU110 5.3700e-01  0.124
NAU114 9.3200e-01  0.323
NAU117 2.4000e-02  0.289
NAU119 4.7600e-01  0.564
NAU121 8.2200e-01  0.206
NAU123 9.4500e-01  0.217
NAU124 8.2900e-01  0.386
NAU129 3.5500e-01  0.614
NAU130 3.6800e-01  0.681
NAU132 4.8800e-01  0.100
NAU133 8.5200e-01  0.296
NAU134 5.5300e-01  0.664
NAU136 3.7600e-01  0.681
NAU137 8.9700e-01  0.352
NAU139 2.6800e-01  0.765
NAU144 9.6100e-01  0.221
NAU148 6.4700e-01  0.176
NAU149 4.6900e-01  0.477
NAU150 9.7200e-01  0.271
NAU153 7.7500e-01  0.208
NAU154 7.8100e-01  0.166
NAU155 9.4700e-01  0.254
NAU156 6.2600e-01  0.210
NAU157 5.9800e-01  0.121
NAU159 2.0200e-01  0.037
NAU160 4.3800e-01  0.604
NAU161 8.9200e-01  0.465
NAU164 6.8000e-01  0.496
NCS203 4.8000e-02  0.020
NCS204 1.8400e-01  0.034
NCS210 3.5000e-02  0.545
NCS212 7.2600e-01  0.428
NCS213 6.3800e-01  0.150
NCS214 1.4700e-01  0.867
NCS233 1.0800e-01  0.823
NCS234 9.7400e-01  0.209
NCS236 5.0400e-01  0.089
NCS243 4.5400e-01  0.101
NCS248 9.7300e-01  0.317
NCS253 7.7000e-02  0.747
NCS255             0.293
NCS263 2.8033e-01       
