CUB008_vs._CUB008	0.422570831798	0.394302148944	0.413594054122	0.443395433407	0.38800718227	0.386246481156	0.407310628173	0.382932569691	0.396461180519	0.420978695355	0.390670977853	0.413814680361	0.413603337125	0.426248249178	0.426623122572	0.420888938757	0.430849067838	0.378653510006	0.4107926151	0.389247329373	0.385207979781	0.372352552437	0.390026855339	0.395116340775	0.384689810615	0.420269442094	0.394070925022	0.371818835726	0.410174296204	0.380077385341	0.425825077824	0.417320548567	0.420598169508	0.439310426211	0.421652125299	0.371720016174	0.404531856221	0.359947361817	0.395475924551	0.397948665641	0.380186042062	0.382590160946	0.380917501806	0.404364263551	0.390695856787
NAU109_vs._NAU109	0.537835846148	0.542400636334	0.578891977056	0.507770560173	0.580644435393	0.673576387297	0.602146732745	0.534480248668	0.398585379386	0.407390637622	0.366572292264	0.424113839629	0.516468379298	0.408767347947	0.357094405882	0.366602239667	0.389828533657	0.414403897103	0.518757427326	0.402573270175	0.392805366102	0.391626152746	0.389597471064	0.53774764755	0.370014140327	0.373345312174	0.404335538344	0.545993186694	0.40853458872	0.368714981882	0.502539197984	0.401813019231	0.385782673952	0.504386371484	0.500467012733	0.363302063688
CUB011_vs._CUB011	0.400438756084	0.422364071265	0.446190726366	0.388350766179	0.433163327058	0.411956348964	0.442641059571	0.405506932294	0.410642077548	0.404426591681	0.409386198937	0.397200675281	0.412698659889	0.399958926564	0.43214973025	0.404105980614	0.43077781288	0.373496685621	0.432342491051	0.402991524505	0.416914451683	0.384061413874	0.438717588857	0.39996155239	0.433767396199	0.406479797981	0.39881004691	0.420995417845
CUB037_vs._CUB037	0.36835287776	0.414333122842	0.385134200449	0.414388048183	0.398305560219	0.388827312569	0.381403919544	0.409050844666	0.438718981587	0.415269592161	0.355008642126	0.428455196826	0.369933732143	0.479466530267	0.476077090468	0.398112767397	0.493917769804	0.440608333944	0.426586862064	0.460229681259	0.441773270787	0.44273137511	0.410527836079	0.452530375902	0.441744189242	0.430858975308	0.372371184773	0.407698289286
CUB056_vs._CUB056	0.380141436852	0.444116353852	0.439342098888	0.42997843513	0.415041817886	0.413937211596	0.442073095543	0.38587996247	0.388396699846	0.411920319282	0.412144474979	0.380854122282	0.393415576482	0.449121681015	0.414600272382	0.472198258137	0.42703833679	0.405614869731	0.449629955063	0.434012631049	0.412805692271	0.445084480426	0.452289829642	0.432443157892	0.459047002352	0.402070989775	0.423450418307	0.412004795133
NAU148_vs._NAU148	0.399446268479	0.430480757493	0.433413260835	0.396838969317	0.43134587597	0.396521379003	0.45866505177	0.429781919066	0.395030567041	0.363720208195	0.420174414923	0.406007544889	0.450033446878	0.344300569119	0.427608009742	0.472183687448	0.43705732916	0.496968393542	0.392102715098	0.435366000525	0.424766178424	0.474653367627	0.409818414967	0.391804274144	0.42767026298	0.36175270464	0.38910786304	0.40874584557
CUB009_vs._CUB009	0.418559850034	0.437313016238	0.467804440467	0.435274575402	0.425927115675	0.431375110257	0.459524870049	0.473301852688	0.424057466945	0.453850964985	0.468709334355	0.407874715734	0.413291405961	0.447792914056	0.456468463876	0.419704498162	0.423885197188	0.396878750144	0.428542254728	0.431240363299	0.422781337297	0.447442155115	0.458866480421	0.466163399641	0.437512825164	0.44367155913	0.415658654874	0.441495192652	0.430436466077	0.425263198341	0.366201727571	0.415472980685	0.416441233734	0.42694880406	0.428547944859	0.409668475947
CUB042_vs._CUB042	0.445840821394	0.478106310838	0.425670545045	0.426346124628	0.500795346395	0.444874472304	0.459441916052	0.496283183051	0.45710267631	0.44164449925	0.405877535782	0.414850213976	0.442039712178	0.414800191387	0.456889168214	0.459777899024	0.407385410214	0.41939632443	0.4349732234	0.473467423764	0.435265650558	0.448608214098	0.449136199896	0.445527230943	0.381895038013	0.438324713026	0.403400377569	0.412467009279	0.470480803649	0.427742732757	0.450358922709	0.403462001113	0.407027973501	0.413266253412	0.397734875568	0.410395752536	0.40734946916	0.469785498847	0.417068554466	0.405356446287	0.431323556215	0.390035764616	0.433541720905	0.392339931486	0.438104038851
NAU144_vs._NAU144	0.392831313842	0.427855480638	0.40164546448	0.436823527845	0.46965407175	0.425449180176	0.44995006732	0.39373802216	0.408584261713	0.420527776384	0.475103800124	0.438180812354	0.451611901142	0.41582093421	0.425692943948	0.443588623643	0.442063365683	0.44910957406	0.410247198589	0.465059985845	0.431819143513	0.442115676547	0.425932776754	0.456155995052	0.418847484705	0.464791697649	0.414457426057	0.450784775998
NAU153_vs._NAU153	0.499371059042	0.483008989314	0.463588816308	0.433318607338	0.485269400356	0.480636443831	0.486791170697	0.4362947423	0.491246208872	0.489990296716	0.481598454096	0.479713234002	0.483363043351	0.390916959834	0.454874397567	0.411379576064	0.389994140107	0.409465868412	0.385698296887	0.395176854039	0.377474871317	0.414327883403	0.438142054942	0.429173514784	0.414939578864	0.406320834125	0.407959686699	0.422897362095
CUB040_vs._CUB040	0.441761719105	0.39661718377	0.365796160397	0.376188608113	0.376787939967	0.482784337822	0.418473922276	0.434853624159	0.453208785813	0.421900729387	0.496811705595	0.419770032224	0.363763712359	0.483476191744	0.519652617843	0.372954756988	0.42345741882	0.380911157031	0.478813926879	0.467559446888	0.46740174379	0.419133326685	0.383744105151	0.467357203785	0.431460032982	0.447030151994	0.417119460699	0.540794845368	0.458145848602	0.410920389894	0.463352738061	0.438294518	0.458333536027	0.526898621215	0.530917582359	0.482338289396
NCS237_vs._NCS237	0.43312726663	0.441056961332	0.449943469159	0.452539544604	0.542306312372	0.440133323832	0.442354310369	0.412403557087	0.484190310441	0.527552936358	0.428203796185	0.405464893464	0.407891597051	0.490160783726	0.397613174197	0.403557862655	0.509447139578	0.393645872961	0.469577657702	0.412043610031	0.452391425119
CUB052_vs._CUB052	0.477551802946	0.44717694032	0.387529345749	0.426091565684	0.425050289333	0.463303811236	0.455669216694	0.48413967992	0.489636561657	0.428437607662	0.472749483807	0.453821548195	0.496077709649	0.444861055761	0.512643477713	0.396665649472	0.399014532896	0.417561896332	0.410458955147	0.440476094765	0.415012129929	0.451656132044	0.406969142441	0.414519008403	0.386042086079	0.400971257709	0.425935318678	0.456630983804	0.432305799047	0.450278598989	0.392462988256	0.450327886219	0.452647107203	0.438863228447	0.463717061265	0.422472667854	0.443806638641	0.456228508143	0.477029586098	0.468675139816	0.405423037147	0.415036527947	0.496454824387	0.481402704208	0.400429396123
NAU110_vs._NAU110	0.36572221715	0.397101308151	0.537475924455	0.489752032335	0.499553292615	0.428013932688	0.491836393402	0.427348864442	0.357945207638	0.544644508669	0.435516573708	0.435721883568	0.436821151928	0.458903437994	0.384301464732	0.558241338094	0.474240552287	0.450410986571	0.417072261769	0.447645479156	0.404243518083	0.503663462626	0.521360781848	0.538407595609	0.516877041654	0.568013254697	0.434726675097	0.492234385229	0.443185378541	0.485930844753	0.465276071678	0.380248591889	0.432436566674	0.436302861534	0.396639059224	0.42599801256
NAU130_vs._NAU130	0.400287862911	0.417386793907	0.510755280136	0.394277569956	0.391773583658	0.542285343678	0.467885952832	0.429448396363	0.386141565204	0.523862433186	0.398138732212	0.438557433007	0.537778238935	0.466781235531	0.439243742621	0.504228228586	0.377574556983	0.404461198539	0.54924091626	0.46279980807	0.398071203219	0.443335258412	0.485285767399	0.454560071489	0.465310301452	0.489776621147	0.393848665106	0.491661010496	0.407233547439	0.379575820988	0.517681992714	0.41842811712	0.425087454477	0.466200346767	0.533321992493	0.458086589
NCS204_vs._NCS204	0.426219043541	0.447621068642	0.616443731483	0.47379076697	0.458775906149	0.451312796998	0.463049861902	0.443631335731	0.390611154125	0.588510830143	0.448899086995	0.429773257865	0.422562667669	0.452706019671	0.408066955129	0.601520256609	0.443693684852	0.424712958392	0.419089170631	0.48926749055	0.404310005569	0.579955251657	0.614080664374	0.578607974395	0.580176698572	0.614693208766	0.439011469766	0.417107753446	0.463600031458	0.492692972329	0.410938498377	0.464804375956	0.447583926104	0.433289808987	0.43302448628	0.499041617554
NAU157_vs._NAU157	0.420193506768	0.435598684638	0.416231962198	0.482825561077	0.494258343925	0.472346170379	0.493321122928	0.483644402692	0.460274276609	0.414580362344	0.448036886633	0.452447211244	0.435659517012	0.438983631595	0.445284866482	0.389144492755	0.501323882938	0.473768812323	0.482868582028	0.481119333233	0.481425288719	0.464923326806	0.42536330727	0.459422885923	0.460336600543	0.445702835943	0.447661762161	0.415425509495	0.459055685488	0.4564025621	0.416285405782	0.407509609215	0.467030316258	0.406311677516	0.431524674021	0.425413743444
NAU149_vs._NAU149	0.451832097342	0.54227104554	0.527153761677	0.429512324996	0.410686072415	0.435562084094	0.41913938375	0.420954242494	0.50575460178	0.453399542393	0.377331772067	0.397579179307	0.459621801878	0.435207177503	0.44918149386	0.522229707765	0.528545775136	0.483548831829	0.514433088983	0.459327774054	0.474135406557	0.492199347762	0.468169708333	0.482946306981	0.464937391463	0.495853553245	0.397559019942	0.462161887793	0.438335412672	0.443791397671	0.422675640369	0.364248615077	0.373834887592	0.377075112882	0.391475256629	0.346561691536
NAU150_vs._NAU150	0.40071624468	0.467355654676	0.461557679154	0.429164671994	0.494953278556	0.454262625949	0.464829551362	0.44401100935	0.452672664057	0.477006363435	0.409517442472	0.46333583003	0.444804723286	0.409228522838	0.448573291819	0.506128161626	0.457963565122	0.429163211283	0.425943616674	0.406789728206	0.403113463367	0.487414942223	0.45697037194	0.460203624273	0.48346848477	0.46561184871	0.470719443749	0.462145674797	0.414877695738	0.460294636262	0.407717237973	0.388620488701	0.389258976805	0.410047199944	0.402889500267	0.408675620955
NAU133_vs._NAU133	0.462616854346	0.518898031509	0.563150353267	0.43112071627	0.487376472886	0.565216152868	0.512010444853	0.546343021174	0.44186508868	0.455607846935	0.415834072964	0.422742239689	0.456759412286	0.416364878521	0.452309329186	0.392058433049	0.41713603644	0.385601578191	0.476113963459	0.388633424302	0.417399375392	0.463845986415	0.414599358023	0.444923427228	0.402147395671	0.463565579463	0.41687054608	0.490442074127	0.451431615791	0.458717024665	0.484314389679	0.407811389136	0.435316728888	0.468901835671	0.480087779919	0.419656867502
CUB049_vs._CUB049	0.435126334666	0.431118138483	0.440528690252	0.440003292117	0.419674456197	0.588975267438	0.49478767594	0.40100227539	0.412682701622	0.444757726907	0.438497673861	0.59359708671	0.532151490912	0.40407016459	0.435407697009	0.446286366157	0.573176401855	0.494310337144	0.43612549238	0.458964901982	0.584552722943	0.543153418904	0.419334273376	0.610096529945	0.520709886349	0.600306279266	0.510004287934	0.491387570559
NAU123_vs._NAU123	0.396376086916	0.461784250187	0.51770128331	0.415214003705	0.465058536752	0.472586120783	0.452642398467	0.388442847894	0.44961363834	0.400045511829	0.415644414906	0.451752881641	0.464860161965	0.426487626995	0.47463383853	0.451835738822	0.436530884827	0.457021764393	0.503486403028	0.48123891335	0.435657858521	0.498162521912	0.433637217796	0.488971822305	0.481342158782	0.460349042904	0.453092725753	0.437294932232
NAU119_vs._NAU119	0.433481454507	0.473020028164	0.42432713248	0.423843092463	0.469027698257	0.412512963184	0.392453627132	0.476882369215	0.492554730308	0.514470951794	0.545565411826	0.462850389657	0.442946040935	0.513484188777	0.527572380319	0.551935608762	0.454665162631	0.465953890902	0.418553291011	0.445271506469	0.426413857431	0.402737487295	0.379832242466	0.448882997374	0.453951744411	0.468522434714	0.497047639685	0.411779940788
CUB029_vs._CUB029	0.398740565512	0.416238734404	0.453717432331	0.46172966604	0.469201795995	0.445551927807	0.484458634066	0.37969149601	0.449417399189	0.477372264208	0.502125429498	0.506330070357	0.465477634359	0.530879059316	0.434140305449	0.462891061258	0.480773734338	0.422134866487	0.446436919295	0.474336838178	0.427044578849	0.385565221079	0.463724279772	0.425949308961	0.464670819542	0.455707167814	0.481786117759	0.437698210359	0.42435575987	0.476903267038	0.452817842158	0.428102064415	0.4565159464	0.435187173325	0.445899077387	0.487873649773
CUB019_vs._CUB019	0.451390736495	0.500064549106	0.494356654867	0.56683552902	0.491174862987	0.478712544669	0.495887488612	0.48006587582	0.406756853112	0.425471798628	0.471154340446	0.494738681701	0.428588525445	0.398072954175	0.430187146983	0.403825714602	0.444361155807	0.518895956271	0.41629092355	0.430951107281	0.432131040177	0.502415936604	0.51012811686	0.428698969705	0.43865428583	0.436259127292	0.568406696902	0.492808529518	0.445150405879	0.493497601314	0.468281879713	0.505135928977	0.483869988432	0.426577264019	0.438185213531	0.438143547492
NAU124_vs._NAU124	0.388154561883	0.42062176848	0.751901050835	0.460851348184	0.42509297757	0.435123314931	0.469978471972	0.430908053589	0.422910962041	0.736475697695	0.45579155381	0.426099952252	0.404737062548	0.436280233162	0.434874728042	0.807003820738	0.461070851945	0.410552552565	0.469578434638	0.513767242748	0.437371259456	0.742819494452	0.790295133502	0.700542569327	0.637686123764	0.792683982208	0.445258528809	0.506451051032	0.501684848496	0.46297035383	0.456780969997	0.48824808757	0.434949475011	0.409506754325	0.478352300436	0.495810805541
CUB032_vs._CUB032	0.364349118442	0.420358640303	0.396715299483	0.474860270144	0.416175128514	0.511158429872	0.500615118099	0.43219657055	0.38639873364	0.459904124652	0.396075892722	0.488738871722	0.445353393951	0.43277062627	0.463130865313	0.452532231759	0.51262471729	0.522160515574	0.453684123106	0.442427070565	0.484544479695	0.495728785534	0.468206684515	0.42237989144	0.471771073641	0.481401962429	0.496762566366	0.477987997112
NAU139_vs._NAU139	0.43759116052	0.470880456813	0.48096854346	0.436814361546	0.448045500071	0.478335255798	0.464985137932	0.442570322503	0.427675109913	0.445998552403	0.444703259808	0.457323700765	0.511261655615	0.479071908293	0.455698726455	0.477461076781	0.433317235754	0.454005041844	0.453361308741	0.483930019858	0.450498896846	0.46014320147	0.500980088131	0.44153894766	0.495707525064	0.493134294595	0.422177795755	0.464933156948	0.482507091164	0.42232471192	0.509593568074	0.486345056449	0.397433721714	0.507229582063	0.475586290554	0.486092633445
NAU106_vs._NAU106	0.496211504543	0.433697056212	0.465118931425	0.476981269031	0.423251860327	0.433293703062	0.495381801924	0.504892212401	0.439745709124	0.52333962963	0.479163139721	0.476946127075	0.515745381548	0.556110972614	0.54062359224	0.478181928397	0.44181086261	0.425938677272	0.474621708255	0.527223028032	0.500680019583	0.430465624152	0.458862982577	0.455410106108	0.452210527994	0.453395809335	0.414932939064	0.437259030793	0.476723421673	0.440308235147	0.415510556006	0.48334594421	0.477966533084	0.446732182088	0.464786544985	0.40833403943
NCS203_vs._NCS203	0.375764241653	0.465646893631	0.407142122514	0.48210434894	0.508737547029	0.414916688218	0.471224681559	0.412141217146	0.472832500704	0.532783312293	0.438483116614	0.501976144083	0.407254758518	0.432577621366	0.453000830263	0.480817750133	0.574725084725	0.429303847659	0.472238030274	0.453711723497	0.490646196481
CUB012_vs._CUB012	0.587031959829	0.515858042825	0.514807142213	0.497621523937	0.547561620193	0.584771756536	0.589492279373	0.517942752279	0.65852364303	0.673063539126	0.644064642813	0.702063153247	0.743117866903	0.725920978681	0.686100760693	0.40108712706	0.437944490806	0.41724262486	0.459312708945	0.465348094258	0.415000903366	0.426497265507	0.391240172155	0.433559078992	0.442150691908	0.428033926598	0.441816164985	0.470034228703	0.468590947923	0.434245266473	0.39077287295	0.430543954201	0.393036462486	0.386598259568	0.44019157809	0.471699731452
NAU114_vs._NAU114	0.43490616257	0.453418103746	0.506124650527	0.448688547436	0.451768565348	0.530437137447	0.476191300565	0.470371937	0.39267568873	0.538696552954	0.43412687706	0.394067723677	0.46470959223	0.505441879517	0.488957790666	0.5320700174	0.473102069288	0.36850647641	0.429315690362	0.50521268656	0.503764502384	0.447644675208	0.551489738006	0.597547539362	0.462929178859	0.460427015983	0.463634482197	0.512866165486	0.452755460361	0.450218674026	0.406207451283	0.525841392211	0.532947266009	0.574068405006	0.567423717818	0.348862890586
CUB007_vs._CUB007	0.854121868515	0.819740253654	0.847886304199	0.825075095192	0.856362214912	0.833562294974	0.843147027794	0.768907526404	0.460628656698	0.47233592733	0.457191235143	0.451585723873	0.46312587187	0.444334136865	0.491017917291	0.4635642139	0.431642459854	0.445524926012	0.48873260159	0.468432204691	0.488464650761	0.472491039059	0.442149830782	0.470528891706	0.442936406998	0.491309101648	0.411270787608	0.441959363458	0.42935009416	0.432543572076	0.468217437277	0.413818149315	0.450741150148	0.458891181039	0.476835913709	0.468289139789
NAU136_vs._NAU136	0.423082686819	0.441157493465	0.447225962767	0.447811079372	0.47780462191	0.479709160813	0.468176010956	0.492506383339	0.45854107092	0.459386827407	0.520976654422	0.468067329783	0.481612878782	0.484983531697	0.430705102533	0.46904239511	0.553399610149	0.501926613655	0.469818778198	0.448518981911	0.471535626084	0.459748758586	0.451944011868	0.472525823697	0.475478306369	0.478004633711	0.489851668322	0.538976091493	0.522783173932	0.529142525914	0.46577230189	0.460066024189	0.460762317314	0.454145261529	0.45744740763	0.428105936437
CUB015_vs._CUB015	0.505197631259	0.473873445339	0.472507173318	0.517075255879	0.533537772956	0.515894354702	0.466846563885	0.496624937838	0.466999064954	0.448530966266	0.39135610777	0.4691969238	0.450823958315	0.390210603903	0.426579494357	0.506975252404	0.47606718561	0.52909753784	0.484509901456	0.422511757291	0.499298663669	0.470694579764	0.40538186849	0.472145975487	0.428689418193	0.440723890413	0.471699437246	0.479763879445	0.403869043881	0.434878004734	0.54750022978	0.430225201411	0.434524260666	0.462386130697	0.47854716342	0.39730008672
CUB004_vs._CUB004	0.511357048411	0.432024814735	0.437206101549	0.498572737206	0.472612775644	0.466316335211	0.508414519349	0.51219601562	0.504885260162	0.516648268166	0.525321390134	0.47747758492	0.515467697689	0.481480551155	0.483074365009	0.45489796362	0.470844546386	0.404439972452	0.490030630083	0.414543505023	0.423900733067	0.478244239645	0.488152873861	0.468707345481	0.494711359655	0.396845537091	0.42863504893	0.487316588087	0.514518005768	0.48088776638	0.515789122353	0.44947084252	0.458120265599	0.41573216991	0.417757013932	0.406025267212	0.464908458171	0.484047067131	0.470136524003	0.434188402968	0.419806985862	0.385669259561	0.443525058251	0.420977012516	0.397456277876
All_within_PersonalID	0.474498856422	0.386175910092	0.516237322626	0.66597205442	0.424264111471	0.404691519502	0.538689276229	0.50429786431	0.615753175959	0.725957394044	0.527981429857	0.506402385183	0.607513133165	0.463310055622	0.611911749853	0.381455431069	0.407824484352	0.514766160067	0.464053154198	0.479698444576	0.537440916401	0.571982873024	0.599687346641	0.618083326771	0.613666346135	0.426159937065	0.537368910453	0.50033036148	0.417646044856	0.571548909773	0.630740617194	0.39059888146	0.407841037253	0.552697255672	0.528336788173	0.449716384974	0.521169715216	0.585316030257	0.36489084732	0.392843210445	0.627807809665	0.595385841357	0.491473804146	0.630560473736	0.550226026353	0.57291611939	0.731782089768	0.710553709008	0.6036705978	0.586408501223	0.652479604381	0.8079323432	0.773629823271	0.68182763526	0.364428769882	0.567112856513	0.511853962661	0.431052604929	0.544062633647	0.512237583409	0.449317829156	0.423220031628	0.488856281351	0.466237587454	0.396376086916	0.461784250187	0.51770128331	0.415214003705	0.465058536752	0.472586120783	0.452642398467	0.388442847894	0.44961363834	0.400045511829	0.415644414906	0.451752881641	0.464860161965	0.426487626995	0.47463383853	0.451835738822	0.436530884827	0.457021764393	0.503486403028	0.48123891335	0.435657858521	0.498162521912	0.433637217796	0.488971822305	0.481342158782	0.460349042904	0.453092725753	0.437294932232	0.388154561883	0.42062176848	0.751901050835	0.460851348184	0.42509297757	0.435123314931	0.469978471972	0.430908053589	0.422910962041	0.736475697695	0.45579155381	0.426099952252	0.404737062548	0.436280233162	0.434874728042	0.807003820738	0.461070851945	0.410552552565	0.469578434638	0.513767242748	0.437371259456	0.742819494452	0.790295133502	0.700542569327	0.637686123764	0.792683982208	0.445258528809	0.506451051032	0.501684848496	0.46297035383	0.456780969997	0.48824808757	0.434949475011	0.409506754325	0.478352300436	0.495810805541	0.491325081094	0.520030448136	0.550745052805	0.450941423335	0.815902539913	0.463557111794	0.397060010115	0.444536459696	0.468100878384	0.404222894149	0.879951284753	0.430707530638	0.430725374199	0.398130114938	0.420964782325	0.8741641175	0.505645616441	0.484252115003	0.427210123031	0.891212817043	0.515585708437	0.49867105135	0.859845917983	0.423918008047	0.385199509143	0.861844116909	0.829742539392	0.426818675144	0.626181852354	0.488781603624	0.477796164905	0.59439666387	0.503090806426	0.478187744745	0.574520224741	0.450266015009	0.477415949986	0.671952028656	0.372639319196	0.427469182115	0.520284937813	0.412464088707	0.588626016677	0.48812871721	0.465602788576	0.350561205928	0.362736477255	0.469247661532	0.457127361374	0.670774469968	0.524941267533	0.521356279545	0.599823025191	0.496642942133	0.442848733794	0.522514544282	0.444053728632	0.580392079608	0.387692121735	0.42999935299	0.512414470228	0.499336745992	0.46297347245	0.538293320075	0.364349118442	0.420358640303	0.396715299483	0.474860270144	0.416175128514	0.511158429872	0.500615118099	0.43219657055	0.38639873364	0.459904124652	0.396075892722	0.488738871722	0.445353393951	0.43277062627	0.463130865313	0.452532231759	0.51262471729	0.522160515574	0.453684123106	0.442427070565	0.484544479695	0.495728785534	0.468206684515	0.42237989144	0.471771073641	0.481401962429	0.496762566366	0.477987997112	0.36835287776	0.414333122842	0.385134200449	0.414388048183	0.398305560219	0.388827312569	0.381403919544	0.409050844666	0.438718981587	0.415269592161	0.355008642126	0.428455196826	0.369933732143	0.479466530267	0.476077090468	0.398112767397	0.493917769804	0.440608333944	0.426586862064	0.460229681259	0.441773270787	0.44273137511	0.410527836079	0.452530375902	0.441744189242	0.430858975308	0.372371184773	0.407698289286	0.780322116196	0.70178564703	0.663112858076	0.579065303109	0.787171152305	0.689211731304	0.613584888953	0.473413578121	0.482486531985	0.63531081819	0.464807374744	0.499651491517	0.601858377507	0.381085540201	0.483398715556	0.538541862027	0.457231281092	0.506293615571	0.467425843665	0.523955767415	0.422872310458	0.475275634887	0.648757806115	0.445967685476	0.427406722557	0.544446880207	0.64625082102	0.422621352905	0.511357048411	0.432024814735	0.437206101549	0.498572737206	0.472612775644	0.466316335211	0.508414519349	0.51219601562	0.504885260162	0.516648268166	0.525321390134	0.47747758492	0.515467697689	0.481480551155	0.483074365009	0.45489796362	0.470844546386	0.404439972452	0.490030630083	0.414543505023	0.423900733067	0.478244239645	0.488152873861	0.468707345481	0.494711359655	0.396845537091	0.42863504893	0.487316588087	0.514518005768	0.48088776638	0.515789122353	0.44947084252	0.458120265599	0.41573216991	0.417757013932	0.406025267212	0.464908458171	0.484047067131	0.470136524003	0.434188402968	0.419806985862	0.385669259561	0.443525058251	0.420977012516	0.397456277876	0.854121868515	0.819740253654	0.847886304199	0.825075095192	0.856362214912	0.833562294974	0.843147027794	0.768907526404	0.460628656698	0.47233592733	0.457191235143	0.451585723873	0.46312587187	0.444334136865	0.491017917291	0.4635642139	0.431642459854	0.445524926012	0.48873260159	0.468432204691	0.488464650761	0.472491039059	0.442149830782	0.470528891706	0.442936406998	0.491309101648	0.411270787608	0.441959363458	0.42935009416	0.432543572076	0.468217437277	0.413818149315	0.450741150148	0.458891181039	0.476835913709	0.468289139789	0.416878809106	0.527001415691	0.469599129683	0.44627818819	0.381497408924	0.423895220661	0.466205242789	0.478846118172	0.583299336332	0.539581654727	0.492079246933	0.454334910423	0.438151533352	0.506004388945	0.568208358637	0.519110333101	0.570873610592	0.577740780532	0.553985640461	0.510787666149	0.545125678616	0.507077531354	0.481670777098	0.468463098687	0.466502947897	0.517657780172	0.461041968745	0.475227664647	0.510764419659	0.532264724858	0.420543112439	0.445259593679	0.513804445126	0.417949280213	0.507722651446	0.491729944967	0.76993760517	0.479897448762	0.61350481486	0.625284435722	0.496943151769	0.479957929823	0.618861056017	0.428311452789	0.617175823626	0.729111237685	0.518809968547	0.510307023663	0.607933524718	0.648109319549	0.525973425376	0.727120972985	0.527187082696	0.604056026798	0.589222214439	0.492853909881	0.455250460944	0.610423118957	0.450294018392	0.601095455256	0.411920709465	0.44886882022	0.465559002217	0.399166592067	0.568246374225	0.44309134497	0.470029283757	0.475072934385	0.419211437813	0.570632799889	0.402263728574	0.413902560483	0.418363622853	0.457089752555	0.471985981193	0.469269749606	0.436681642448	0.461757460506	0.570610644347	0.439125550636	0.572890772241	0.422570831798	0.394302148944	0.413594054122	0.443395433407	0.38800718227	0.386246481156	0.407310628173	0.382932569691	0.396461180519	0.420978695355	0.390670977853	0.413814680361	0.413603337125	0.426248249178	0.426623122572	0.420888938757	0.430849067838	0.378653510006	0.4107926151	0.389247329373	0.385207979781	0.372352552437	0.390026855339	0.395116340775	0.384689810615	0.420269442094	0.394070925022	0.371818835726	0.410174296204	0.380077385341	0.425825077824	0.417320548567	0.420598169508	0.439310426211	0.421652125299	0.371720016174	0.404531856221	0.359947361817	0.395475924551	0.397948665641	0.380186042062	0.382590160946	0.380917501806	0.404364263551	0.390695856787	0.418559850034	0.437313016238	0.467804440467	0.435274575402	0.425927115675	0.431375110257	0.459524870049	0.473301852688	0.424057466945	0.453850964985	0.468709334355	0.407874715734	0.413291405961	0.447792914056	0.456468463876	0.419704498162	0.423885197188	0.396878750144	0.428542254728	0.431240363299	0.422781337297	0.447442155115	0.458866480421	0.466163399641	0.437512825164	0.44367155913	0.415658654874	0.441495192652	0.430436466077	0.425263198341	0.366201727571	0.415472980685	0.416441233734	0.42694880406	0.428547944859	0.409668475947	0.54926507603	0.55896656911	0.68984935321	0.46258885252	0.624211783357	0.549741884408	0.540085760765	0.47599014994	0.599906310891	0.474503436621	0.513850672857	0.435043761009	0.574756997873	0.478875921595	0.576457818489	0.706336907943	0.60330532176	0.636786566888	0.519829638243	0.536575295795	0.519741659008	0.672880266257	0.406621820329	0.682880957362	0.572861557792	0.70376691349	0.568145270129	0.562746913241	0.525009776761	0.489347897263	0.567810512311	0.495148703247	0.628068785711	0.465861171796	0.452904369517	0.505564918994	0.431336191569	0.424372404055	0.733562562113	0.553806009923	0.531804689361	0.47764097687	0.466576785821	0.519245967439	0.448777489486	0.740127260803	0.543628549435	0.515085842283	0.474604451249	0.455737993584	0.494148747966	0.709334962374	0.547894636815	0.555676864857	0.46777110634	0.459223171486	0.48337054892	0.829152482071	0.830368066999	0.764705740241	0.754237907315	0.704863492914	0.403852858881	0.495259808778	0.479824079164	0.564887057714	0.447434801655	0.470893531522	0.563723201374	0.41664952807	0.512356543644	0.478516901571	0.587031959829	0.515858042825	0.514807142213	0.497621523937	0.547561620193	0.584771756536	0.589492279373	0.517942752279	0.65852364303	0.673063539126	0.644064642813	0.702063153247	0.743117866903	0.725920978681	0.686100760693	0.40108712706	0.437944490806	0.41724262486	0.459312708945	0.465348094258	0.415000903366	0.426497265507	0.391240172155	0.433559078992	0.442150691908	0.428033926598	0.441816164985	0.470034228703	0.468590947923	0.434245266473	0.39077287295	0.430543954201	0.393036462486	0.386598259568	0.44019157809	0.471699731452	0.400438756084	0.422364071265	0.446190726366	0.388350766179	0.433163327058	0.411956348964	0.442641059571	0.405506932294	0.410642077548	0.404426591681	0.409386198937	0.397200675281	0.412698659889	0.399958926564	0.43214973025	0.404105980614	0.43077781288	0.373496685621	0.432342491051	0.402991524505	0.416914451683	0.384061413874	0.438717588857	0.39996155239	0.433767396199	0.406479797981	0.39881004691	0.420995417845	0.391169128914	0.42766681221	0.453995875721	0.47476833972	0.572947220532	0.565052536379	0.53973872204	0.523371298868	0.536927472323	0.450361720656	0.429389542778	0.424666855171	0.563906481877	0.528755412436	0.526962280503	0.517238707572	0.504160057906	0.448644744684	0.526716236078	0.609304386503	0.579460812411	0.56855474743	0.52317366088	0.565803580203	0.461519877902	0.571740227585	0.528750568106	0.552417301033	0.508332810999	0.534456625786	0.469701397548	0.422098164046	0.430987451701	0.457549199071	0.447890872508	0.452246674444	0.482062527898	0.473397255194	0.485408591039	0.452415923249	0.431350762115	0.480593439329	0.447601327854	0.412743002089	0.409385092774	0.631902812234	0.640290486114	0.716362285637	0.639297593375	0.625800338137	0.622557583671	0.6782067491	0.616446374925	0.469794295253	0.457650391887	0.526160594352	0.432496891788	0.497744448954	0.651508498369	0.527605692298	0.477425785981	0.479096840763	0.45604591305	0.549587529558	0.631416368128	0.509416758311	0.564312202207	0.514497092466	0.565984460119	0.695666453276	0.575684764939	0.479217542888	0.543284723717	0.608212599	0.496264174526	0.479810289043	0.590333844597	0.495896435665	0.627784366979	0.505159649479	0.654128829017	0.505197631259	0.473873445339	0.472507173318	0.517075255879	0.533537772956	0.515894354702	0.466846563885	0.496624937838	0.466999064954	0.448530966266	0.39135610777	0.4691969238	0.450823958315	0.390210603903	0.426579494357	0.506975252404	0.47606718561	0.52909753784	0.484509901456	0.422511757291	0.499298663669	0.470694579764	0.40538186849	0.472145975487	0.428689418193	0.440723890413	0.471699437246	0.479763879445	0.403869043881	0.434878004734	0.54750022978	0.430225201411	0.434524260666	0.462386130697	0.47854716342	0.39730008672	0.451390736495	0.500064549106	0.494356654867	0.56683552902	0.491174862987	0.478712544669	0.495887488612	0.48006587582	0.406756853112	0.425471798628	0.471154340446	0.494738681701	0.428588525445	0.398072954175	0.430187146983	0.403825714602	0.444361155807	0.518895956271	0.41629092355	0.430951107281	0.432131040177	0.502415936604	0.51012811686	0.428698969705	0.43865428583	0.436259127292	0.568406696902	0.492808529518	0.445150405879	0.493497601314	0.468281879713	0.505135928977	0.483869988432	0.426577264019	0.438185213531	0.438143547492	0.43490616257	0.453418103746	0.506124650527	0.448688547436	0.451768565348	0.530437137447	0.476191300565	0.470371937	0.39267568873	0.538696552954	0.43412687706	0.394067723677	0.46470959223	0.505441879517	0.488957790666	0.5320700174	0.473102069288	0.36850647641	0.429315690362	0.50521268656	0.503764502384	0.447644675208	0.551489738006	0.597547539362	0.462929178859	0.460427015983	0.463634482197	0.512866165486	0.452755460361	0.450218674026	0.406207451283	0.525841392211	0.532947266009	0.574068405006	0.567423717818	0.348862890586	0.481658584937	0.649933529289	0.6682539699	0.513975961126	0.548670027566	0.528345946675	0.659811658799	0.703085855199	0.481117793519	0.531027708296	0.454221300952	0.520210545279	0.655113691661	0.525689772793	0.681704761539	0.656503835371	0.572532175814	0.70016573829	0.511187747555	0.462816596129	0.510993326529	0.36572221715	0.397101308151	0.537475924455	0.489752032335	0.499553292615	0.428013932688	0.491836393402	0.427348864442	0.357945207638	0.544644508669	0.435516573708	0.435721883568	0.436821151928	0.458903437994	0.384301464732	0.558241338094	0.474240552287	0.450410986571	0.417072261769	0.447645479156	0.404243518083	0.503663462626	0.521360781848	0.538407595609	0.516877041654	0.568013254697	0.434726675097	0.492234385229	0.443185378541	0.485930844753	0.465276071678	0.380248591889	0.432436566674	0.436302861534	0.396639059224	0.42599801256	0.433481454507	0.473020028164	0.42432713248	0.423843092463	0.469027698257	0.412512963184	0.392453627132	0.476882369215	0.492554730308	0.514470951794	0.545565411826	0.462850389657	0.442946040935	0.513484188777	0.527572380319	0.551935608762	0.454665162631	0.465953890902	0.418553291011	0.445271506469	0.426413857431	0.402737487295	0.379832242466	0.448882997374	0.453951744411	0.468522434714	0.497047639685	0.411779940788	0.523779473064	0.449945737415	0.508683662061	0.458400726322	0.436230642219	0.460789826494	0.507915360909	0.430599837278	0.657492073112	0.444300816456	0.549634918742	0.54857080909	0.526603297677	0.431032950128	0.544106165265	0.599703512076	0.513305534133	0.515311271812	0.53495857253	0.622809772108	0.49351225744	0.504681340225	0.487861237542	0.452763984851	0.456898870722	0.516475126001	0.349428336676	0.432208885471	0.535776190691	0.382574659684	0.434726429397	0.522799353822	0.380655342983	0.487515233797	0.450828099244	0.476648209921	0.491846669723	0.511243592053	0.629011220758	0.461150448779	0.471395063725	0.454060739867	0.430132897353	0.608080233878	0.684642077694	0.453018212847	0.455028328522	0.480291689532	0.520249409881	0.502199534425	0.628838311098	0.607786490216	0.579169883664	0.563854650641	0.685042115695	0.700262825655	0.657578616453	0.657113102436	0.425894750576	0.450399514029	0.442026460843	0.419817783155	0.441426851133	0.384842576601	0.496211504543	0.433697056212	0.465118931425	0.476981269031	0.423251860327	0.433293703062	0.495381801924	0.504892212401	0.439745709124	0.52333962963	0.479163139721	0.476946127075	0.515745381548	0.556110972614	0.54062359224	0.478181928397	0.44181086261	0.425938677272	0.474621708255	0.527223028032	0.500680019583	0.430465624152	0.458862982577	0.455410106108	0.452210527994	0.453395809335	0.414932939064	0.437259030793	0.476723421673	0.440308235147	0.415510556006	0.48334594421	0.477966533084	0.446732182088	0.464786544985	0.40833403943	0.508679535811	0.539746738285	0.466857379041	0.456985780006	0.468947706213	0.518372113771	0.457619238439	0.531806189587	0.450447645702	0.392103108944	0.389569511958	0.542234232945	0.493520631232	0.488070753488	0.486350322121	0.484223365004	0.485721895142	0.528335283377	0.389267477091	0.436612048603	0.406480817603	0.537835846148	0.542400636334	0.578891977056	0.507770560173	0.580644435393	0.673576387297	0.602146732745	0.534480248668	0.398585379386	0.407390637622	0.366572292264	0.424113839629	0.516468379298	0.408767347947	0.357094405882	0.366602239667	0.389828533657	0.414403897103	0.518757427326	0.402573270175	0.392805366102	0.391626152746	0.389597471064	0.53774764755	0.370014140327	0.373345312174	0.404335538344	0.545993186694	0.40853458872	0.368714981882	0.502539197984	0.401813019231	0.385782673952	0.504386371484	0.500467012733	0.363302063688	0.602057212964	0.537712021874	0.679552598296	0.610846081001	0.611439095529	0.58878690955	0.417105659347	0.58847416248	0.419406431203	0.517961406201	0.537485017433	0.59740216335	0.424487222695	0.543736260528	0.546823049963	0.583838276496	0.575939700014	0.510807315841	0.535643636603	0.558846136937	0.589454700073	0.659484754929	0.496503146724	0.489097050415	0.480244810526	0.458232185912	0.470891812551	0.522353947668	0.619307735365	0.577940134216	0.674865440652	0.609872247014	0.438765791987	0.38823056412	0.477740994848	0.410922493541	0.378229448687	0.489713621431	0.425113413942	0.481433498582	0.415826519937	0.429742931525	0.564784461719	0.43178368569	0.471565042511	0.485484185677	0.49659540914	0.437307449098	0.463151770129	0.529857969303	0.526716862696	0.532847711167	0.512427335714	0.558903233133	0.576238314778	0.475408010325	0.463995065915	0.495685893664	0.404741924601	0.467391693093	0.481757084082	0.486010082725	0.473493757175	0.471665892134	0.485077479264	0.461271400848	0.495750065616	0.500981132817	0.498179794472	0.460338446448	0.426219043541	0.447621068642	0.616443731483	0.47379076697	0.458775906149	0.451312796998	0.463049861902	0.443631335731	0.390611154125	0.588510830143	0.448899086995	0.429773257865	0.422562667669	0.452706019671	0.408066955129	0.601520256609	0.443693684852	0.424712958392	0.419089170631	0.48926749055	0.404310005569	0.579955251657	0.614080664374	0.578607974395	0.580176698572	0.614693208766	0.439011469766	0.417107753446	0.463600031458	0.492692972329	0.410938498377	0.464804375956	0.447583926104	0.433289808987	0.43302448628	0.499041617554	0.375764241653	0.465646893631	0.407142122514	0.48210434894	0.508737547029	0.414916688218	0.471224681559	0.412141217146	0.472832500704	0.532783312293	0.438483116614	0.501976144083	0.407254758518	0.432577621366	0.453000830263	0.480817750133	0.574725084725	0.429303847659	0.472238030274	0.453711723497	0.490646196481	0.40071624468	0.467355654676	0.461557679154	0.429164671994	0.494953278556	0.454262625949	0.464829551362	0.44401100935	0.452672664057	0.477006363435	0.409517442472	0.46333583003	0.444804723286	0.409228522838	0.448573291819	0.506128161626	0.457963565122	0.429163211283	0.425943616674	0.406789728206	0.403113463367	0.487414942223	0.45697037194	0.460203624273	0.48346848477	0.46561184871	0.470719443749	0.462145674797	0.414877695738	0.460294636262	0.407717237973	0.388620488701	0.389258976805	0.410047199944	0.402889500267	0.408675620955	0.499371059042	0.483008989314	0.463588816308	0.433318607338	0.485269400356	0.480636443831	0.486791170697	0.4362947423	0.491246208872	0.489990296716	0.481598454096	0.479713234002	0.483363043351	0.390916959834	0.454874397567	0.411379576064	0.389994140107	0.409465868412	0.385698296887	0.395176854039	0.377474871317	0.414327883403	0.438142054942	0.429173514784	0.414939578864	0.406320834125	0.407959686699	0.422897362095	0.428077460866	0.502131209276	0.418262345432	0.401990838348	0.451453938107	0.496948975819	0.509974154195	0.475353921607	0.478214646779	0.436351849433	0.479988674362	0.465962226764	0.549814640561	0.521745449355	0.530467246597	0.47594487329	0.539416037314	0.477210495791	0.590550219742	0.609667901839	0.558119944033	0.430164541527	0.396031578672	0.489356065575	0.524326403171	0.452666441217	0.432592742341	0.438635928912	0.49764556553	0.452433842411	0.497415163397	0.542093669978	0.464922546196	0.483654207028	0.400981099057	0.47027808713	0.739203979091	0.610422806355	0.525133275513	0.811380338177	0.711735225675	0.644357231033	0.763760098962	0.783227416452	0.762654685631	0.657436881145	0.627520113378	0.561818889637	0.620550906098	0.741912342509	0.703086775424	0.58409450743	0.858195133426	0.786681390734	0.691276597305	0.810888820538	0.820726368167	0.753873162048	0.665927548242	0.497465356934	0.72884150571	0.711886839154	0.615357630484	0.709170234058	0.603715530719	0.549286478285	0.54236232655	0.681392259823	0.605389466349	0.702116902386	0.621101651852	0.536883488206	0.64072654633	0.524496391086	0.501410405463	0.635400348162	0.497983638628	0.531391270955	0.601928878274	0.522603987557	0.535561793916	0.710209378548	0.538719165568	0.527676157411	0.625771499189	0.620986933502	0.487966144005	0.531898895944	0.571224466248	0.447271627877	0.72273656965	0.515692122446	0.658326203498	0.420193506768	0.435598684638	0.416231962198	0.482825561077	0.494258343925	0.472346170379	0.493321122928	0.483644402692	0.460274276609	0.414580362344	0.448036886633	0.452447211244	0.435659517012	0.438983631595	0.445284866482	0.389144492755	0.501323882938	0.473768812323	0.482868582028	0.481119333233	0.481425288719	0.464923326806	0.42536330727	0.459422885923	0.460336600543	0.445702835943	0.447661762161	0.415425509495	0.459055685488	0.4564025621	0.416285405782	0.407509609215	0.467030316258	0.406311677516	0.431524674021	0.425413743444	0.439306476445	0.550117151997	0.569513576327	0.440458385762	0.420197217859	0.561859968244	0.471600714078	0.500377694689	0.531548881977	0.488057996445	0.515266377649	0.533048652616	0.510695572071	0.365519848027	0.552221360894	0.565724363264	0.408436702005	0.575911458968	0.540081466266	0.568659636088	0.396729677621	0.58513140275	0.406234063901	0.527616989489	0.422966793147	0.529537879964	0.426261407466	0.557236474053	0.527602949071	0.479764725901	0.50173337398	0.584917737872	0.591529329015	0.478095900107	0.543682153015	0.449238640724	0.509422692143	0.475582531732	0.552216672892	0.474808076472	0.533572645326	0.514367730797	0.552303093592	0.585492956999	0.407668269662	0.523808386798	0.549548086377	0.472320260642	0.483122179994	0.478976641384	0.544422926411	0.561580492639	0.576933919456	0.561469698756	0.51388973932	0.491995682979	0.441761719105	0.39661718377	0.365796160397	0.376188608113	0.376787939967	0.482784337822	0.418473922276	0.434853624159	0.453208785813	0.421900729387	0.496811705595	0.419770032224	0.363763712359	0.483476191744	0.519652617843	0.372954756988	0.42345741882	0.380911157031	0.478813926879	0.467559446888	0.46740174379	0.419133326685	0.383744105151	0.467357203785	0.431460032982	0.447030151994	0.417119460699	0.540794845368	0.458145848602	0.410920389894	0.463352738061	0.438294518	0.458333536027	0.526898621215	0.530917582359	0.482338289396	0.445840821394	0.478106310838	0.425670545045	0.426346124628	0.500795346395	0.444874472304	0.459441916052	0.496283183051	0.45710267631	0.44164449925	0.405877535782	0.414850213976	0.442039712178	0.414800191387	0.456889168214	0.459777899024	0.407385410214	0.41939632443	0.4349732234	0.473467423764	0.435265650558	0.448608214098	0.449136199896	0.445527230943	0.381895038013	0.438324713026	0.403400377569	0.412467009279	0.470480803649	0.427742732757	0.450358922709	0.403462001113	0.407027973501	0.413266253412	0.397734875568	0.410395752536	0.40734946916	0.469785498847	0.417068554466	0.405356446287	0.431323556215	0.390035764616	0.433541720905	0.392339931486	0.438104038851	0.429993429206	0.447307227207	0.465264490032	0.508957074037	0.467727461547	0.54166923111	0.507175064382	0.511925802224	0.438537115108	0.49512161284	0.501409873828	0.480103275738	0.441047209311	0.491663753941	0.505877276311	0.50326925113	0.461844793421	0.494068797974	0.49335711126	0.443065783955	0.505680308029	0.52167255836	0.509606625295	0.458038416097	0.434962752519	0.498197710531	0.423050974725	0.545132469843	0.569986167473	0.504438530256	0.49391568241	0.419882733489	0.575518573275	0.547318874518	0.516814661459	0.50579283137	0.459385519917	0.458392600585	0.436227956355	0.570057878651	0.590187853643	0.53632264395	0.466086990102	0.477401733972	0.474506294456	0.422109386129	0.419930504445	0.460290064517	0.478061794757	0.412143678214	0.552903841359	0.426356268026	0.454993385383	0.426728966254	0.435379273116	0.481763313108	0.508170423906	0.468657859577	0.545103045927	0.442716294509	0.465648133211	0.431846837177	0.477471219454	0.489268636238	0.447345531367	0.592079686872	0.481906690197	0.515579466906	0.4727897654	0.487991805061	0.479558524444	0.560236871087	0.481862791365	0.47899541288	0.4640138044	0.444975861742	0.615312837775	0.504491112542	0.542254660173	0.518320694286	0.576333117492	0.445174411371	0.496543878637	0.46613812687	0.520647401156	0.522857615694	0.512291895794	0.436150389096	0.404605338609	0.406155154265	0.435126334666	0.431118138483	0.440528690252	0.440003292117	0.419674456197	0.588975267438	0.49478767594	0.40100227539	0.412682701622	0.444757726907	0.438497673861	0.59359708671	0.532151490912	0.40407016459	0.435407697009	0.446286366157	0.573176401855	0.494310337144	0.43612549238	0.458964901982	0.584552722943	0.543153418904	0.419334273376	0.610096529945	0.520709886349	0.600306279266	0.510004287934	0.491387570559	0.580776523461	0.529725032874	0.541742087052	0.5843153207	0.461299357174	0.639230362964	0.64255763975	0.422253440205	0.499493480318	0.517011564288	0.470598163114	0.569071830523	0.579533668936	0.442323665929	0.471760889069	0.438649210119	0.56733599127	0.520321471685	0.425141018919	0.434676864338	0.555662809323	0.561645706432	0.451027024151	0.609617936074	0.539275914624	0.577926145469	0.53449831131	0.595166504278	0.531425759708	0.629700704707	0.557470835333	0.557712118761	0.478627167544	0.591497029556	0.604030249903	0.54703120753	0.499337293394	0.487700586747	0.457360901487	0.553600349376	0.44676515249	0.449668911475	0.487655748055	0.55838039207	0.547645198705	0.610502009857	0.466772535724	0.457077863727	0.504893648403	0.535779440111	0.488416156756	0.513546147866	0.551566941753	0.507528898956	0.530494649069	0.615907072267	0.513526267369	0.603936111152	0.709074141406	0.510564442351	0.458073898712	0.604860162014	0.447429823059	0.581831495207	0.425592214974	0.492116706156	0.463977512272	0.542543276837	0.480570930877	0.604138998683	0.450899892541	0.617793683383	0.692674526212	0.561579841562	0.511962553858	0.473852058027	0.583390094246	0.451832097342	0.54227104554	0.527153761677	0.429512324996	0.410686072415	0.435562084094	0.41913938375	0.420954242494	0.50575460178	0.453399542393	0.377331772067	0.397579179307	0.459621801878	0.435207177503	0.44918149386	0.522229707765	0.528545775136	0.483548831829	0.514433088983	0.459327774054	0.474135406557	0.492199347762	0.468169708333	0.482946306981	0.464937391463	0.495853553245	0.397559019942	0.462161887793	0.438335412672	0.443791397671	0.422675640369	0.364248615077	0.373834887592	0.377075112882	0.391475256629	0.346561691536	0.399446268479	0.430480757493	0.433413260835	0.396838969317	0.43134587597	0.396521379003	0.45866505177	0.429781919066	0.395030567041	0.363720208195	0.420174414923	0.406007544889	0.450033446878	0.344300569119	0.427608009742	0.472183687448	0.43705732916	0.496968393542	0.392102715098	0.435366000525	0.424766178424	0.474653367627	0.409818414967	0.391804274144	0.42767026298	0.36175270464	0.38910786304	0.40874584557	0.416516158281	0.50501860483	0.516233422569	0.483104280964	0.525889757722	0.495342057974	0.51489585638	0.509535911229	0.486156129313	0.479579789413	0.530494833945	0.508360927195	0.535905277721	0.554199335604	0.514022801194	0.514893382621	0.574085918046	0.491089343847	0.511355269596	0.528285860984	0.567708510529	0.461517493838	0.427270173164	0.427823102852	0.433588776785	0.523122096822	0.654165612451	0.446486672926	0.460344624734	0.391993108878	0.567660276768	0.639062863795	0.426735754983	0.42606653065	0.528174599507	0.689996885852	0.443890661656	0.488406060791	0.718655785596	0.516203711364	0.619018109955	0.76547585447	0.392831313842	0.427855480638	0.40164546448	0.436823527845	0.46965407175	0.425449180176	0.44995006732	0.39373802216	0.408584261713	0.420527776384	0.475103800124	0.438180812354	0.451611901142	0.41582093421	0.425692943948	0.443588623643	0.442063365683	0.44910957406	0.410247198589	0.465059985845	0.431819143513	0.442115676547	0.425932776754	0.456155995052	0.418847484705	0.464791697649	0.414457426057	0.450784775998	0.380141436852	0.444116353852	0.439342098888	0.42997843513	0.415041817886	0.413937211596	0.442073095543	0.38587996247	0.388396699846	0.411920319282	0.412144474979	0.380854122282	0.393415576482	0.449121681015	0.414600272382	0.472198258137	0.42703833679	0.405614869731	0.449629955063	0.434012631049	0.412805692271	0.445084480426	0.452289829642	0.432443157892	0.459047002352	0.402070989775	0.423450418307	0.412004795133	0.456952886995	0.484550002617	0.445178584188	0.471622165224	0.457756432262	0.496868447003	0.390517760199	0.463449246752	0.512991264164	0.43688903612	0.545093911937	0.536589761395	0.547031007972	0.555805464819	0.487659172057	0.554802785543	0.492215367412	0.545433493209	0.553037119999	0.590178356526	0.584303996896	0.484403007558	0.54761130157	0.413002044081	0.459853673379	0.42350822978	0.460768804001	0.419480748469	0.414262017527	0.568421006516	0.442894020188	0.480814764488	0.434621610334	0.444813006254	0.583363149339	0.419883233	0.414952637208	0.404867372148	0.607965201889	0.459080790487	0.45782847058	0.605782383977	0.416927255282	0.506297427835	0.569647482651	0.477551802946	0.44717694032	0.387529345749	0.426091565684	0.425050289333	0.463303811236	0.455669216694	0.48413967992	0.489636561657	0.428437607662	0.472749483807	0.453821548195	0.496077709649	0.444861055761	0.512643477713	0.396665649472	0.399014532896	0.417561896332	0.410458955147	0.440476094765	0.415012129929	0.451656132044	0.406969142441	0.414519008403	0.386042086079	0.400971257709	0.425935318678	0.456630983804	0.432305799047	0.450278598989	0.392462988256	0.450327886219	0.452647107203	0.438863228447	0.463717061265	0.422472667854	0.443806638641	0.456228508143	0.477029586098	0.468675139816	0.405423037147	0.415036527947	0.496454824387	0.481402704208	0.400429396123	0.661236778834	0.576219559553	0.686605978872	0.642577214689	0.626091863073	0.627934224654	0.708796183337	0.668307320692	0.458479919989	0.48305494705	0.476975242702	0.564372698139	0.593116651726	0.536885265509	0.53294542535	0.492898928643	0.430742289588	0.428705169477	0.473957245772	0.557327654562	0.455910551696	0.512308684419	0.586606464573	0.63447741398	0.545403319318	0.512775995096	0.407982229823	0.420927453451	0.523527105851	0.384469887198	0.335169156455	0.583917506834	0.4169496794	0.60092215889	0.416272143979	0.531994948782	0.421618483673	0.514000664723	0.452865360624	0.424252601165	0.559071137695	0.601023543476	0.489750061098	0.484858940082	0.477857960186	0.543702851536	0.560550956912	0.479486437838	0.49980452249	0.54738574938	0.581217542486	0.395875205954	0.50763212716	0.535583356619	0.508448442232	0.545358633389	0.494699824784	0.55675463126	0.59787968962	0.577962984034	0.571009858121	0.435066034382	0.529244958585	0.44973157757	0.571512719723	0.496814147657	0.456507141672	0.529346864509	0.511611879605	0.5172384486	0.591248219737	0.606112386667	0.549369276674	0.556162128234	0.561861080568	0.474564579817	0.560689711487	0.487380392551	0.518781946628	0.536153732207	0.508631897844	0.482731664941	0.520622491465	0.378955770332	0.469615141163	0.43759116052	0.470880456813	0.48096854346	0.436814361546	0.448045500071	0.478335255798	0.464985137932	0.442570322503	0.427675109913	0.445998552403	0.444703259808	0.457323700765	0.511261655615	0.479071908293	0.455698726455	0.477461076781	0.433317235754	0.454005041844	0.453361308741	0.483930019858	0.450498896846	0.46014320147	0.500980088131	0.44153894766	0.495707525064	0.493134294595	0.422177795755	0.464933156948	0.482507091164	0.42232471192	0.509593568074	0.486345056449	0.397433721714	0.507229582063	0.475586290554	0.486092633445	0.43312726663	0.441056961332	0.449943469159	0.452539544604	0.542306312372	0.440133323832	0.442354310369	0.412403557087	0.484190310441	0.527552936358	0.428203796185	0.405464893464	0.407891597051	0.490160783726	0.397613174197	0.403557862655	0.509447139578	0.393645872961	0.469577657702	0.412043610031	0.452391425119	0.542741181948	0.559024192311	0.611713569727	0.497558486355	0.525572948527	0.517078936697	0.648736341197	0.460724536881	0.41484378016	0.477913723976	0.575966419023	0.598708767234	0.580597681457	0.501113763257	0.541024885507	0.429232776425	0.600544553901	0.572489716874	0.56346232834	0.478139241931	0.582330383844	0.666503864693	0.674752508483	0.614225312949	0.398928767009	0.623951199327	0.485124883983	0.494201367334	0.719600756114	0.503822583151	0.450399093976	0.702763828545	0.529101226111	0.668929951789	0.483622120793	0.656329564792	0.462616854346	0.518898031509	0.563150353267	0.43112071627	0.487376472886	0.565216152868	0.512010444853	0.546343021174	0.44186508868	0.455607846935	0.415834072964	0.422742239689	0.456759412286	0.416364878521	0.452309329186	0.392058433049	0.41713603644	0.385601578191	0.476113963459	0.388633424302	0.417399375392	0.463845986415	0.414599358023	0.444923427228	0.402147395671	0.463565579463	0.41687054608	0.490442074127	0.451431615791	0.458717024665	0.484314389679	0.407811389136	0.435316728888	0.468901835671	0.480087779919	0.419656867502	0.400287862911	0.417386793907	0.510755280136	0.394277569956	0.391773583658	0.542285343678	0.467885952832	0.429448396363	0.386141565204	0.523862433186	0.398138732212	0.438557433007	0.537778238935	0.466781235531	0.439243742621	0.504228228586	0.377574556983	0.404461198539	0.54924091626	0.46279980807	0.398071203219	0.443335258412	0.485285767399	0.454560071489	0.465310301452	0.489776621147	0.393848665106	0.491661010496	0.407233547439	0.379575820988	0.517681992714	0.41842811712	0.425087454477	0.466200346767	0.533321992493	0.458086589	0.423082686819	0.441157493465	0.447225962767	0.447811079372	0.47780462191	0.479709160813	0.468176010956	0.492506383339	0.45854107092	0.459386827407	0.520976654422	0.468067329783	0.481612878782	0.484983531697	0.430705102533	0.46904239511	0.553399610149	0.501926613655	0.469818778198	0.448518981911	0.471535626084	0.459748758586	0.451944011868	0.472525823697	0.475478306369	0.478004633711	0.489851668322	0.538976091493	0.522783173932	0.529142525914	0.46577230189	0.460066024189	0.460762317314	0.454145261529	0.45744740763	0.428105936437	0.526409477075	0.530813547111	0.548234609373	0.563344159978	0.592520529775	0.554393508007	0.446713444107	0.341552752166	0.543833036358	0.608019571545	0.384738298297	0.501547778882	0.51618887284	0.569577814829	0.453940352093	0.561729551346	0.627077093368	0.403741440092	0.463109309119	0.547701402528	0.592919903852	0.685354622033	0.62175777698	0.626844519428	0.689100213593	0.489142215705	0.676083915885	0.671432476173	0.560034257476	0.547117448341	0.552132799285	0.630696276569	0.548145659277	0.592316690316	0.37897332364	0.502864542513	0.607777032617	0.455151709703	0.49617736539	0.444795590354	0.564657869893	0.412604093531	0.434750848887	0.624008208006	0.496361218871	0.505974006252	0.619126638231	0.617936125696	0.444437534351	0.398740565512	0.416238734404	0.453717432331	0.46172966604	0.469201795995	0.445551927807	0.484458634066	0.37969149601	0.449417399189	0.477372264208	0.502125429498	0.506330070357	0.465477634359	0.530879059316	0.434140305449	0.462891061258	0.480773734338	0.422134866487	0.446436919295	0.474336838178	0.427044578849	0.385565221079	0.463724279772	0.425949308961	0.464670819542	0.455707167814	0.481786117759	0.437698210359	0.42435575987	0.476903267038	0.452817842158	0.428102064415	0.4565159464	0.435187173325	0.445899077387	0.487873649773	0.532970698053	0.50430333444	0.494551149036	0.486732290325	0.424410073017	0.376584777803	0.385190664037	0.40286186415	0.44597361382	0.504543175275	0.526885349762	0.53717388532	0.519670807889	0.430460784409	0.473556655145	0.536736753231	0.519345394712	0.500574343389	0.521639423541	0.521457348289	0.535521508332	0.460187653018	0.517382327702	0.527268543519	0.492634209415	0.453386096572	0.447750342434	0.432584695639	0.692901772158	0.777426271228	0.742241699219	0.622867156787	0.738460988125	0.722973715208	0.753842231844	0.584498704359	0.633845872308	0.577899368704	0.682907840403	0.590954462311	0.602688501847	0.602973712637	0.698086788245	0.534465115616	0.653992685355	0.533853538418	0.569158989783	0.580734558788	0.68928919452	0.600705530513	0.468527725181	0.439157852784	0.483835854912	0.638939540303	0.60860411089	0.618407740314	0.593347063567	0.534229816098	0.438169852921	0.447910422569	0.624846199079	0.430464796854	0.636468307718	0.631048821435
CUB038_vs._CUB038	0.491325081094	0.520030448136	0.550745052805	0.450941423335	0.815902539913	0.463557111794	0.397060010115	0.444536459696	0.468100878384	0.404222894149	0.879951284753	0.430707530638	0.430725374199	0.398130114938	0.420964782325	0.8741641175	0.505645616441	0.484252115003	0.427210123031	0.891212817043	0.515585708437	0.49867105135	0.859845917983	0.423918008047	0.385199509143	0.861844116909	0.829742539392	0.426818675144
NAU154_vs._NAU154	0.428077460866	0.502131209276	0.418262345432	0.401990838348	0.451453938107	0.496948975819	0.509974154195	0.475353921607	0.478214646779	0.436351849433	0.479988674362	0.465962226764	0.549814640561	0.521745449355	0.530467246597	0.47594487329	0.539416037314	0.477210495791	0.590550219742	0.609667901839	0.558119944033	0.430164541527	0.396031578672	0.489356065575	0.524326403171	0.452666441217	0.432592742341	0.438635928912	0.49764556553	0.452433842411	0.497415163397	0.542093669978	0.464922546196	0.483654207028	0.400981099057	0.47027808713
CUB048_vs._CUB048	0.422109386129	0.419930504445	0.460290064517	0.478061794757	0.412143678214	0.552903841359	0.426356268026	0.454993385383	0.426728966254	0.435379273116	0.481763313108	0.508170423906	0.468657859577	0.545103045927	0.442716294509	0.465648133211	0.431846837177	0.477471219454	0.489268636238	0.447345531367	0.592079686872	0.481906690197	0.515579466906	0.4727897654	0.487991805061	0.479558524444	0.560236871087	0.481862791365	0.47899541288	0.4640138044	0.444975861742	0.615312837775	0.504491112542	0.542254660173	0.518320694286	0.576333117492	0.445174411371	0.496543878637	0.46613812687	0.520647401156	0.522857615694	0.512291895794	0.436150389096	0.404605338609	0.406155154265
NAU164_vs._NAU164	0.659484754929	0.496503146724	0.489097050415	0.480244810526	0.458232185912	0.470891812551	0.522353947668	0.619307735365	0.577940134216	0.674865440652	0.609872247014	0.438765791987	0.38823056412	0.477740994848	0.410922493541	0.378229448687	0.489713621431	0.425113413942	0.481433498582	0.415826519937	0.429742931525
CUB053_vs._CUB053	0.456952886995	0.484550002617	0.445178584188	0.471622165224	0.457756432262	0.496868447003	0.390517760199	0.463449246752	0.512991264164	0.43688903612	0.545093911937	0.536589761395	0.547031007972	0.555805464819	0.487659172057	0.554802785543	0.492215367412	0.545433493209	0.553037119999	0.590178356526	0.584303996896	0.484403007558	0.54761130157	0.413002044081	0.459853673379	0.42350822978	0.460768804001	0.419480748469	0.414262017527	0.568421006516	0.442894020188	0.480814764488	0.434621610334	0.444813006254	0.583363149339	0.419883233	0.414952637208	0.404867372148	0.607965201889	0.459080790487	0.45782847058	0.605782383977	0.416927255282	0.506297427835	0.569647482651
CUB010_vs._CUB010	0.391169128914	0.42766681221	0.453995875721	0.47476833972	0.572947220532	0.565052536379	0.53973872204	0.523371298868	0.536927472323	0.450361720656	0.429389542778	0.424666855171	0.563906481877	0.528755412436	0.526962280503	0.517238707572	0.504160057906	0.448644744684	0.526716236078	0.609304386503	0.579460812411	0.56855474743	0.52317366088	0.565803580203	0.461519877902	0.571740227585	0.528750568106	0.552417301033	0.508332810999	0.534456625786	0.469701397548	0.422098164046	0.430987451701	0.457549199071	0.447890872508	0.452246674444	0.482062527898	0.473397255194	0.485408591039	0.452415923249	0.431350762115	0.480593439329	0.447601327854	0.412743002089	0.409385092774
NAU105_vs._NAU105	0.508679535811	0.539746738285	0.466857379041	0.456985780006	0.468947706213	0.518372113771	0.457619238439	0.531806189587	0.450447645702	0.392103108944	0.389569511958	0.542234232945	0.493520631232	0.488070753488	0.486350322121	0.484223365004	0.485721895142	0.528335283377	0.389267477091	0.436612048603	0.406480817603
NAU160_vs._NAU160	0.564784461719	0.43178368569	0.471565042511	0.485484185677	0.49659540914	0.437307449098	0.463151770129	0.529857969303	0.526716862696	0.532847711167	0.512427335714	0.558903233133	0.576238314778	0.475408010325	0.463995065915	0.495685893664	0.404741924601	0.467391693093	0.481757084082	0.486010082725	0.473493757175	0.471665892134	0.485077479264	0.461271400848	0.495750065616	0.500981132817	0.498179794472	0.460338446448
NAU146_vs._NAU146	0.461517493838	0.427270173164	0.427823102852	0.433588776785	0.523122096822	0.654165612451	0.446486672926	0.460344624734	0.391993108878	0.567660276768	0.639062863795	0.426735754983	0.42606653065	0.528174599507	0.689996885852	0.443890661656	0.488406060791	0.718655785596	0.516203711364	0.619018109955	0.76547585447
CUB033_vs._CUB033	0.626181852354	0.488781603624	0.477796164905	0.59439666387	0.503090806426	0.478187744745	0.574520224741	0.450266015009	0.477415949986	0.671952028656	0.372639319196	0.427469182115	0.520284937813	0.412464088707	0.588626016677	0.48812871721	0.465602788576	0.350561205928	0.362736477255	0.469247661532	0.457127361374	0.670774469968	0.524941267533	0.521356279545	0.599823025191	0.496642942133	0.442848733794	0.522514544282	0.444053728632	0.580392079608	0.387692121735	0.42999935299	0.512414470228	0.499336745992	0.46297347245	0.538293320075
NAU101_vs._NAU101	0.523779473064	0.449945737415	0.508683662061	0.458400726322	0.436230642219	0.460789826494	0.507915360909	0.430599837278	0.657492073112	0.444300816456	0.549634918742	0.54857080909	0.526603297677	0.431032950128	0.544106165265	0.599703512076	0.513305534133	0.515311271812	0.53495857253	0.622809772108	0.49351225744	0.504681340225	0.487861237542	0.452763984851	0.456898870722	0.516475126001	0.349428336676	0.432208885471	0.535776190691	0.382574659684	0.434726429397	0.522799353822	0.380655342983	0.487515233797	0.450828099244	0.476648209921
CUB000_vs._CUB000	0.416878809106	0.527001415691	0.469599129683	0.44627818819	0.381497408924	0.423895220661	0.466205242789	0.478846118172	0.583299336332	0.539581654727	0.492079246933	0.454334910423	0.438151533352	0.506004388945	0.568208358637	0.519110333101	0.570873610592	0.577740780532	0.553985640461	0.510787666149	0.545125678616	0.507077531354	0.481670777098	0.468463098687	0.466502947897	0.517657780172	0.461041968745	0.475227664647	0.510764419659	0.532264724858	0.420543112439	0.445259593679	0.513804445126	0.417949280213	0.507722651446	0.491729944967
CUB003_vs._CUB003	0.76993760517	0.479897448762	0.61350481486	0.625284435722	0.496943151769	0.479957929823	0.618861056017	0.428311452789	0.617175823626	0.729111237685	0.518809968547	0.510307023663	0.607933524718	0.648109319549	0.525973425376	0.727120972985	0.527187082696	0.604056026798	0.589222214439	0.492853909881	0.455250460944	0.610423118957	0.450294018392	0.601095455256	0.411920709465	0.44886882022	0.465559002217	0.399166592067	0.568246374225	0.44309134497	0.470029283757	0.475072934385	0.419211437813	0.570632799889	0.402263728574	0.413902560483	0.418363622853	0.457089752555	0.471985981193	0.469269749606	0.436681642448	0.461757460506	0.570610644347	0.439125550636	0.572890772241
CUB044_vs._CUB044	0.429993429206	0.447307227207	0.465264490032	0.508957074037	0.467727461547	0.54166923111	0.507175064382	0.511925802224	0.438537115108	0.49512161284	0.501409873828	0.480103275738	0.441047209311	0.491663753941	0.505877276311	0.50326925113	0.461844793421	0.494068797974	0.49335711126	0.443065783955	0.505680308029	0.52167255836	0.509606625295	0.458038416097	0.434962752519	0.498197710531	0.423050974725	0.545132469843	0.569986167473	0.504438530256	0.49391568241	0.419882733489	0.575518573275	0.547318874518	0.516814661459	0.50579283137	0.459385519917	0.458392600585	0.436227956355	0.570057878651	0.590187853643	0.53632264395	0.466086990102	0.477401733972	0.474506294456
NAU107_vs._NAU107	0.491846669723	0.511243592053	0.629011220758	0.461150448779	0.471395063725	0.454060739867	0.430132897353	0.608080233878	0.684642077694	0.453018212847	0.455028328522	0.480291689532	0.520249409881	0.502199534425	0.628838311098	0.607786490216	0.579169883664	0.563854650641	0.685042115695	0.700262825655	0.657578616453	0.657113102436	0.425894750576	0.450399514029	0.442026460843	0.419817783155	0.441426851133	0.384842576601
CUB026_vs._CUB026	0.532970698053	0.50430333444	0.494551149036	0.486732290325	0.424410073017	0.376584777803	0.385190664037	0.40286186415	0.44597361382	0.504543175275	0.526885349762	0.53717388532	0.519670807889	0.430460784409	0.473556655145	0.536736753231	0.519345394712	0.500574343389	0.521639423541	0.521457348289	0.535521508332	0.460187653018	0.517382327702	0.527268543519	0.492634209415	0.453386096572	0.447750342434	0.432584695639
NCS253_vs._NCS253	0.431336191569	0.424372404055	0.733562562113	0.553806009923	0.531804689361	0.47764097687	0.466576785821	0.519245967439	0.448777489486	0.740127260803	0.543628549435	0.515085842283	0.474604451249	0.455737993584	0.494148747966	0.709334962374	0.547894636815	0.555676864857	0.46777110634	0.459223171486	0.48337054892	0.829152482071	0.830368066999	0.764705740241	0.754237907315	0.704863492914	0.403852858881	0.495259808778	0.479824079164	0.564887057714	0.447434801655	0.470893531522	0.563723201374	0.41664952807	0.512356543644	0.478516901571
NCS233_vs._NCS233	0.421618483673	0.514000664723	0.452865360624	0.424252601165	0.559071137695	0.601023543476	0.489750061098	0.484858940082	0.477857960186	0.543702851536	0.560550956912	0.479486437838	0.49980452249	0.54738574938	0.581217542486	0.395875205954	0.50763212716	0.535583356619	0.508448442232	0.545358633389	0.494699824784
NCS214_vs._NCS214	0.513526267369	0.603936111152	0.709074141406	0.510564442351	0.458073898712	0.604860162014	0.447429823059	0.581831495207	0.425592214974	0.492116706156	0.463977512272	0.542543276837	0.480570930877	0.604138998683	0.450899892541	0.617793683383	0.692674526212	0.561579841562	0.511962553858	0.473852058027	0.583390094246
NAU147_vs._NAU147	0.416516158281	0.50501860483	0.516233422569	0.483104280964	0.525889757722	0.495342057974	0.51489585638	0.509535911229	0.486156129313	0.479579789413	0.530494833945	0.508360927195	0.535905277721	0.554199335604	0.514022801194	0.514893382621	0.574085918046	0.491089343847	0.511355269596	0.528285860984	0.567708510529
CUB036_vs._CUB036	0.780322116196	0.70178564703	0.663112858076	0.579065303109	0.787171152305	0.689211731304	0.613584888953	0.473413578121	0.482486531985	0.63531081819	0.464807374744	0.499651491517	0.601858377507	0.381085540201	0.483398715556	0.538541862027	0.457231281092	0.506293615571	0.467425843665	0.523955767415	0.422872310458	0.475275634887	0.648757806115	0.445967685476	0.427406722557	0.544446880207	0.64625082102	0.422621352905
NAU129_vs._NAU129	0.474498856422	0.386175910092	0.516237322626	0.66597205442	0.424264111471	0.404691519502	0.538689276229	0.50429786431	0.615753175959	0.725957394044	0.527981429857	0.506402385183	0.607513133165	0.463310055622	0.611911749853	0.381455431069	0.407824484352	0.514766160067	0.464053154198	0.479698444576	0.537440916401	0.571982873024	0.599687346641	0.618083326771	0.613666346135	0.426159937065	0.537368910453	0.50033036148
NCS263_vs._NCS263	0.527602949071	0.479764725901	0.50173337398	0.584917737872	0.591529329015	0.478095900107	0.543682153015	0.449238640724	0.509422692143	0.475582531732	0.552216672892	0.474808076472	0.533572645326	0.514367730797	0.552303093592	0.585492956999	0.407668269662	0.523808386798	0.549548086377	0.472320260642	0.483122179994	0.478976641384	0.544422926411	0.561580492639	0.576933919456	0.561469698756	0.51388973932	0.491995682979
NAU159_vs._NAU159	0.439306476445	0.550117151997	0.569513576327	0.440458385762	0.420197217859	0.561859968244	0.471600714078	0.500377694689	0.531548881977	0.488057996445	0.515266377649	0.533048652616	0.510695572071	0.365519848027	0.552221360894	0.565724363264	0.408436702005	0.575911458968	0.540081466266	0.568659636088	0.396729677621	0.58513140275	0.406234063901	0.527616989489	0.422966793147	0.529537879964	0.426261407466	0.557236474053
NCS248_vs._NCS248	0.55675463126	0.59787968962	0.577962984034	0.571009858121	0.435066034382	0.529244958585	0.44973157757	0.571512719723	0.496814147657	0.456507141672	0.529346864509	0.511611879605	0.5172384486	0.591248219737	0.606112386667	0.549369276674	0.556162128234	0.561861080568	0.474564579817	0.560689711487	0.487380392551	0.518781946628	0.536153732207	0.508631897844	0.482731664941	0.520622491465	0.378955770332	0.469615141163
NCS212_vs._NCS212	0.531425759708	0.629700704707	0.557470835333	0.557712118761	0.478627167544	0.591497029556	0.604030249903	0.54703120753	0.499337293394	0.487700586747	0.457360901487	0.553600349376	0.44676515249	0.449668911475	0.487655748055	0.55838039207	0.547645198705	0.610502009857	0.466772535724	0.457077863727	0.504893648403	0.535779440111	0.488416156756	0.513546147866	0.551566941753	0.507528898956	0.530494649069	0.615907072267
NAU117_vs._NAU117	0.481658584937	0.649933529289	0.6682539699	0.513975961126	0.548670027566	0.528345946675	0.659811658799	0.703085855199	0.481117793519	0.531027708296	0.454221300952	0.520210545279	0.655113691661	0.525689772793	0.681704761539	0.656503835371	0.572532175814	0.70016573829	0.511187747555	0.462816596129	0.510993326529
CUB050_vs._CUB050	0.661236778834	0.576219559553	0.686605978872	0.642577214689	0.626091863073	0.627934224654	0.708796183337	0.668307320692	0.458479919989	0.48305494705	0.476975242702	0.564372698139	0.593116651726	0.536885265509	0.53294542535	0.492898928643	0.430742289588	0.428705169477	0.473957245772	0.557327654562	0.455910551696	0.512308684419	0.586606464573	0.63447741398	0.545403319318	0.512775995096	0.407982229823	0.420927453451	0.523527105851	0.384469887198	0.335169156455	0.583917506834	0.4169496794	0.60092215889	0.416272143979	0.531994948782
NAU156_vs._NAU156	0.64072654633	0.524496391086	0.501410405463	0.635400348162	0.497983638628	0.531391270955	0.601928878274	0.522603987557	0.535561793916	0.710209378548	0.538719165568	0.527676157411	0.625771499189	0.620986933502	0.487966144005	0.531898895944	0.571224466248	0.447271627877	0.72273656965	0.515692122446	0.658326203498
NCS213_vs._NCS213	0.580776523461	0.529725032874	0.541742087052	0.5843153207	0.461299357174	0.639230362964	0.64255763975	0.422253440205	0.499493480318	0.517011564288	0.470598163114	0.569071830523	0.579533668936	0.442323665929	0.471760889069	0.438649210119	0.56733599127	0.520321471685	0.425141018919	0.434676864338	0.555662809323	0.561645706432	0.451027024151	0.609617936074	0.539275914624	0.577926145469	0.53449831131	0.595166504278
NAU137_vs._NAU137	0.526409477075	0.530813547111	0.548234609373	0.563344159978	0.592520529775	0.554393508007	0.446713444107	0.341552752166	0.543833036358	0.608019571545	0.384738298297	0.501547778882	0.51618887284	0.569577814829	0.453940352093	0.561729551346	0.627077093368	0.403741440092	0.463109309119	0.547701402528	0.592919903852
NAU121_vs._NAU121	0.417646044856	0.571548909773	0.630740617194	0.39059888146	0.407841037253	0.552697255672	0.528336788173	0.449716384974	0.521169715216	0.585316030257	0.36489084732	0.392843210445	0.627807809665	0.595385841357	0.491473804146	0.630560473736	0.550226026353	0.57291611939	0.731782089768	0.710553709008	0.6036705978	0.586408501223	0.652479604381	0.8079323432	0.773629823271	0.68182763526	0.364428769882	0.567112856513	0.511853962661	0.431052604929	0.544062633647	0.512237583409	0.449317829156	0.423220031628	0.488856281351	0.466237587454
NCS255_vs._NCS255	0.54926507603	0.55896656911	0.68984935321	0.46258885252	0.624211783357	0.549741884408	0.540085760765	0.47599014994	0.599906310891	0.474503436621	0.513850672857	0.435043761009	0.574756997873	0.478875921595	0.576457818489	0.706336907943	0.60330532176	0.636786566888	0.519829638243	0.536575295795	0.519741659008	0.672880266257	0.406621820329	0.682880957362	0.572861557792	0.70376691349	0.568145270129	0.562746913241	0.525009776761	0.489347897263	0.567810512311	0.495148703247	0.628068785711	0.465861171796	0.452904369517	0.505564918994
NAU132_vs._NAU132	0.542741181948	0.559024192311	0.611713569727	0.497558486355	0.525572948527	0.517078936697	0.648736341197	0.460724536881	0.41484378016	0.477913723976	0.575966419023	0.598708767234	0.580597681457	0.501113763257	0.541024885507	0.429232776425	0.600544553901	0.572489716874	0.56346232834	0.478139241931	0.582330383844	0.666503864693	0.674752508483	0.614225312949	0.398928767009	0.623951199327	0.485124883983	0.494201367334	0.719600756114	0.503822583151	0.450399093976	0.702763828545	0.529101226111	0.668929951789	0.483622120793	0.656329564792
CUB028_vs._CUB028	0.685354622033	0.62175777698	0.626844519428	0.689100213593	0.489142215705	0.676083915885	0.671432476173	0.560034257476	0.547117448341	0.552132799285	0.630696276569	0.548145659277	0.592316690316	0.37897332364	0.502864542513	0.607777032617	0.455151709703	0.49617736539	0.444795590354	0.564657869893	0.412604093531	0.434750848887	0.624008208006	0.496361218871	0.505974006252	0.619126638231	0.617936125696	0.444437534351
CUB017_vs._CUB017	0.631902812234	0.640290486114	0.716362285637	0.639297593375	0.625800338137	0.622557583671	0.6782067491	0.616446374925	0.469794295253	0.457650391887	0.526160594352	0.432496891788	0.497744448954	0.651508498369	0.527605692298	0.477425785981	0.479096840763	0.45604591305	0.549587529558	0.631416368128	0.509416758311	0.564312202207	0.514497092466	0.565984460119	0.695666453276	0.575684764939	0.479217542888	0.543284723717	0.608212599	0.496264174526	0.479810289043	0.590333844597	0.495896435665	0.627784366979	0.505159649479	0.654128829017
NAU108_vs._NAU108	0.602057212964	0.537712021874	0.679552598296	0.610846081001	0.611439095529	0.58878690955	0.417105659347	0.58847416248	0.419406431203	0.517961406201	0.537485017433	0.59740216335	0.424487222695	0.543736260528	0.546823049963	0.583838276496	0.575939700014	0.510807315841	0.535643636603	0.558846136937	0.589454700073
CUB027_vs._CUB027	0.692901772158	0.777426271228	0.742241699219	0.622867156787	0.738460988125	0.722973715208	0.753842231844	0.584498704359	0.633845872308	0.577899368704	0.682907840403	0.590954462311	0.602688501847	0.602973712637	0.698086788245	0.534465115616	0.653992685355	0.533853538418	0.569158989783	0.580734558788	0.68928919452	0.600705530513	0.468527725181	0.439157852784	0.483835854912	0.638939540303	0.60860411089	0.618407740314	0.593347063567	0.534229816098	0.438169852921	0.447910422569	0.624846199079	0.430464796854	0.636468307718	0.631048821435
NAU155_vs._NAU155	0.739203979091	0.610422806355	0.525133275513	0.811380338177	0.711735225675	0.644357231033	0.763760098962	0.783227416452	0.762654685631	0.657436881145	0.627520113378	0.561818889637	0.620550906098	0.741912342509	0.703086775424	0.58409450743	0.858195133426	0.786681390734	0.691276597305	0.810888820538	0.820726368167	0.753873162048	0.665927548242	0.497465356934	0.72884150571	0.711886839154	0.615357630484	0.709170234058	0.603715530719	0.549286478285	0.54236232655	0.681392259823	0.605389466349	0.702116902386	0.621101651852	0.536883488206
