Analysis of Variance Table

Response: Distances
           Df  Sum Sq   Mean Sq F value    Pr(>F)    
Groups     79 0.81447 0.0103098  3.2268 4.327e-16 ***
Residuals 612 1.95539 0.0031951                      
---
Signif. codes:  0 ‘***’ 0.001 ‘**’ 0.01 ‘*’ 0.05 ‘.’ 0.1 ‘ ’ 1 

Permutation test for homogeneity of multivariate dispersions

No. of permutations: 999  

**** STRATA ****
Permutations are unstratified

**** SAMPLES ****
Permutation type: free 
Mirrored permutations for Samples?: No 

Response: Distances
           Df  Sum Sq   Mean Sq      F N.Perm Pr(>F)    
Groups     79 0.81447 0.0103098 3.2268    999  0.001 ***
Residuals 612 1.95539 0.0031951                         
---
Signif. codes:  0 ‘***’ 0.001 ‘**’ 0.01 ‘*’ 0.05 ‘.’ 0.1 ‘ ’ 1 

Pairwise comparisons:
(Observed p-value below diagonal, permuted p-value above diagonal)
           CUB000     CUB003     CUB004     CUB007     CUB009     CUB010
CUB000            4.8600e-01 9.6800e-01 5.3600e-01 4.0900e-01 9.2700e-01
CUB003 4.8167e-01            2.6400e-01 1.7600e-01 2.4000e-02 4.9700e-01
CUB004 9.6994e-01 2.6106e-01            4.1700e-01 1.6700e-01 8.5600e-01
CUB007 5.1367e-01 1.7081e-01 4.3407e-01            9.5500e-01 4.5800e-01
CUB009 3.8624e-01 2.6060e-02 1.6028e-01 9.5339e-01            2.4100e-01
CUB010 9.1832e-01 4.7045e-01 8.4699e-01 4.1283e-01 2.2085e-01           
CUB011 6.3763e-01 2.2385e-01 5.5906e-01 8.5999e-01 8.4310e-01 5.2726e-01
CUB012 6.5117e-01 9.2622e-01 5.6038e-01 3.1711e-01 2.0064e-01 6.8239e-01
CUB015 4.3645e-01 2.1254e-01 3.9879e-01 7.7867e-01 7.0601e-01 3.7649e-01
CUB016 1.5383e-02 4.1111e-03 9.0032e-03 5.5599e-02 2.3035e-02 1.0009e-02
CUB017 4.6441e-01 2.7137e-01 4.4254e-01 7.5275e-01 6.9344e-01 4.1794e-01
CUB019 3.6889e-02 4.8300e-02 3.8060e-03 1.4473e-02 3.4043e-04 1.9595e-02
CUB026 7.0873e-01 7.2945e-01 5.3531e-01 3.1457e-01 9.9542e-02 7.3701e-01
CUB027 9.2288e-01 5.0596e-01 8.5789e-01 4.4395e-01 2.5925e-01 9.9883e-01
CUB028 5.0269e-01 8.3067e-01 3.8857e-01 2.5305e-01 1.3167e-01 5.0668e-01
CUB029 4.2852e-01 1.9096e-01 3.8255e-01 7.9489e-01 7.1688e-01 3.6204e-01
CUB032 2.0857e-01 5.0582e-02 1.3270e-01 5.3293e-01 3.6937e-01 1.4302e-01
CUB033 9.3439e-02 3.3358e-02 7.1828e-02 2.4337e-01 1.6144e-01 7.1155e-02
CUB036 4.3240e-01 1.7456e-01 3.6955e-01 8.1979e-01 7.3370e-01 3.5537e-01
CUB037 7.6924e-02 1.3436e-01 1.1815e-02 2.5955e-02 8.7467e-04 4.9009e-02
CUB038 2.4995e-01 1.5603e-01 2.3672e-01 4.1908e-01 3.5831e-01 2.2598e-01
CUB040 4.4199e-01 9.2624e-01 2.2326e-01 1.5475e-01 2.1287e-02 4.2349e-01
CUB042 1.2067e-01 1.5512e-02 5.5760e-02 4.2684e-01 2.3630e-01 6.7841e-02
CUB044 6.7809e-01 1.8849e-01 5.8642e-01 7.4797e-01 6.6109e-01 5.4753e-01
CUB048 3.0958e-01 5.8640e-01 1.8856e-01 1.2691e-01 4.0750e-02 2.9597e-01
CUB049 3.1991e-01 5.9725e-01 2.0407e-01 1.3444e-01 4.7912e-02 3.0915e-01
CUB050 4.2151e-02 5.9901e-02 6.2812e-03 1.6957e-02 6.9206e-04 2.4806e-02
CUB052 3.8263e-02 6.3649e-02 1.1764e-02 1.6353e-02 2.0906e-03 2.7781e-02
CUB053 8.2223e-01 6.3380e-01 7.3550e-01 3.8093e-01 2.2300e-01 8.8132e-01
CUB056 4.3000e-02 5.3384e-02 5.3592e-03 1.8754e-02 6.1221e-04 2.3809e-02
CUB061 3.9376e-03 6.2796e-04 1.2638e-03 1.8797e-02 3.5700e-03 1.8956e-03
NAU101 9.2769e-01 1.9581e-01 9.1779e-01 4.6281e-01 1.2514e-01 7.8682e-01
NAU102 8.9363e-02 1.1732e-01 1.3184e-02 3.9991e-02 1.5022e-03 5.4425e-02
NAU105 5.7643e-01 9.3223e-01 4.5077e-01 3.0018e-01 1.5309e-01 5.8278e-01
NAU106 6.4011e-02 9.3247e-02 6.2794e-03 2.3204e-02 4.2216e-04 3.5723e-02
NAU107 4.5764e-01 8.5722e-02 3.1182e-01 9.7617e-01 9.7484e-01 3.2385e-01
NAU108 6.3537e-01 8.9838e-01 4.5612e-01 3.0186e-01 1.0052e-01 6.4287e-01
NAU109 5.0530e-02 7.7354e-02 1.0738e-02 2.0926e-02 1.4631e-03 3.3055e-02
NAU110 2.1855e-01 3.9141e-01 1.2202e-01 9.6812e-02 2.9179e-02 1.9942e-01
NAU114 3.7639e-01 6.9551e-01 2.3147e-01 1.5971e-01 4.9204e-02 3.6174e-01
NAU117 2.8227e-02 6.9813e-03 1.5477e-02 9.6519e-02 4.0788e-02 1.7819e-02
NAU119 4.8378e-01 7.2736e-02 2.8980e-01 9.3269e-01 9.4904e-01 3.2898e-01
NAU121 6.1895e-01 1.1035e-01 4.6097e-01 7.5460e-01 6.3218e-01 4.6005e-01
NAU123 6.4435e-03 1.5196e-04 4.2420e-04 5.4630e-02 3.2895e-03 1.5087e-03
NAU124 5.2376e-01 9.5972e-01 3.6422e-01 2.2397e-01 7.7972e-02 5.2648e-01
NAU129 2.9945e-02 1.9424e-03 6.4282e-03 1.5878e-01 3.6622e-02 1.1720e-02
NAU130 1.3063e-01 1.1625e-02 4.4615e-02 4.7468e-01 2.3598e-01 6.5214e-02
NAU132 1.9488e-01 3.7128e-01 5.5880e-02 7.1141e-02 5.3921e-03 1.5323e-01
NAU133 5.7354e-01 2.2934e-01 4.9801e-01 9.8944e-01 9.7336e-01 4.7775e-01
NAU134 8.4129e-01 7.8914e-01 7.8889e-01 5.0595e-01 4.0180e-01 8.8313e-01
NAU136 1.9750e-01 1.0394e-01 1.7506e-01 3.7496e-01 2.9784e-01 1.6926e-01
NAU137 1.0573e-01 1.6235e-02 4.3629e-02 3.3667e-01 1.5396e-01 5.8771e-02
NAU139 3.0861e-01 9.0862e-02 2.3301e-01 7.0100e-01 5.7391e-01 2.3160e-01
NAU144 1.3201e-01 2.1710e-01 3.3033e-02 5.4205e-02 4.0994e-03 9.5538e-02
NAU148 4.6851e-02 6.9631e-02 1.8654e-02 2.4724e-02 4.9507e-03 3.6150e-02
NAU149 1.4673e-01 2.6580e-01 2.2740e-02 5.0481e-02 1.3298e-03 9.9783e-02
NAU150 8.1228e-01 6.9388e-01 7.3065e-01 4.0401e-01 2.5558e-01 8.6393e-01
NAU153 5.2447e-01 9.4962e-01 3.4432e-01 2.3106e-01 6.8649e-02 5.1893e-01
NAU154 8.6187e-02 1.9497e-03 8.0816e-03 4.2397e-01 1.0525e-01 2.7320e-02
NAU155 8.4258e-01 5.9922e-01 7.5035e-01 3.9625e-01 2.1379e-01 9.0319e-01
NAU156 1.8354e-01 2.3841e-02 7.2753e-02 5.3654e-01 2.9573e-01 1.0215e-01
NAU157 1.5686e-01 2.8864e-01 2.5483e-02 5.3863e-02 1.4811e-03 1.0859e-01
NAU159 9.5784e-01 4.5904e-01 9.0444e-01 4.6131e-01 2.7051e-01 9.5836e-01
NAU160 9.5350e-01 4.9872e-01 9.6679e-01 6.0487e-01 5.0081e-01 8.7727e-01
NAU161 6.0578e-01 1.9603e-01 5.0129e-01 9.0113e-01 8.9749e-01 4.8781e-01
NAU164 1.3729e-01 7.7696e-03 2.5356e-02 4.8705e-01 1.7577e-01 5.7869e-02
NCS203 2.9836e-02 3.5779e-02 2.3827e-03 1.1758e-02 1.9595e-04 1.4600e-02
NCS204 6.0879e-01 9.5989e-01 5.2794e-01 3.2334e-01 2.2039e-01 6.3182e-01
NCS210 3.5239e-01 1.3640e-01 2.9081e-01 7.0505e-01 5.9824e-01 2.8331e-01
NCS212 4.2064e-01 6.9367e-02 2.5149e-01 9.6426e-01 8.7401e-01 2.8347e-01
NCS213 8.0782e-02 1.2039e-01 1.6447e-02 3.4313e-02 2.1216e-03 5.3314e-02
NCS214 4.2611e-01 1.1635e-01 3.1785e-01 8.9663e-01 8.0177e-01 3.2012e-01
NCS233 4.2561e-01 1.5382e-01 3.5059e-01 8.3711e-01 7.4559e-01 3.4061e-01
NCS234 6.0971e-01 9.3807e-01 4.7816e-01 2.7813e-01 1.2983e-01 6.2894e-01
NCS236 2.5743e-03 1.8643e-04 4.7476e-04 1.8364e-02 2.0748e-03 9.1070e-04
NCS243 8.7562e-01 5.2258e-01 8.7517e-01 7.4075e-01 7.0615e-01 8.1149e-01
NCS248 8.1983e-01 6.4868e-01 7.1785e-01 4.0094e-01 2.1045e-01 8.7137e-01
NCS253 5.5433e-01 1.6119e-01 4.5867e-01 9.1391e-01 9.2597e-01 4.3788e-01
NCS255 2.3955e-01 4.7478e-01 6.4810e-02 8.4364e-02 4.7970e-03 1.9134e-01
NCS263 5.4165e-01 1.6437e-01 4.2687e-01 9.7370e-01 9.8994e-01 4.2445e-01
           CUB011     CUB012     CUB015     CUB016     CUB017     CUB019
CUB000 6.3900e-01 6.7600e-01 4.5800e-01 1.4000e-02 4.6000e-01 2.7000e-02
CUB003 2.2100e-01 9.3500e-01 2.1400e-01 4.0000e-03 2.8300e-01 3.4000e-02
CUB004 5.7000e-01 5.8800e-01 4.0600e-01 8.0000e-03 4.7700e-01 6.0000e-03
CUB007 8.7900e-01 3.3800e-01 7.8400e-01 5.0000e-02 7.6900e-01 1.2000e-02
CUB009 8.5200e-01 2.2400e-01 7.2200e-01 1.3000e-02 7.1400e-01 3.0000e-03
CUB010 5.3600e-01 7.0300e-01 3.9600e-01 8.0000e-03 4.1800e-01 1.3000e-02
CUB011            4.4600e-01 6.9300e-01 4.0000e-02 6.8000e-01 1.1000e-02
CUB012 4.0509e-01            2.9400e-01 9.0000e-03 3.5300e-01 1.5700e-01
CUB015 6.8867e-01 2.9605e-01            1.5500e-01 9.4400e-01 3.8000e-02
CUB016 4.9823e-02 1.0347e-02 1.5074e-01            2.3700e-01 2.0000e-03
CUB017 6.8345e-01 3.3524e-01 9.4375e-01 2.2515e-01            6.7000e-02
CUB019 1.8332e-02 1.4869e-01 4.3710e-02 9.8901e-04 8.1033e-02           
CUB026 3.9343e-01 8.8845e-01 3.3479e-01 1.3552e-02 3.8972e-01 4.4226e-02
CUB027 5.5576e-01 7.0291e-01 4.0556e-01 1.4961e-02 4.4536e-01 2.9806e-02
CUB028 3.1935e-01 8.1547e-01 2.6591e-01 1.3923e-02 3.1394e-01 2.7081e-01
CUB029 6.9544e-01 2.8354e-01 9.7329e-01 1.2709e-01 9.1868e-01 3.3020e-02
CUB032 4.3396e-01 1.3118e-01 8.3140e-01 1.6728e-01 9.1752e-01 5.5882e-03
CUB033 2.1278e-01 5.9618e-02 4.3714e-01 4.7611e-01 5.3387e-01 6.6781e-03
CUB036 7.1128e-01 2.8537e-01 9.4575e-01 1.2073e-01 8.9654e-01 2.6522e-02
CUB037 3.3903e-02 2.7015e-01 6.2022e-02 1.0270e-03 1.0535e-01 5.4423e-01
CUB038 3.9718e-01 1.8729e-01 5.5940e-01 6.2979e-01 6.2230e-01 6.4119e-02
CUB040 2.0293e-01 8.7921e-01 1.9932e-01 3.7956e-03 2.5835e-01 5.7238e-02
CUB042 3.2067e-01 6.8087e-02 7.7538e-01 1.1777e-01 8.8041e-01 8.8762e-04
CUB044 9.0197e-01 4.0411e-01 5.9965e-01 2.7143e-02 6.0870e-01 7.9571e-03
CUB048 1.7078e-01 6.2267e-01 1.5481e-01 3.8714e-03 2.0284e-01 2.9736e-01
CUB049 1.8072e-01 6.2818e-01 1.5918e-01 4.1812e-03 2.0607e-01 3.1334e-01
CUB050 2.2109e-02 1.5585e-01 4.5761e-02 1.0962e-03 8.2523e-02 9.8058e-01
CUB052 2.3645e-02 1.2276e-01 3.4383e-02 7.8010e-04 6.0478e-02 7.5464e-01
CUB053 4.8559e-01 7.8983e-01 3.4987e-01 1.0272e-02 3.9078e-01 4.6421e-02
CUB056 2.3420e-02 1.5568e-01 5.2713e-02 1.6886e-03 9.3840e-02 9.2049e-01
CUB061 1.6007e-02 3.1741e-03 8.3597e-02 7.3908e-01 1.5011e-01 1.9143e-04
NAU101 5.8762e-01 5.3531e-01 4.3149e-01 1.2463e-02 4.7569e-01 2.3326e-03
NAU102 4.8017e-02 2.6722e-01 9.3248e-02 4.0739e-03 1.4835e-01 7.8056e-01
NAU105 3.6973e-01 8.9666e-01 3.1628e-01 2.0885e-02 3.6697e-01 2.1915e-01
NAU106 2.8704e-02 2.3725e-01 6.2960e-02 1.3604e-03 1.0896e-01 6.4419e-01
NAU107 8.5564e-01 2.6299e-01 7.4487e-01 3.9382e-02 7.2668e-01 3.2703e-03
NAU108 3.7069e-01 9.9285e-01 3.3299e-01 1.8590e-02 3.8990e-01 9.1909e-02
NAU109 2.8011e-02 1.6884e-01 4.9437e-02 1.2711e-03 8.5878e-02 9.7515e-01
NAU110 1.2972e-01 4.6088e-01 1.2866e-01 4.3314e-03 1.7489e-01 5.3798e-01
NAU114 2.0849e-01 7.1586e-01 1.9346e-01 6.1253e-03 2.4681e-01 2.2674e-01
NAU117 8.2443e-02 1.9305e-02 2.4380e-01 7.6774e-01 3.4119e-01 1.5349e-03
NAU119 8.9617e-01 2.8366e-01 7.2488e-01 4.3096e-02 7.1568e-01 2.4087e-03
NAU121 9.2223e-01 3.5176e-01 6.0224e-01 2.3962e-02 6.1323e-01 2.5905e-03
NAU123 3.1523e-02 4.8186e-03 2.7625e-01 4.0732e-01 4.1839e-01 1.4856e-05
NAU124 2.8861e-01 9.0745e-01 2.4908e-01 7.9396e-03 3.0300e-01 1.1528e-01
NAU129 1.0726e-01 1.9095e-02 4.5748e-01 2.7202e-01 5.9528e-01 1.5439e-04
NAU130 3.4807e-01 7.5886e-02 8.3982e-01 1.0618e-01 9.3595e-01 5.7190e-04
NAU132 9.1462e-02 4.9731e-01 1.2303e-01 2.9810e-03 1.7931e-01 2.8042e-01
NAU133 8.8697e-01 3.8392e-01 7.9758e-01 8.9490e-02 7.7624e-01 2.9960e-02
NAU134 6.0021e-01 8.7707e-01 4.5755e-01 4.1229e-02 4.8676e-01 1.8287e-01
NAU136 3.4579e-01 1.4183e-01 5.4616e-01 5.5216e-01 6.2390e-01 3.4267e-02
NAU137 2.5877e-01 7.0404e-02 6.4883e-01 2.6338e-01 7.6005e-01 1.9201e-03
NAU139 5.8522e-01 1.8940e-01 9.8090e-01 1.0725e-01 9.5339e-01 9.2636e-03
NAU144 6.8548e-02 3.5632e-01 1.0436e-01 3.5079e-03 1.5823e-01 5.5542e-01
NAU148 3.4647e-02 1.2279e-01 4.5929e-02 2.1040e-03 7.5012e-02 5.8416e-01
NAU149 6.2823e-02 4.3287e-01 1.0494e-01 2.2969e-03 1.6154e-01 2.8008e-01
NAU150 5.0485e-01 8.2760e-01 3.7253e-01 1.5310e-02 4.1207e-01 7.3193e-02
NAU153 2.9134e-01 9.0333e-01 2.6703e-01 1.0840e-02 3.2470e-01 1.1651e-01
NAU154 2.7841e-01 5.0821e-02 8.3584e-01 8.8977e-02 9.3793e-01 6.4939e-05
NAU155 4.9879e-01 7.7402e-01 3.7319e-01 1.3449e-02 4.1671e-01 4.0234e-02
NAU156 4.1377e-01 1.1777e-01 8.6730e-01 1.5152e-01 9.5065e-01 1.9212e-03
NAU157 6.7094e-02 4.5325e-01 1.0940e-01 2.4014e-03 1.6676e-01 2.5778e-01
NAU159 5.7700e-01 6.6989e-01 4.1789e-01 1.5280e-02 4.5668e-01 2.3943e-02
NAU160 7.2204e-01 6.5429e-01 5.1825e-01 3.3923e-02 5.3972e-01 6.1008e-02
NAU161 9.6034e-01 3.9183e-01 7.2742e-01 6.5303e-02 7.2008e-01 1.6501e-02
NAU164 3.5052e-01 8.9020e-02 8.5234e-01 1.3981e-01 9.4175e-01 4.8602e-04
NCS203 1.4666e-02 1.2934e-01 3.9105e-02 8.6493e-04 7.4889e-02 9.3343e-01
NCS204 4.0535e-01 9.1512e-01 3.0336e-01 1.5489e-02 3.4045e-01 2.5161e-01
NCS210 6.0750e-01 2.3203e-01 9.5432e-01 1.5457e-01 9.8217e-01 2.1754e-02
NCS212 7.9854e-01 2.4939e-01 7.9449e-01 5.4098e-02 7.7084e-01 2.9750e-03
NCS213 4.3613e-02 2.4461e-01 7.6132e-02 2.5474e-03 1.2353e-01 8.1670e-01
NCS214 7.5669e-01 2.6439e-01 8.5812e-01 7.5795e-02 8.2197e-01 9.3843e-03
NCS233 7.1912e-01 2.7516e-01 9.2186e-01 1.0476e-01 8.7555e-01 1.9420e-02
NCS234 3.5535e-01 9.8351e-01 2.8536e-01 1.0174e-02 3.3461e-01 1.1246e-01
NCS236 1.3048e-02 1.9436e-03 1.0841e-01 8.9541e-01 1.9752e-01 3.1839e-05
NCS243 8.4950e-01 6.3207e-01 6.1618e-01 6.0389e-02 6.1687e-01 1.1163e-01
NCS248 4.9692e-01 8.1172e-01 3.8732e-01 1.8303e-02 4.3266e-01 5.3522e-02
NCS253 9.3436e-01 3.3403e-01 7.1131e-01 4.1363e-02 6.9830e-01 9.8054e-03
NCS255 1.0703e-01 5.8936e-01 1.4213e-01 3.3195e-03 2.0226e-01 1.7178e-01
NCS263 8.8704e-01 3.4898e-01 7.7660e-01 7.4059e-02 7.5997e-01 1.4134e-02
           CUB026     CUB027     CUB028     CUB029     CUB032     CUB033
CUB000 7.0700e-01 9.3300e-01 5.1800e-01 4.4500e-01 2.1000e-01 8.4000e-02
CUB003 7.4200e-01 5.1600e-01 8.4400e-01 1.8000e-01 3.8000e-02 2.5000e-02
CUB004 5.7400e-01 8.5000e-01 3.9100e-01 3.8600e-01 1.3100e-01 6.6000e-02
CUB007 2.9400e-01 4.3000e-01 2.6500e-01 8.0400e-01 5.7300e-01 2.4800e-01
CUB009 7.6000e-02 2.8200e-01 1.3700e-01 7.4100e-01 3.7500e-01 1.5600e-01
CUB010 7.4000e-01 9.9900e-01 5.3800e-01 3.8400e-01 1.4200e-01 6.6000e-02
CUB011 4.0500e-01 5.5500e-01 3.0900e-01 6.9500e-01 4.4100e-01 1.9200e-01
CUB012 8.9800e-01 7.2700e-01 8.4500e-01 2.8700e-01 1.2600e-01 7.0000e-02
CUB015 3.3500e-01 4.2000e-01 2.5900e-01 9.7600e-01 8.3900e-01 4.3800e-01
CUB016 1.7000e-02 9.0000e-03 1.6000e-02 1.0800e-01 1.6700e-01 4.9300e-01
CUB017 3.9900e-01 4.6700e-01 3.4300e-01 9.1700e-01 9.1500e-01 5.3100e-01
CUB019 3.3000e-02 2.7000e-02 2.7400e-01 2.1000e-02 4.0000e-03 7.0000e-03
CUB026            7.6300e-01 6.9900e-01 3.2300e-01 1.0700e-01 5.9000e-02
CUB027 7.5783e-01            5.4600e-01 3.9800e-01 1.5500e-01 8.6000e-02
CUB028 6.9096e-01 5.3626e-01            2.3800e-01 1.1900e-01 6.7000e-02
CUB029 3.1394e-01 3.9177e-01 2.4951e-01            7.9100e-01 4.0900e-01
CUB032 1.1743e-01 1.7046e-01 1.1461e-01 7.9075e-01            5.1400e-01
CUB033 7.5368e-02 8.8703e-02 6.3701e-02 4.0048e-01 5.2187e-01           
CUB036 2.9881e-01 3.8640e-01 2.4643e-01 9.7089e-01 7.5192e-01 3.8455e-01
CUB037 1.0457e-01 6.7411e-02 4.4983e-01 4.8799e-02 8.3883e-03 8.3383e-03
CUB038 2.3882e-01 2.5302e-01 1.9892e-01 5.3562e-01 6.4821e-01 9.7436e-01
CUB040 6.6992e-01 4.6052e-01 8.7484e-01 1.7781e-01 4.5741e-02 3.0897e-02
CUB042 5.0002e-02 8.7413e-02 5.6190e-02 7.2587e-01 9.6301e-01 4.8033e-01
CUB044 3.7175e-01 5.7626e-01 2.9933e-01 5.9996e-01 3.1846e-01 1.5063e-01
CUB048 4.6767e-01 3.2984e-01 8.3645e-01 1.3882e-01 4.6497e-02 2.5627e-02
CUB049 4.8120e-01 3.4266e-01 8.3850e-01 1.4366e-01 5.0509e-02 2.6879e-02
CUB050 5.5406e-02 3.6415e-02 2.7960e-01 3.5169e-02 6.6992e-03 7.1188e-03
CUB052 6.3745e-02 3.9062e-02 2.2811e-01 2.7224e-02 6.8304e-03 4.9134e-03
CUB053 8.7850e-01 8.9058e-01 6.0949e-01 3.3607e-01 1.4137e-01 6.7743e-02
CUB056 5.0990e-02 3.5443e-02 2.7405e-01 4.0589e-02 8.0824e-03 9.5166e-03
CUB061 2.9453e-03 3.3941e-03 4.8523e-03 6.4448e-02 7.2784e-02 3.0455e-01
NAU101 4.5727e-01 8.0358e-01 3.6900e-01 4.1449e-01 1.4681e-01 8.7487e-02
NAU102 1.0219e-01 7.4821e-02 4.1965e-01 7.5299e-02 1.7608e-02 2.0084e-02
NAU105 7.7272e-01 6.1011e-01 9.2636e-01 2.9826e-01 1.4103e-01 8.5970e-02
NAU106 7.5015e-02 5.1512e-02 3.9989e-01 4.8864e-02 8.1959e-03 9.6668e-03
NAU107 2.0666e-01 3.5960e-01 1.9357e-01 7.5805e-01 4.5436e-01 2.0672e-01
NAU108 8.7280e-01 6.6948e-01 8.0181e-01 3.1137e-01 1.2615e-01 8.5940e-02
NAU109 7.1970e-02 4.6624e-02 2.9616e-01 3.8835e-02 8.4822e-03 7.8791e-03
NAU110 3.2937e-01 2.3082e-01 6.4926e-01 1.1363e-01 3.9976e-02 2.3892e-02
NAU114 5.4905e-01 3.9655e-01 9.2879e-01 1.7494e-01 6.0482e-02 3.6590e-02
NAU117 2.1464e-02 2.5554e-02 2.3366e-02 2.0996e-01 2.6656e-01 6.7814e-01
NAU119 1.9108e-01 3.6750e-01 2.0571e-01 7.3360e-01 4.2377e-01 2.1077e-01
NAU121 2.7036e-01 4.9497e-01 2.4791e-01 6.0142e-01 2.9661e-01 1.4461e-01
NAU123 1.1490e-03 2.9476e-03 4.7535e-03 2.2279e-01 2.7072e-01 9.3617e-01
NAU124 7.5174e-01 5.5723e-01 8.8044e-01 2.2978e-01 8.2494e-02 4.8546e-02
NAU129 9.2125e-03 1.8248e-02 1.7580e-02 3.9981e-01 5.2177e-01 8.1646e-01
NAU130 4.1959e-02 8.5775e-02 5.9646e-02 7.9229e-01 9.5365e-01 4.3988e-01
NAU132 2.7568e-01 1.8605e-01 7.1622e-01 1.0387e-01 2.4136e-02 2.0444e-02
NAU133 3.8085e-01 5.0760e-01 3.1902e-01 8.1122e-01 5.7498e-01 3.0033e-01
NAU134 9.5359e-01 8.9155e-01 7.4137e-01 4.4898e-01 2.7085e-01 1.4556e-01
NAU136 1.7774e-01 1.9509e-01 1.4979e-01 5.1619e-01 6.3363e-01 9.8329e-01
NAU137 4.8237e-02 7.7510e-02 6.4098e-02 5.9869e-01 7.5493e-01 7.0319e-01
NAU139 1.8671e-01 2.6241e-01 1.5983e-01 9.4824e-01 8.1293e-01 3.9142e-01
NAU144 1.7647e-01 1.2196e-01 5.3769e-01 8.6580e-02 2.1418e-02 1.9848e-02
NAU148 7.5759e-02 4.9359e-02 2.1692e-01 3.7679e-02 1.2905e-02 9.1209e-03
NAU149 1.8966e-01 1.2860e-01 6.4967e-01 8.5930e-02 1.6403e-02 1.6696e-02
NAU150 9.1673e-01 8.7419e-01 6.5694e-01 3.5934e-01 1.6688e-01 8.3632e-02
NAU153 7.4059e-01 5.5115e-01 8.8906e-01 2.4577e-01 8.9363e-02 5.8606e-02
NAU154 1.1598e-02 4.1054e-02 3.6342e-02 7.8374e-01 9.4021e-01 4.1494e-01
NAU155 8.5124e-01 9.1124e-01 5.9686e-01 3.5784e-01 1.5104e-01 7.9974e-02
NAU156 7.0382e-02 1.2869e-01 9.6832e-02 8.2565e-01 9.4817e-01 4.9069e-01
NAU157 2.0462e-01 1.3862e-01 6.7381e-01 8.9991e-02 1.7404e-02 1.7473e-02
NAU159 7.1246e-01 9.6032e-01 5.0663e-01 4.0446e-01 1.7561e-01 9.1524e-02
NAU160 7.0150e-01 8.8476e-01 5.2738e-01 5.1297e-01 2.9213e-01 1.4705e-01
NAU161 3.5759e-01 5.1919e-01 3.1079e-01 7.3493e-01 4.7196e-01 2.4821e-01
NAU164 3.1509e-02 7.9369e-02 6.9463e-02 8.0680e-01 9.5622e-01 4.8252e-01
NCS203 3.3562e-02 2.3029e-02 2.4197e-01 2.9052e-02 4.5717e-03 5.9096e-03
NCS204 8.1360e-01 6.5449e-01 9.1320e-01 2.9184e-01 1.5178e-01 7.1680e-02
NCS210 2.4407e-01 3.1432e-01 2.0525e-01 9.2374e-01 8.6945e-01 4.5944e-01
NCS212 1.7596e-01 3.2053e-01 1.8580e-01 8.1006e-01 5.0967e-01 2.4709e-01
NCS213 1.0554e-01 7.2354e-02 3.9569e-01 6.1300e-02 1.4242e-02 1.4178e-02
NCS214 2.3702e-01 3.5397e-01 2.1159e-01 8.7890e-01 6.1476e-01 2.9811e-01
NCS233 2.7707e-01 3.7247e-01 2.3245e-01 9.4625e-01 7.1343e-01 3.5694e-01
NCS234 8.5312e-01 6.5392e-01 8.1848e-01 2.6806e-01 1.0828e-01 5.8781e-02
NCS236 1.1690e-03 1.7588e-03 2.5924e-03 8.1693e-02 9.4650e-02 4.7549e-01
NCS243 6.8840e-01 8.2261e-01 5.3638e-01 6.2015e-01 4.2446e-01 2.0904e-01
NCS248 8.9193e-01 8.8178e-01 6.3803e-01 3.7096e-01 1.6385e-01 9.3734e-02
NCS253 3.1406e-01 4.6954e-01 2.5671e-01 7.2191e-01 4.4415e-01 2.0231e-01
NCS255 3.3695e-01 2.2796e-01 8.2377e-01 1.2100e-01 2.7202e-02 2.3622e-02
NCS263 3.1113e-01 4.5788e-01 2.7834e-01 7.8840e-01 5.2602e-01 2.7413e-01
           CUB036     CUB037     CUB038     CUB040     CUB042     CUB044
CUB000 4.8100e-01 7.6000e-02 2.2900e-01 4.5300e-01 1.3600e-01 6.5600e-01
CUB003 1.9800e-01 1.2500e-01 1.5300e-01 9.3200e-01 1.2000e-02 1.8600e-01
CUB004 3.9200e-01 7.0000e-03 2.3200e-01 2.1600e-01 4.5000e-02 6.1000e-01
CUB007 8.1100e-01 2.6000e-02 4.3900e-01 1.5200e-01 4.5900e-01 7.5400e-01
CUB009 7.4800e-01 4.0000e-03 3.6300e-01 1.7000e-02 2.4800e-01 6.7100e-01
CUB010 3.7900e-01 3.7000e-02 2.3500e-01 4.2100e-01 5.9000e-02 5.6700e-01
CUB011 7.0400e-01 3.3000e-02 4.2000e-01 1.9400e-01 3.3100e-01 9.1100e-01
CUB012 2.9400e-01 3.0500e-01 2.0500e-01 8.8600e-01 6.8000e-02 4.0500e-01
CUB015 9.5000e-01 6.6000e-02 5.8800e-01 2.0000e-01 8.1000e-01 5.9000e-01
CUB016 1.2200e-01 1.0000e-03 6.2400e-01 3.0000e-03 1.1500e-01 2.1000e-02
CUB017 8.9600e-01 8.6000e-02 6.2800e-01 2.6200e-01 8.8700e-01 6.3500e-01
CUB019 2.2000e-02 5.5400e-01 5.2000e-02 4.6000e-02 3.0000e-03 4.0000e-03
CUB026 3.1400e-01 9.5000e-02 2.5000e-01 6.8600e-01 5.1000e-02 3.7200e-01
CUB027 4.0600e-01 6.5000e-02 2.6100e-01 4.6800e-01 8.7000e-02 5.9200e-01
CUB028 2.8700e-01 4.5800e-01 2.2400e-01 8.6300e-01 6.1000e-02 3.1300e-01
CUB029 9.7200e-01 4.9000e-02 5.4400e-01 1.6600e-01 7.6300e-01 6.0900e-01
CUB032 7.6200e-01 9.0000e-03 6.6400e-01 4.3000e-02 9.6500e-01 3.2100e-01
CUB033 4.1700e-01 1.1000e-02 9.7800e-01 2.4000e-02 4.6500e-01 1.4600e-01
CUB036            4.1000e-02 5.6800e-01 1.7700e-01 7.0600e-01 6.3700e-01
CUB037 4.0219e-02            7.1000e-02 1.3600e-01 1.0000e-03 1.9000e-02
CUB038 5.3391e-01 7.3081e-02            1.4700e-01 6.3800e-01 3.5500e-01
CUB040 1.6152e-01 1.5729e-01 1.4980e-01            1.0000e-02 1.4500e-01
CUB042 6.7758e-01 1.4777e-03 6.1843e-01 1.3550e-02            2.0400e-01
CUB044 6.0827e-01 1.7536e-02 3.3592e-01 1.6650e-01 2.0436e-01           
CUB048 1.3289e-01 5.4030e-01 1.2191e-01 6.3293e-01 1.6649e-02 1.4536e-01
CUB049 1.3886e-01 5.5469e-01 1.2341e-01 6.4253e-01 1.8882e-02 1.5641e-01
CUB050 2.9157e-02 5.5073e-01 6.4629e-02 6.9905e-02 1.1856e-03 1.0659e-02
CUB052 2.4889e-02 4.2074e-01 4.5897e-02 7.2129e-02 1.4643e-03 1.3896e-02
CUB053 3.3272e-01 1.0233e-01 2.1353e-01 5.8429e-01 7.0106e-02 4.9743e-01
CUB056 3.3336e-02 5.0478e-01 7.7097e-02 6.2304e-02 1.4643e-03 1.0740e-02
CUB061 5.6674e-02 1.6671e-04 4.9939e-01 5.7977e-04 3.8765e-02 6.3381e-03
NAU101 3.9858e-01 7.2818e-03 2.6651e-01 1.6409e-01 6.1550e-02 6.1435e-01
NAU102 6.3200e-02 7.9072e-01 1.1834e-01 1.3499e-01 3.8824e-03 2.4590e-02
NAU105 2.9217e-01 3.7200e-01 2.4163e-01 9.7812e-01 7.1772e-02 3.4887e-01
NAU106 3.9231e-02 8.7099e-01 8.0870e-02 1.1063e-01 1.3656e-03 1.3035e-02
NAU107 7.7881e-01 6.8753e-03 3.9793e-01 7.4584e-02 3.3154e-01 7.1397e-01
NAU108 2.9664e-01 1.9033e-01 2.5431e-01 8.4112e-01 5.6434e-02 3.4137e-01
NAU109 3.3389e-02 5.7090e-01 6.6170e-02 8.8839e-02 1.7033e-03 1.5081e-02
NAU110 1.0880e-01 8.4436e-01 1.1483e-01 4.2501e-01 1.4063e-02 1.0407e-01
NAU114 1.6599e-01 4.3129e-01 1.5305e-01 7.4695e-01 2.2662e-02 1.7931e-01
NAU117 1.9494e-01 1.6796e-03 7.9519e-01 6.4296e-03 2.0689e-01 4.6679e-02
NAU119 7.4847e-01 5.1567e-03 4.0988e-01 6.2522e-02 2.9437e-01 7.4948e-01
NAU121 6.0623e-01 6.3561e-03 3.3635e-01 9.4308e-02 1.7776e-01 9.6141e-01
NAU123 1.7893e-01 1.6887e-05 9.8745e-01 1.3204e-04 1.9957e-01 8.7720e-03
NAU124 2.1939e-01 2.4297e-01 1.8172e-01 9.8210e-01 3.3283e-02 2.6349e-01
NAU129 3.5014e-01 2.0790e-04 8.5378e-01 1.6954e-03 4.7188e-01 4.7865e-02
NAU130 7.4173e-01 9.7103e-04 5.9658e-01 1.0033e-02 8.9696e-01 2.1308e-01
NAU132 9.0552e-02 5.8505e-01 1.1885e-01 4.1734e-01 5.9488e-03 6.0109e-02
NAU133 8.3282e-01 4.8391e-02 4.7530e-01 2.1136e-01 4.7368e-01 7.8806e-01
NAU134 4.5560e-01 2.8419e-01 3.0945e-01 7.5292e-01 1.7927e-01 6.1455e-01
NAU136 5.0684e-01 4.0227e-02 9.6596e-01 9.8716e-02 6.0174e-01 2.7829e-01
NAU137 5.5346e-01 2.6096e-03 7.8165e-01 1.4578e-02 7.4122e-01 1.5844e-01
NAU139 9.1331e-01 1.4932e-02 5.4283e-01 8.2398e-02 7.4267e-01 4.6720e-01
NAU144 7.5176e-02 9.4526e-01 1.1520e-01 2.4549e-01 5.2671e-03 4.1771e-02
NAU148 3.6088e-02 3.3471e-01 6.2000e-02 7.6939e-02 3.4912e-03 2.1927e-02
NAU149 7.1556e-02 6.2630e-01 1.0991e-01 3.0736e-01 3.2963e-03 3.4605e-02
NAU150 3.5769e-01 1.4504e-01 2.3700e-01 6.4700e-01 8.9313e-02 5.1517e-01
NAU153 2.3228e-01 2.4467e-01 2.0497e-01 9.9133e-01 3.5993e-02 2.5953e-01
NAU154 7.2440e-01 1.1226e-04 5.8616e-01 1.6224e-03 8.7209e-01 1.3312e-01
NAU155 3.5122e-01 8.9763e-02 2.3873e-01 5.4975e-01 7.4553e-02 5.0739e-01
NAU156 7.8099e-01 2.9715e-03 6.3851e-01 2.1073e-02 8.9530e-01 2.7401e-01
NAU157 7.5203e-02 5.8754e-01 1.1270e-01 3.3281e-01 3.5588e-03 3.7621e-02
NAU159 3.9892e-01 5.5361e-02 2.5857e-01 4.1530e-01 9.0231e-02 6.0227e-01
NAU160 5.1970e-01 1.0966e-01 3.1976e-01 4.6375e-01 1.9198e-01 7.6595e-01
NAU161 7.5020e-01 2.9716e-02 4.3792e-01 1.7728e-01 3.5555e-01 8.5546e-01
NAU164 7.5568e-01 7.5651e-04 6.3825e-01 6.7107e-03 8.9973e-01 1.9866e-01
NCS203 2.2876e-02 4.7910e-01 6.0528e-02 4.2821e-02 6.6981e-04 5.8587e-03
NCS204 2.9677e-01 4.0347e-01 2.0133e-01 9.9918e-01 8.5096e-02 4.0087e-01
NCS210 8.9294e-01 3.1877e-02 5.9185e-01 1.2618e-01 8.1427e-01 5.0371e-01
NCS212 8.3249e-01 5.9172e-03 4.4174e-01 6.0325e-02 3.8564e-01 6.4815e-01
NCS213 5.2410e-02 7.6355e-01 9.4903e-02 1.3764e-01 3.1428e-03 2.4065e-02
NCS214 9.0650e-01 1.6402e-02 4.7678e-01 1.0461e-01 5.1108e-01 6.2999e-01
NCS233 9.7569e-01 3.0691e-02 5.1636e-01 1.4117e-01 6.3028e-01 6.0884e-01
NCS234 2.6126e-01 2.2555e-01 1.9768e-01 8.8429e-01 4.9380e-02 3.4072e-01
NCS236 6.6527e-02 3.0869e-05 6.5948e-01 1.6699e-04 5.3565e-02 4.1745e-03
NCS243 6.3843e-01 1.6998e-01 3.6826e-01 4.9475e-01 3.2832e-01 9.0191e-01
NCS248 3.6302e-01 1.1272e-01 2.6138e-01 5.9916e-01 8.3015e-02 4.9892e-01
NCS253 7.4142e-01 1.9202e-02 3.8566e-01 1.4411e-01 3.2935e-01 8.1954e-01
NCS255 1.0487e-01 4.0971e-01 1.3110e-01 5.3273e-01 6.6236e-03 7.0592e-02
NCS263 8.0762e-01 2.4889e-02 4.6133e-01 1.4846e-01 4.1239e-01 7.7215e-01
           CUB048     CUB049     CUB050     CUB052     CUB053     CUB056
CUB000 3.1900e-01 3.4300e-01 4.0000e-02 3.2000e-02 8.2000e-01 4.5000e-02
CUB003 5.9100e-01 5.9600e-01 6.8000e-02 5.4000e-02 6.5200e-01 6.3000e-02
CUB004 1.8400e-01 2.0600e-01 5.0000e-03 8.0000e-03 7.5800e-01 5.0000e-03
CUB007 1.2000e-01 1.3100e-01 1.2000e-02 1.0000e-02 4.0500e-01 1.9000e-02
CUB009 3.2000e-02 4.8000e-02 2.0000e-03 2.0000e-03 2.4700e-01 1.0000e-03
CUB010 3.0900e-01 3.3800e-01 1.4000e-02 2.4000e-02 8.9900e-01 2.5000e-02
CUB011 1.4700e-01 1.6900e-01 1.8000e-02 2.0000e-02 5.1300e-01 1.5000e-02
CUB012 6.4600e-01 6.4600e-01 1.8200e-01 1.1700e-01 8.0400e-01 1.8200e-01
CUB015 1.3500e-01 1.5400e-01 4.6000e-02 2.9000e-02 3.6400e-01 4.4000e-02
CUB016 3.0000e-03 2.0000e-03 4.0000e-03 1.0000e-03 1.0000e-02 3.0000e-03
CUB017 2.0500e-01 2.0500e-01 7.0000e-02 4.6000e-02 4.1000e-01 9.4000e-02
CUB019 2.9800e-01 3.2100e-01 9.8600e-01 7.7400e-01 3.1000e-02 9.3000e-01
CUB026 4.6200e-01 4.9500e-01 5.1000e-02 5.1000e-02 8.9000e-01 3.6000e-02
CUB027 3.3300e-01 3.3800e-01 4.4000e-02 3.3000e-02 9.0400e-01 3.6000e-02
CUB028 8.2700e-01 8.3800e-01 3.0400e-01 2.2100e-01 6.3900e-01 2.8100e-01
CUB029 1.3300e-01 1.3700e-01 2.9000e-02 2.4000e-02 3.4500e-01 3.9000e-02
CUB032 4.0000e-02 5.0000e-02 9.0000e-03 5.0000e-03 1.3100e-01 9.0000e-03
CUB033 1.8000e-02 2.9000e-02 7.0000e-03 4.0000e-03 6.8000e-02 1.3000e-02
CUB036 1.3300e-01 1.3300e-01 3.1000e-02 1.7000e-02 3.6300e-01 3.3000e-02
CUB037 5.5900e-01 5.7300e-01 5.5400e-01 4.4400e-01 1.0300e-01 5.1900e-01
CUB038 1.1300e-01 1.2400e-01 6.8000e-02 4.2000e-02 2.0700e-01 8.2000e-02
CUB040 6.2500e-01 6.6500e-01 8.1000e-02 6.2000e-02 5.9700e-01 6.9000e-02
CUB042 1.5000e-02 1.9000e-02 2.0000e-03 1.0000e-03 6.9000e-02 2.0000e-03
CUB044 1.3000e-01 1.6500e-01 5.0000e-03 6.0000e-03 5.3000e-01 8.0000e-03
CUB048            9.9800e-01 3.2200e-01 2.2700e-01 3.9900e-01 3.0800e-01
CUB049 9.9828e-01            3.6800e-01 2.4200e-01 4.2200e-01 3.3500e-01
CUB050 3.0586e-01 3.2077e-01            8.0100e-01 5.2000e-02 9.5400e-01
CUB052 2.3843e-01 2.4894e-01 7.7764e-01            3.9000e-02 8.5300e-01
CUB053 3.9777e-01 4.0858e-01 5.3328e-02 4.9201e-02            5.4000e-02
CUB056 2.9276e-01 3.0837e-01 9.4294e-01 8.3189e-01 5.2687e-02           
CUB061 9.7907e-04 1.1206e-03 2.3492e-04 2.2637e-04 2.3372e-03 3.9155e-04
NAU101 1.7295e-01 1.8992e-01 4.5230e-03 1.1421e-02 6.8887e-01 3.5412e-03
NAU102 4.7031e-01 4.8631e-01 7.7719e-01 6.2056e-01 1.0905e-01 7.2724e-01
NAU105 7.5444e-01 7.5887e-01 2.3108e-01 1.9904e-01 6.9129e-01 2.2616e-01
NAU106 4.6886e-01 4.8544e-01 6.4758e-01 4.9968e-01 8.2344e-02 5.9385e-01
NAU107 7.9527e-02 8.7876e-02 4.6536e-03 6.9458e-03 3.0686e-01 4.8147e-03
NAU108 5.9484e-01 6.0527e-01 1.0730e-01 1.1099e-01 7.7769e-01 1.0074e-01
NAU109 3.2352e-01 3.3728e-01 9.9362e-01 7.9156e-01 6.4190e-02 9.5276e-01
NAU110 7.5650e-01 7.6312e-01 5.3967e-01 4.2422e-01 2.7668e-01 5.1646e-01
NAU114 8.9183e-01 8.9290e-01 2.3879e-01 1.9602e-01 4.7751e-01 2.2781e-01
NAU117 7.0421e-03 7.6710e-03 1.7433e-03 1.4108e-03 1.8637e-02 2.5435e-03
NAU119 8.3842e-02 9.3994e-02 3.8848e-03 7.6990e-03 3.2022e-01 3.7326e-03
NAU121 1.0515e-01 1.1661e-01 4.1694e-03 7.9255e-03 4.2519e-01 3.8873e-03
NAU123 6.6856e-04 8.7008e-04 2.6612e-05 6.9499e-05 2.5760e-03 3.6487e-05
NAU124 6.7041e-01 6.7739e-01 1.2761e-01 1.1348e-01 6.5906e-01 1.2164e-01
NAU129 3.7200e-03 4.4704e-03 2.3010e-04 3.8058e-04 1.4835e-02 3.0528e-04
NAU130 1.6927e-02 1.9731e-02 8.6288e-04 1.4840e-03 7.2209e-02 9.9901e-04
NAU132 8.7298e-01 8.7892e-01 2.9843e-01 2.4869e-01 2.5590e-01 2.7233e-01
NAU133 1.8036e-01 1.8920e-01 3.4265e-02 3.3480e-02 4.4686e-01 3.7343e-02
NAU134 5.7403e-01 5.8026e-01 1.9063e-01 1.5961e-01 9.6567e-01 1.9407e-01
NAU136 8.1407e-02 8.3397e-02 3.5211e-02 2.5164e-02 1.6061e-01 4.3372e-02
NAU137 2.1285e-02 2.4032e-02 2.5209e-03 3.2848e-03 6.4903e-02 3.1335e-03
NAU139 7.1725e-02 7.6573e-02 1.0713e-02 9.8192e-03 2.1898e-01 1.2605e-02
NAU144 6.2941e-01 6.4147e-01 5.6266e-01 4.4936e-01 1.6763e-01 5.2410e-01
NAU148 2.1173e-01 2.2069e-01 6.0620e-01 7.9188e-01 5.7183e-02 6.5562e-01
NAU149 7.9880e-01 8.0780e-01 3.0262e-01 2.5698e-01 1.9380e-01 2.6915e-01
NAU150 4.5434e-01 4.6403e-01 8.1341e-02 7.2385e-02 9.7395e-01 8.1112e-02
NAU153 6.8238e-01 6.8986e-01 1.3130e-01 1.2380e-01 6.5544e-01 1.2362e-01
NAU154 7.6490e-03 9.6776e-03 1.4029e-04 5.3224e-04 3.8543e-02 1.4119e-04
NAU155 3.8503e-01 3.9729e-01 4.7956e-02 4.8963e-02 9.7791e-01 4.6565e-02
NAU156 3.3885e-02 3.8577e-02 2.7577e-03 4.4853e-03 1.1206e-01 3.1284e-03
NAU157 8.3003e-01 8.3802e-01 2.8081e-01 2.4152e-01 2.0747e-01 2.4911e-01
NAU159 3.0234e-01 3.1560e-01 2.9975e-02 3.3781e-02 8.5080e-01 2.9016e-02
NAU160 3.4616e-01 3.5611e-01 6.7816e-02 6.1616e-02 7.9802e-01 6.9914e-02
NAU161 1.6437e-01 1.7527e-01 2.0678e-02 2.4813e-02 4.5667e-01 2.1607e-02
NAU164 2.0035e-02 2.4001e-02 8.6872e-04 2.2876e-03 7.3522e-02 9.1523e-04
NCS203 2.6168e-01 2.7777e-01 9.5721e-01 8.0155e-01 3.7168e-02 9.8030e-01
NCS204 7.4714e-01 7.5006e-01 2.5722e-01 2.0216e-01 7.2547e-01 2.5698e-01
NCS210 1.0587e-01 1.1094e-01 2.3888e-02 2.0119e-02 2.6723e-01 2.7923e-02
NCS212 7.5518e-02 8.4231e-02 4.4339e-03 7.5270e-03 2.7782e-01 4.5146e-03
NCS213 4.4535e-01 4.6003e-01 8.0932e-01 6.3691e-01 1.0124e-01 7.6082e-01
NCS214 9.8720e-02 1.0631e-01 1.1604e-02 1.3021e-02 3.0383e-01 1.2813e-02
NCS233 1.1966e-01 1.2611e-01 2.1977e-02 2.0034e-02 3.1982e-01 2.5001e-02
NCS234 6.1251e-01 6.2008e-01 1.2303e-01 1.0696e-01 7.5286e-01 1.1965e-01
NCS236 3.9307e-04 4.7602e-04 4.4081e-05 5.6571e-05 1.2545e-03 7.2574e-05
NCS243 3.7720e-01 3.8375e-01 1.1647e-01 9.3446e-02 7.5036e-01 1.2358e-01
NCS248 4.2941e-01 4.4162e-01 6.3182e-02 6.5104e-02 9.8841e-01 6.1146e-02
NCS253 1.2365e-01 1.3242e-01 1.2216e-02 1.3578e-02 4.0319e-01 1.3074e-02
NCS255 9.8586e-01 9.8436e-01 1.9301e-01 1.7515e-01 3.1682e-01 1.7182e-01
NCS263 1.4220e-01 1.5230e-01 1.7753e-02 2.1398e-02 4.0130e-01 1.8812e-02
           CUB061     NAU101     NAU102     NAU105     NAU106     NAU107
CUB000 7.0000e-03 9.3000e-01 9.3000e-02 5.9500e-01 6.2000e-02 4.7700e-01
CUB003 1.0000e-03 1.9300e-01 1.1300e-01 9.4200e-01 9.9000e-02 7.9000e-02
CUB004 2.0000e-03 9.1300e-01 1.0000e-02 4.6700e-01 7.0000e-03 3.0900e-01
CUB007 1.1000e-02 4.6300e-01 3.8000e-02 3.2700e-01 2.0000e-02 9.8000e-01
CUB009 2.0000e-03 1.1200e-01 2.0000e-03 1.7400e-01 1.0000e-03 9.7800e-01
CUB010 3.0000e-03 8.1600e-01 4.3000e-02 6.0600e-01 3.3000e-02 3.3800e-01
CUB011 9.0000e-03 5.8100e-01 4.4000e-02 3.7400e-01 3.7000e-02 8.6000e-01
CUB012 2.0000e-03 5.4500e-01 2.8800e-01 9.0400e-01 2.7000e-01 2.6200e-01
CUB015 7.7000e-02 4.2700e-01 8.5000e-02 3.1900e-01 4.8000e-02 7.3800e-01
CUB016 7.4600e-01 9.0000e-03 8.0000e-03 1.7000e-02 1.0000e-03 4.1000e-02
CUB017 1.3600e-01 4.6200e-01 1.4600e-01 3.7200e-01 1.0300e-01 7.3700e-01
CUB019 1.0000e-03 1.0000e-03 7.7900e-01 2.4100e-01 6.7600e-01 2.0000e-03
CUB026 1.0000e-03 4.4200e-01 9.7000e-02 7.8900e-01 6.3000e-02 2.1300e-01
CUB027 4.0000e-03 8.3100e-01 8.7000e-02 5.9900e-01 5.8000e-02 3.9700e-01
CUB028 4.0000e-03 3.4300e-01 4.4000e-01 9.2600e-01 4.3600e-01 2.1000e-01
CUB029 5.1000e-02 4.1700e-01 6.6000e-02 3.1000e-01 4.1000e-02 7.6300e-01
CUB032 7.4000e-02 1.2900e-01 1.7000e-02 1.3000e-01 7.0000e-03 4.6400e-01
CUB033 2.8500e-01 8.6000e-02 2.1000e-02 7.7000e-02 9.0000e-03 1.9800e-01
CUB036 5.5000e-02 4.0500e-01 7.2000e-02 3.0900e-01 3.8000e-02 8.2100e-01
CUB037 1.0000e-03 4.0000e-03 7.9800e-01 3.9700e-01 8.7700e-01 1.2000e-02
CUB038 4.9100e-01 2.6700e-01 1.1300e-01 2.4900e-01 8.1000e-02 3.8200e-01
CUB040 1.0000e-03 1.5200e-01 1.3900e-01 9.8100e-01 1.3200e-01 7.9000e-02
CUB042 3.2000e-02 5.9000e-02 1.0000e-03 6.5000e-02 2.0000e-03 3.4500e-01
CUB044 7.0000e-03 6.3100e-01 2.4000e-02 3.6800e-01 1.4000e-02 7.1500e-01
CUB048 2.0000e-03 1.6900e-01 4.6900e-01 7.6400e-01 4.9100e-01 8.0000e-02
CUB049 2.0000e-03 1.7600e-01 5.1200e-01 7.5900e-01 4.8300e-01 8.6000e-02
CUB050 1.0000e-03 2.0000e-03 8.0300e-01 2.4300e-01 6.7300e-01 3.0000e-03
CUB052 1.0000e-03 9.0000e-03 6.3700e-01 1.7500e-01 4.9600e-01 7.0000e-03
CUB053 4.0000e-03 7.0100e-01 1.1600e-01 7.0400e-01 8.4000e-02 3.1700e-01
CUB056 2.0000e-03 5.0000e-03 7.5100e-01 2.3800e-01 6.0700e-01 7.0000e-03
CUB061            3.0000e-03 2.0000e-03 6.0000e-03 1.0000e-03 7.0000e-03
NAU101 1.8160e-03            5.0000e-03 4.4700e-01 3.0000e-03 3.4400e-01
NAU102 1.0049e-03 7.7584e-03            3.6800e-01 9.0300e-01 1.3000e-02
NAU105 7.3014e-03 4.2215e-01 3.5420e-01            3.6600e-01 2.3300e-01
NAU106 2.3294e-04 3.0863e-03 8.9781e-01 3.2578e-01            6.0000e-03
NAU107 9.4743e-03 3.1988e-01 1.1458e-02 2.2831e-01 5.0662e-03           
NAU108 4.9393e-03 3.9247e-01 1.8141e-01 8.8215e-01 1.4807e-01 1.9995e-01
NAU109 3.0599e-04 8.7714e-03 7.8668e-01 2.5044e-01 6.6513e-01 7.0276e-03
NAU110 1.3321e-03 1.1471e-01 7.2616e-01 5.8448e-01 7.6101e-01 5.9033e-02
NAU114 1.5415e-03 2.0662e-01 3.8088e-01 8.4325e-01 3.6629e-01 9.9069e-02
NAU117 5.2511e-01 2.0191e-02 5.8740e-03 3.2933e-02 2.0859e-03 6.7857e-02
NAU119 1.0042e-02 2.7325e-01 8.2543e-03 2.3612e-01 3.2486e-03 9.4255e-01
NAU121 4.5885e-03 4.6236e-01 9.1406e-03 2.8734e-01 3.8387e-03 7.0950e-01
NAU123 1.6994e-01 3.6807e-04 1.0051e-04 5.9952e-03 1.5436e-05 1.7676e-02
NAU124 1.8401e-03 3.2310e-01 2.2515e-01 9.6958e-01 1.9700e-01 1.4712e-01
NAU129 1.0765e-01 6.8187e-03 8.2377e-04 2.2646e-02 1.9956e-04 8.6518e-02
NAU130 3.1463e-02 4.4111e-02 2.5372e-03 7.2752e-02 7.8856e-04 3.5729e-01
NAU132 5.5739e-04 3.7850e-02 4.6898e-01 6.2269e-01 4.7991e-01 2.6501e-02
NAU133 3.7009e-02 5.2523e-01 6.9849e-02 3.6740e-01 4.4109e-02 9.9133e-01
NAU134 1.8185e-02 7.6464e-01 2.9827e-01 8.0780e-01 2.6012e-01 4.6109e-01
NAU136 4.0742e-01 2.0104e-01 7.3076e-02 1.8660e-01 4.4999e-02 3.4400e-01
NAU137 1.2115e-01 4.7115e-02 6.9774e-03 7.8685e-02 2.5342e-03 2.4260e-01
NAU139 4.3295e-02 2.5575e-01 2.7310e-02 1.9564e-01 1.4372e-02 6.4077e-01
NAU144 8.1279e-04 2.3600e-02 7.7338e-01 4.6324e-01 8.3415e-01 1.9705e-02
NAU148 8.8234e-04 1.9395e-02 5.0805e-01 1.9823e-01 3.9661e-01 1.2779e-02
NAU149 3.7018e-04 1.0701e-02 4.7998e-01 5.5093e-01 5.0091e-01 1.3497e-02
NAU150 4.2276e-03 6.9058e-01 1.5311e-01 7.3553e-01 1.2170e-01 3.3539e-01
NAU153 2.6234e-03 2.9507e-01 2.2458e-01 9.7619e-01 1.9495e-01 1.4448e-01
NAU154 2.0402e-02 4.0203e-03 3.2870e-04 4.1454e-02 6.2475e-05 2.6348e-01
NAU155 3.0898e-03 6.9636e-01 9.5792e-02 6.7496e-01 6.9693e-02 3.1073e-01
NAU156 5.5843e-02 7.0984e-02 6.8396e-03 1.1391e-01 2.4731e-03 4.2202e-01
NAU157 3.8557e-04 1.2019e-02 4.5002e-01 5.7357e-01 4.6507e-01 1.4704e-02
NAU159 3.3603e-03 8.4867e-01 6.2466e-02 5.7820e-01 4.1349e-02 3.7507e-01
NAU160 1.1580e-02 9.9714e-01 1.2818e-01 5.9432e-01 9.5612e-02 5.6060e-01
NAU161 2.1926e-02 5.2178e-01 4.2946e-02 3.5576e-01 2.4429e-02 9.0243e-01
NAU164 4.4497e-02 1.7276e-02 1.9369e-03 7.8744e-02 5.0658e-04 3.3851e-01
NCS203 1.6139e-04 1.3376e-03 7.1692e-01 1.9297e-01 5.7328e-01 2.3423e-03
NCS204 6.0508e-03 5.1198e-01 3.9144e-01 9.8507e-01 3.6621e-01 2.7709e-01
NCS210 7.6686e-02 3.1789e-01 5.3505e-02 2.4670e-01 3.1849e-02 6.5497e-01
NCS212 1.4136e-02 2.4703e-01 1.0128e-02 2.1555e-01 4.1998e-03 9.2415e-01
NCS213 6.1567e-04 1.1998e-02 9.7070e-01 3.3597e-01 8.6809e-01 1.1316e-02
NCS214 2.6050e-02 3.3662e-01 2.7373e-02 2.4977e-01 1.4287e-02 8.5200e-01
NCS233 4.4823e-02 3.7734e-01 4.9415e-02 2.7586e-01 2.9188e-02 7.9349e-01
NCS234 2.6207e-03 4.4042e-01 2.1791e-01 9.0337e-01 1.8766e-01 2.0431e-01
NCS236 5.7156e-01 6.3456e-04 2.1506e-04 3.8290e-03 3.9389e-05 7.2842e-03
NCS243 2.8884e-02 9.0433e-01 2.0029e-01 6.0033e-01 1.6053e-01 7.2918e-01
NCS248 4.7099e-03 6.6370e-01 1.1828e-01 7.1399e-01 8.8599e-02 3.1170e-01
NCS253 1.1778e-02 4.8466e-01 2.9207e-02 3.0278e-01 1.5943e-02 9.2236e-01
NCS255 5.5937e-04 3.8010e-02 3.2354e-01 7.2110e-01 3.1382e-01 2.9647e-02
NCS263 2.5591e-02 4.4440e-01 3.7693e-02 3.2014e-01 2.0740e-02 9.9212e-01
           NAU108     NAU109     NAU110     NAU114     NAU117     NAU119
CUB000 6.3700e-01 3.8000e-02 2.0600e-01 3.9800e-01 2.7000e-02 4.9400e-01
CUB003 9.0600e-01 7.3000e-02 4.0700e-01 7.1600e-01 5.0000e-03 6.0000e-02
CUB004 4.8800e-01 1.3000e-02 1.2400e-01 2.4200e-01 1.1000e-02 3.0500e-01
CUB007 3.0200e-01 1.0000e-02 9.0000e-02 1.4800e-01 7.8000e-02 9.3800e-01
CUB009 9.2000e-02 2.0000e-03 3.0000e-02 3.7000e-02 2.8000e-02 9.4500e-01
CUB010 6.7500e-01 2.4000e-02 2.2300e-01 3.8500e-01 9.0000e-03 3.3900e-01
CUB011 3.7900e-01 2.5000e-02 1.0800e-01 2.0600e-01 5.7000e-02 9.0900e-01
CUB012 9.9300e-01 1.6200e-01 4.9500e-01 7.2800e-01 1.7000e-02 2.9700e-01
CUB015 3.5100e-01 4.7000e-02 1.2100e-01 2.0100e-01 2.3500e-01 7.3000e-01
CUB016 1.9000e-02 1.0000e-03 9.0000e-03 1.0000e-02 7.8000e-01 4.5000e-02
CUB017 3.5900e-01 7.5000e-02 1.6700e-01 2.5300e-01 3.2700e-01 7.4700e-01
CUB019 8.0000e-02 9.7500e-01 5.6900e-01 2.1500e-01 2.0000e-03 2.0000e-03
CUB026 8.9000e-01 6.2000e-02 3.4500e-01 5.4200e-01 1.2000e-02 1.8200e-01
CUB027 7.0100e-01 3.0000e-02 2.4600e-01 4.3800e-01 1.8000e-02 3.9200e-01
CUB028 8.1900e-01 2.8200e-01 6.8300e-01 9.4100e-01 1.9000e-02 2.1900e-01
CUB029 2.9600e-01 3.0000e-02 1.3000e-01 1.6000e-01 1.9700e-01 7.2700e-01
CUB032 1.3200e-01 1.2000e-02 4.4000e-02 7.0000e-02 2.5800e-01 4.2000e-01
CUB033 8.6000e-02 1.0000e-02 2.0000e-02 2.6000e-02 6.7800e-01 2.1600e-01
CUB036 3.2300e-01 3.1000e-02 1.1600e-01 1.7500e-01 1.8900e-01 7.6500e-01
CUB037 1.7700e-01 5.8400e-01 8.4200e-01 4.5900e-01 2.0000e-03 7.0000e-03
CUB038 2.6200e-01 6.8000e-02 1.2100e-01 1.5200e-01 8.1300e-01 4.4300e-01
CUB040 8.7000e-01 8.5000e-02 4.4700e-01 7.7700e-01 6.0000e-03 6.5000e-02
CUB042 5.1000e-02 2.0000e-03 1.3000e-02 2.1000e-02 1.8300e-01 3.0200e-01
CUB044 3.4800e-01 6.0000e-03 1.0200e-01 1.8100e-01 3.4000e-02 7.6000e-01
CUB048 6.3000e-01 3.0600e-01 7.6100e-01 9.0500e-01 2.0000e-03 7.4000e-02
CUB049 6.2900e-01 3.4500e-01 7.8300e-01 8.9100e-01 6.0000e-03 9.1000e-02
CUB050 1.0200e-01 9.9100e-01 5.8300e-01 2.4600e-01 2.0000e-03 5.0000e-03
CUB052 1.0900e-01 8.0500e-01 4.3600e-01 1.8300e-01 1.0000e-03 2.0000e-03
CUB053 7.7600e-01 6.1000e-02 2.8200e-01 4.9900e-01 1.0000e-02 3.4800e-01
CUB056 9.0000e-02 9.5000e-01 5.1300e-01 2.5700e-01 3.0000e-03 5.0000e-03
CUB061 6.0000e-03 1.0000e-03 1.0000e-03 1.0000e-03 5.4500e-01 1.3000e-02
NAU101 3.6500e-01 6.0000e-03 1.0400e-01 2.0100e-01 1.2000e-02 2.6000e-01
NAU102 2.0400e-01 7.9700e-01 7.4000e-01 3.8700e-01 7.0000e-03 1.0000e-02
NAU105 9.0300e-01 2.4900e-01 5.9100e-01 8.6200e-01 2.1000e-02 2.4200e-01
NAU106 1.4700e-01 6.7000e-01 7.6300e-01 3.8300e-01 1.0000e-03 4.0000e-03
NAU107 2.0800e-01 4.0000e-03 5.2000e-02 1.0900e-01 5.8000e-02 9.4800e-01
NAU108            1.1600e-01 4.4700e-01 6.9900e-01 2.3000e-02 1.8700e-01
NAU109 1.2937e-01            5.6400e-01 2.8100e-01 1.0000e-03 7.0000e-03
NAU110 4.3801e-01 5.5176e-01            7.0200e-01 5.0000e-03 6.8000e-02
NAU114 6.8236e-01 2.5932e-01 6.6561e-01            4.0000e-03 9.5000e-02
NAU117 2.8278e-02 2.0782e-03 7.5784e-03 1.0466e-02            5.9000e-02
NAU119 1.8750e-01 6.5444e-03 6.3332e-02 1.0023e-01 6.9962e-02           
NAU121 2.5027e-01 7.0241e-03 7.4350e-02 1.2798e-01 4.0524e-02 7.4088e-01
NAU123 2.1061e-03 5.2068e-05 8.2426e-04 8.6960e-04 6.3285e-01 1.1248e-02
NAU124 8.8716e-01 1.4662e-01 4.8171e-01 7.7292e-01 1.3474e-02 1.4634e-01
NAU129 1.2908e-02 3.7147e-04 3.7995e-03 5.0330e-03 4.3715e-01 6.9092e-02
NAU130 4.8840e-02 1.3986e-03 1.4550e-02 2.1701e-02 1.8095e-01 3.0085e-01
NAU132 4.1105e-01 3.2703e-01 8.4183e-01 7.4886e-01 4.7799e-03 2.1242e-02
NAU133 3.6844e-01 4.0895e-02 1.4473e-01 2.1790e-01 1.4067e-01 9.5296e-01
NAU134 8.8184e-01 2.0404e-01 4.5552e-01 6.4846e-01 6.6158e-02 4.8756e-01
NAU136 1.9269e-01 3.7019e-02 7.6436e-02 1.0560e-01 7.2647e-01 3.5194e-01
NAU137 5.8069e-02 3.5162e-03 2.0246e-02 2.7363e-02 3.9579e-01 2.1401e-01
NAU139 1.8964e-01 1.3052e-02 5.8009e-02 9.3235e-02 1.8136e-01 6.0661e-01
NAU144 2.7931e-01 5.8211e-01 9.0239e-01 5.2676e-01 5.4118e-03 1.6383e-02
NAU148 1.2245e-01 6.2264e-01 3.5980e-01 1.8292e-01 3.5844e-03 1.4826e-02
NAU149 3.1779e-01 3.3622e-01 8.9446e-01 6.6674e-01 3.5553e-03 8.5401e-03
NAU150 8.2181e-01 9.4146e-02 3.2893e-01 5.3490e-01 2.6666e-02 3.5165e-01
NAU153 8.7881e-01 1.5316e-01 4.9622e-01 7.8233e-01 1.7332e-02 1.3740e-01
NAU154 1.6221e-02 3.1922e-04 6.9645e-03 8.8664e-03 1.5217e-01 1.7731e-01
NAU155 7.5159e-01 5.9799e-02 2.7025e-01 4.5953e-01 2.2973e-02 3.1651e-01
NAU156 8.0562e-02 4.1956e-03 3.0123e-02 4.1486e-02 2.3468e-01 3.6399e-01
NAU157 3.3779e-01 3.1464e-01 8.6534e-01 6.9682e-01 3.7210e-03 9.3234e-03
NAU159 6.2843e-01 3.9354e-02 2.1060e-01 3.6481e-01 2.6022e-02 3.8200e-01
NAU160 6.4253e-01 7.8434e-02 2.6077e-01 4.0949e-01 5.6580e-02 5.8889e-01
NAU161 3.4171e-01 2.7149e-02 1.2825e-01 1.9715e-01 1.0238e-01 9.4401e-01
NAU164 4.0419e-02 1.6284e-03 1.8532e-02 2.3177e-02 2.1688e-01 2.5612e-01
NCS203 7.4105e-02 9.6689e-01 4.9306e-01 1.9558e-01 1.3253e-03 1.6159e-03
NCS204 9.0977e-01 2.6951e-01 5.8144e-01 8.3497e-01 2.7805e-02 3.0092e-01
NCS210 2.4751e-01 2.7325e-02 8.8582e-02 1.3412e-01 2.4541e-01 6.3001e-01
NCS212 1.7549e-01 6.9656e-03 5.8338e-02 9.1669e-02 8.8509e-02 8.6026e-01
NCS213 1.8143e-01 8.1474e-01 6.9894e-01 3.6229e-01 3.9221e-03 9.5342e-03
NCS214 2.3411e-01 1.5141e-02 7.7900e-02 1.2299e-01 1.2481e-01 8.0401e-01
NCS233 2.7470e-01 2.6026e-02 9.6834e-02 1.4984e-01 1.7077e-01 7.5799e-01
NCS234 9.7385e-01 1.3971e-01 4.4414e-01 7.0799e-01 1.7549e-02 2.1071e-01
NCS236 2.0719e-03 6.6176e-05 5.2155e-04 6.1027e-04 8.1723e-01 6.6026e-03
NCS243 6.4746e-01 1.2507e-01 3.0040e-01 4.4036e-01 1.0065e-01 7.6324e-01
NCS248 7.9212e-01 7.7662e-02 3.0982e-01 5.0447e-01 2.9735e-02 3.1405e-01
NCS253 2.9719e-01 1.6095e-02 9.1890e-02 1.5469e-01 7.1835e-02 9.6871e-01
NCS255 4.9324e-01 2.2366e-01 7.0910e-01 8.8364e-01 5.2497e-03 2.1439e-02
NCS263 3.0167e-01 2.3394e-02 1.1231e-01 1.7140e-01 1.1613e-01 9.6233e-01
           NAU121     NAU123     NAU124     NAU129     NAU130     NAU132
CUB000 6.3200e-01 8.0000e-03 5.2500e-01 3.1000e-02 1.2100e-01 1.8500e-01
CUB003 8.0000e-02 1.0000e-03 9.6300e-01 3.0000e-03 3.0000e-03 3.9700e-01
CUB004 4.7900e-01 1.0000e-03 3.8400e-01 9.0000e-03 4.2000e-02 5.6000e-02
CUB007 7.6200e-01 3.9000e-02 2.1100e-01 1.5100e-01 4.9000e-01 6.2000e-02
CUB009 6.4800e-01 7.0000e-03 7.4000e-02 2.6000e-02 2.1800e-01 5.0000e-03
CUB010 4.6900e-01 1.0000e-03 5.3400e-01 6.0000e-03 5.9000e-02 1.7000e-01
CUB011 9.4400e-01 2.7000e-02 2.9300e-01 9.2000e-02 3.4000e-01 6.5000e-02
CUB012 3.7800e-01 3.0000e-03 9.1700e-01 1.9000e-02 7.9000e-02 5.1200e-01
CUB015 6.1400e-01 2.7200e-01 2.8100e-01 4.7500e-01 8.5400e-01 1.2600e-01
CUB016 1.7000e-02 4.1700e-01 2.0000e-03 2.5200e-01 1.0500e-01 3.0000e-03
CUB017 6.3200e-01 4.3100e-01 3.0700e-01 6.1500e-01 9.3700e-01 1.6000e-01
CUB019 5.0000e-03 1.0000e-03 1.1400e-01 2.0000e-03 1.0000e-03 2.6200e-01
CUB026 2.7100e-01 3.0000e-03 7.5600e-01 7.0000e-03 2.6000e-02 2.6800e-01
CUB027 5.2200e-01 3.0000e-03 5.8900e-01 1.8000e-02 8.6000e-02 1.8900e-01
CUB028 2.7100e-01 8.0000e-03 8.9000e-01 1.4000e-02 6.3000e-02 7.1900e-01
CUB029 6.2100e-01 2.4100e-01 2.2900e-01 4.3600e-01 7.8300e-01 9.7000e-02
CUB032 2.8800e-01 2.9200e-01 8.0000e-02 5.2500e-01 9.6400e-01 1.9000e-02
CUB033 1.4000e-01 9.4300e-01 4.0000e-02 8.0900e-01 4.4100e-01 1.9000e-02
CUB036 6.3900e-01 2.0400e-01 2.4700e-01 3.6200e-01 7.7400e-01 1.1300e-01
CUB037 6.0000e-03 1.0000e-03 2.4200e-01 2.0000e-03 1.0000e-03 5.8500e-01
CUB038 3.3500e-01 9.8500e-01 1.8700e-01 8.6600e-01 6.0000e-01 1.1300e-01
CUB040 7.5000e-02 1.0000e-03 9.8300e-01 2.0000e-03 4.0000e-03 4.2000e-01
CUB042 1.7900e-01 2.0600e-01 3.0000e-02 4.9300e-01 8.9800e-01 7.0000e-03
CUB044 9.5400e-01 6.0000e-03 2.5700e-01 3.9000e-02 2.1300e-01 4.9000e-02
CUB048 9.7000e-02 1.0000e-03 6.9900e-01 3.0000e-03 1.5000e-02 8.5700e-01
CUB049 1.1400e-01 2.0000e-03 6.9800e-01 5.0000e-03 1.4000e-02 8.8900e-01
CUB050 6.0000e-03 1.0000e-03 1.3100e-01 1.0000e-03 2.0000e-03 3.0300e-01
CUB052 5.0000e-03 1.0000e-03 9.7000e-02 1.0000e-03 3.0000e-03 2.4400e-01
CUB053 4.4200e-01 2.0000e-03 6.7100e-01 1.1000e-02 6.3000e-02 2.6600e-01
CUB056 3.0000e-03 1.0000e-03 1.2100e-01 1.0000e-03 3.0000e-03 2.7600e-01
CUB061 4.0000e-03 1.4200e-01 1.0000e-03 9.5000e-02 2.3000e-02 2.0000e-03
NAU101 4.5300e-01 2.0000e-03 3.1900e-01 5.0000e-03 3.2000e-02 3.8000e-02
NAU102 7.0000e-03 1.0000e-03 2.4000e-01 1.0000e-03 3.0000e-03 4.9200e-01
NAU105 2.8600e-01 7.0000e-03 9.6800e-01 1.7000e-02 6.3000e-02 6.1700e-01
NAU106 4.0000e-03 1.0000e-03 1.8400e-01 1.0000e-03 1.0000e-03 5.1600e-01
NAU107 7.2400e-01 2.3000e-02 1.4000e-01 8.0000e-02 3.5200e-01 2.6000e-02
NAU108 2.6500e-01 1.0000e-03 8.7900e-01 1.1000e-02 4.9000e-02 4.3300e-01
NAU109 7.0000e-03 1.0000e-03 1.4400e-01 1.0000e-03 3.0000e-03 3.2300e-01
NAU110 7.2000e-02 1.0000e-03 5.1500e-01 3.0000e-03 1.2000e-02 8.3700e-01
NAU114 1.3700e-01 1.0000e-03 8.1000e-01 8.0000e-03 2.1000e-02 7.4200e-01
NAU117 3.2000e-02 6.6100e-01 1.1000e-02 4.2000e-01 1.5700e-01 2.0000e-03
NAU119 7.4200e-01 1.1000e-02 1.3900e-01 6.2000e-02 2.9000e-01 1.9000e-02
NAU121            5.0000e-03 1.9700e-01 2.1000e-02 1.7100e-01 2.0000e-02
NAU123 3.8994e-03            1.0000e-03 6.0900e-01 1.3300e-01 1.0000e-03
NAU124 1.9482e-01 1.0645e-03            7.0000e-03 2.9000e-02 5.1800e-01
NAU129 3.2338e-02 5.9046e-01 6.8094e-03            3.6700e-01 2.0000e-03
NAU130 1.7296e-01 1.2781e-01 3.1160e-02 3.7162e-01            4.0000e-03
NAU132 2.8011e-02 9.1409e-05 5.0240e-01 9.3558e-04 4.2490e-03           
NAU133 7.9458e-01 8.4995e-02 2.8774e-01 2.0717e-01 5.1745e-01 1.1150e-01
NAU134 5.6990e-01 2.8481e-02 7.9355e-01 7.3854e-02 1.9684e-01 4.7058e-01
NAU136 2.7496e-01 9.3171e-01 1.2939e-01 8.7744e-01 5.7021e-01 7.3975e-02
NAU137 1.2997e-01 4.5137e-01 3.5925e-02 7.7692e-01 6.4673e-01 8.3744e-03
NAU139 4.5572e-01 1.6487e-01 1.2963e-01 3.5660e-01 8.1756e-01 4.1223e-02
NAU144 1.9492e-02 1.3406e-04 3.3538e-01 1.0551e-03 3.9175e-03 6.8322e-01
NAU148 1.4378e-02 3.4645e-04 1.1608e-01 1.2833e-03 3.8103e-03 2.1909e-01
NAU149 1.1467e-02 2.9900e-05 4.1483e-01 4.2922e-04 1.9049e-03 9.1190e-01
NAU150 4.4940e-01 5.0369e-03 7.1067e-01 2.2990e-02 9.3720e-02 3.1749e-01
NAU153 1.8351e-01 1.1491e-03 9.9230e-01 7.5443e-03 3.1633e-02 5.0573e-01
NAU154 7.7296e-02 6.3717e-02 1.2195e-02 2.8937e-01 9.8902e-01 6.6714e-04
NAU155 4.2581e-01 2.5481e-03 6.3565e-01 1.5626e-02 7.2821e-02 2.3282e-01
NAU156 2.2858e-01 1.6832e-01 5.5701e-02 4.1779e-01 9.8541e-01 1.0369e-02
NAU157 1.2648e-02 3.1819e-05 4.3922e-01 4.5981e-04 2.0615e-03 9.5339e-01
NAU159 5.1891e-01 2.7912e-03 5.1859e-01 1.8217e-02 8.7630e-02 1.6088e-01
NAU160 7.1792e-01 1.9000e-02 5.4075e-01 6.3703e-02 2.0779e-01 2.3657e-01
NAU161 8.6801e-01 3.6352e-02 2.6876e-01 1.2317e-01 3.7924e-01 8.0813e-02
NAU164 1.3598e-01 1.1764e-01 3.0351e-02 3.7274e-01 9.9883e-01 3.2383e-03
NCS203 1.7039e-03 1.0021e-05 9.5126e-02 1.1263e-04 4.0590e-04 2.3607e-01
NCS204 3.5670e-01 9.7082e-03 9.8963e-01 2.9840e-02 9.6688e-02 6.3968e-01
NCS210 4.9688e-01 2.5370e-01 1.7695e-01 4.5509e-01 8.8334e-01 7.2592e-02
NCS212 6.2752e-01 2.3229e-02 1.3220e-01 1.0845e-01 4.1162e-01 2.2504e-02
NCS213 1.0620e-02 8.9481e-05 2.1511e-01 6.7134e-04 2.3504e-03 4.5723e-01
NCS214 6.2085e-01 6.8394e-02 1.7133e-01 1.9734e-01 5.6243e-01 4.7803e-02
NCS233 6.0465e-01 1.3901e-01 2.0150e-01 3.0096e-01 6.9294e-01 7.4601e-02
NCS234 2.7349e-01 2.1681e-03 9.1661e-01 1.1477e-02 4.9463e-02 4.5850e-01
NCS236 2.5625e-03 3.1845e-01 7.6234e-04 1.7842e-01 3.7478e-02 1.3699e-04
NCS243 8.7510e-01 6.9957e-02 5.5189e-01 1.5251e-01 3.6715e-01 3.0192e-01
NCS248 4.1582e-01 3.4738e-03 6.8027e-01 1.9303e-02 7.9742e-02 2.7056e-01
NCS253 8.3234e-01 2.6840e-02 2.2241e-01 1.0101e-01 3.6142e-01 5.9208e-02
NCS255 3.0082e-02 7.1182e-05 6.1057e-01 9.0334e-04 4.2962e-03 8.1450e-01
NCS263 7.7393e-01 4.7440e-02 2.3352e-01 1.5047e-01 4.4398e-01 6.8542e-02
           NAU133     NAU134     NAU136     NAU137     NAU139     NAU144
CUB000 6.0200e-01 8.6200e-01 1.9900e-01 9.8000e-02 3.1900e-01 1.1900e-01
CUB003 2.4600e-01 8.0300e-01 9.4000e-02 1.7000e-02 8.4000e-02 1.9500e-01
CUB004 5.3800e-01 8.0300e-01 1.6900e-01 3.9000e-02 2.2300e-01 1.6000e-02
CUB007 9.9100e-01 5.4600e-01 3.8700e-01 3.4400e-01 7.0900e-01 3.3000e-02
CUB009 9.8200e-01 4.0600e-01 2.9600e-01 1.6700e-01 6.0400e-01 5.0000e-03
CUB010 5.0100e-01 8.9200e-01 1.7400e-01 6.7000e-02 2.3600e-01 1.0200e-01
CUB011 8.9200e-01 6.0100e-01 3.3600e-01 2.6600e-01 5.9800e-01 5.6000e-02
CUB012 4.3400e-01 8.9200e-01 1.6100e-01 6.6000e-02 2.0000e-01 4.1000e-01
CUB015 8.1200e-01 4.8600e-01 5.6500e-01 6.6900e-01 9.8400e-01 1.0500e-01
CUB016 8.3000e-02 3.7000e-02 5.7200e-01 2.9000e-01 1.0400e-01 3.0000e-03
CUB017 8.0400e-01 4.8800e-01 6.5000e-01 7.6100e-01 9.6100e-01 1.5100e-01
CUB019 2.5000e-02 1.8300e-01 2.1000e-02 3.0000e-03 6.0000e-03 5.8200e-01
CUB026 4.0400e-01 9.4700e-01 1.7400e-01 3.6000e-02 1.8000e-01 1.7100e-01
CUB027 5.1600e-01 9.1900e-01 2.0200e-01 6.8000e-02 2.7600e-01 1.1700e-01
CUB028 3.2700e-01 7.4400e-01 1.6400e-01 6.5000e-02 1.6100e-01 5.4600e-01
CUB029 8.4100e-01 4.6600e-01 5.3000e-01 5.9300e-01 9.6100e-01 8.3000e-02
CUB032 6.0300e-01 2.7700e-01 6.2700e-01 7.5100e-01 8.2000e-01 1.8000e-02
CUB033 3.3400e-01 1.3800e-01 9.7900e-01 7.1000e-01 3.8900e-01 1.7000e-02
CUB036 8.5000e-01 4.6100e-01 5.4700e-01 5.9200e-01 9.1900e-01 6.7000e-02
CUB037 5.1000e-02 2.7400e-01 4.4000e-02 6.0000e-03 1.5000e-02 9.6200e-01
CUB038 5.1900e-01 3.1600e-01 9.6700e-01 7.8000e-01 5.7000e-01 9.3000e-02
CUB040 2.3800e-01 7.7000e-01 9.7000e-02 2.1000e-02 8.3000e-02 2.4700e-01
CUB042 4.9000e-01 1.6900e-01 6.2000e-01 7.6800e-01 7.4000e-01 3.0000e-03
CUB044 8.0200e-01 6.1600e-01 2.9500e-01 1.5900e-01 4.8800e-01 2.8000e-02
CUB048 1.8000e-01 6.0900e-01 6.1000e-02 2.2000e-02 6.5000e-02 6.4400e-01
CUB049 1.8300e-01 5.9200e-01 7.5000e-02 1.5000e-02 6.9000e-02 6.4100e-01
CUB050 3.4000e-02 1.9600e-01 3.3000e-02 3.0000e-03 1.0000e-02 5.6300e-01
CUB052 2.7000e-02 1.4200e-01 1.7000e-02 5.0000e-03 1.0000e-02 4.6300e-01
CUB053 4.7300e-01 9.6800e-01 1.5500e-01 6.4000e-02 2.2000e-01 1.7400e-01
CUB056 4.2000e-02 2.0600e-01 4.3000e-02 2.0000e-03 1.2000e-02 5.4000e-01
CUB061 3.2000e-02 1.4000e-02 3.9700e-01 1.1500e-01 3.1000e-02 1.0000e-03
NAU101 5.7400e-01 7.7500e-01 1.8100e-01 3.7000e-02 2.5200e-01 1.3000e-02
NAU102 7.1000e-02 2.9800e-01 5.6000e-02 7.0000e-03 1.7000e-02 7.9100e-01
NAU105 4.0900e-01 8.3600e-01 1.8300e-01 7.3000e-02 1.9900e-01 4.7800e-01
NAU106 3.7000e-02 2.6900e-01 3.9000e-02 3.0000e-03 7.0000e-03 8.5000e-01
NAU107 9.9400e-01 4.8300e-01 3.5200e-01 2.3100e-01 6.4600e-01 1.9000e-02
NAU108 4.1900e-01 8.9400e-01 2.0000e-01 5.3000e-02 1.8800e-01 2.6000e-01
NAU109 4.4000e-02 2.0500e-01 2.8000e-02 4.0000e-03 9.0000e-03 5.9600e-01
NAU110 1.4700e-01 4.8800e-01 7.8000e-02 1.4000e-02 5.4000e-02 9.2400e-01
NAU114 2.2200e-01 6.6600e-01 1.0100e-01 2.2000e-02 8.1000e-02 5.6700e-01
NAU117 1.2400e-01 4.7000e-02 7.3600e-01 4.0600e-01 1.7000e-01 2.0000e-03
NAU119 9.5100e-01 5.3400e-01 3.3600e-01 2.2700e-01 6.2000e-01 1.0000e-02
NAU121 8.0200e-01 5.7800e-01 2.7500e-01 1.3900e-01 4.5700e-01 1.3000e-02
NAU123 8.8000e-02 2.3000e-02 9.4900e-01 4.5700e-01 1.7200e-01 1.0000e-03
NAU124 3.0000e-01 7.8900e-01 1.0700e-01 2.8000e-02 1.0900e-01 3.3400e-01
NAU129 2.0800e-01 5.3000e-02 8.8000e-01 8.0000e-01 3.5900e-01 3.0000e-03
NAU130 5.3300e-01 2.0100e-01 5.7400e-01 6.6300e-01 8.2500e-01 2.0000e-03
NAU132 1.1700e-01 4.9000e-01 7.3000e-02 1.4000e-02 4.5000e-02 6.9900e-01
NAU133            5.6800e-01 4.5400e-01 4.4000e-01 7.4700e-01 7.3000e-02
NAU134 5.6622e-01            2.4600e-01 1.7900e-01 3.5500e-01 3.6100e-01
NAU136 4.3285e-01 2.6003e-01            8.1100e-01 5.5800e-01 6.6000e-02
NAU137 3.9091e-01 1.7742e-01 7.8546e-01            6.1400e-01 6.0000e-03
NAU139 7.2603e-01 3.4994e-01 5.1648e-01 5.8016e-01            2.2000e-02
NAU144 8.9503e-02 3.6753e-01 7.1661e-02 8.4767e-03 3.3979e-02           
NAU148 4.7589e-02 1.6771e-01 3.7566e-02 7.7394e-03 1.6439e-02 3.7506e-01
NAU149 8.3723e-02 4.1685e-01 6.5769e-02 4.8918e-03 2.9615e-02 7.2749e-01
NAU150 4.6932e-01 9.8661e-01 1.8354e-01 8.5039e-02 2.4515e-01 2.1931e-01
NAU153 2.9527e-01 7.9432e-01 1.4833e-01 3.9012e-02 1.3880e-01 3.3914e-01
NAU154 4.6731e-01 1.5654e-01 5.5364e-01 5.8779e-01 8.0520e-01 7.3846e-04
NAU155 4.6169e-01 9.5109e-01 1.8166e-01 6.8449e-02 2.3315e-01 1.5270e-01
NAU156 5.7669e-01 2.5947e-01 6.1375e-01 6.7511e-01 8.4948e-01 9.8455e-03
NAU157 8.8321e-02 4.3256e-01 6.7854e-02 5.1838e-03 3.1467e-02 6.9195e-01
NAU159 5.2412e-01 8.6462e-01 1.9987e-01 7.8541e-02 2.7197e-01 1.0483e-01
NAU160 6.5758e-01 8.2799e-01 2.6682e-01 1.7173e-01 3.9908e-01 1.7361e-01
NAU161 9.2320e-01 5.8531e-01 3.8600e-01 2.8616e-01 6.2711e-01 6.2547e-02
NAU164 5.2931e-01 2.2019e-01 6.1052e-01 6.5211e-01 8.2504e-01 3.4528e-03
NCS203 2.5189e-02 1.6413e-01 3.1690e-02 1.5144e-03 7.6570e-03 4.9763e-01
NCS204 3.9036e-01 8.2264e-01 1.5766e-01 9.1882e-02 2.0543e-01 4.8836e-01
NCS210 7.3155e-01 3.9259e-01 5.7355e-01 6.6293e-01 9.6557e-01 6.1944e-02
NCS212 9.5637e-01 4.4283e-01 3.8879e-01 2.8280e-01 7.0102e-01 1.7745e-02
NCS213 6.1509e-02 2.7479e-01 5.6605e-02 5.7806e-03 2.2116e-02 7.4991e-01
NCS214 8.9840e-01 4.4754e-01 4.3385e-01 3.9616e-01 7.9485e-01 3.8008e-02
NCS233 8.4742e-01 4.4907e-01 4.8417e-01 5.0683e-01 8.8170e-01 6.1075e-02
NCS234 3.4432e-01 8.5782e-01 1.4549e-01 5.1365e-02 1.6414e-01 3.1351e-01
NCS236 3.5216e-02 1.3492e-02 5.6268e-01 1.6768e-01 5.3340e-02 1.9983e-04
NCS243 7.7946e-01 7.8963e-01 3.2821e-01 2.9717e-01 5.3286e-01 2.4027e-01
NCS248 4.6626e-01 9.7579e-01 2.0228e-01 7.8077e-02 2.4544e-01 1.8292e-01
NCS253 9.3533e-01 5.3230e-01 3.3473e-01 2.5516e-01 6.1052e-01 4.3529e-02
NCS255 1.2807e-01 5.3813e-01 8.2665e-02 8.6528e-03 4.8203e-02 5.1965e-01
NCS263 9.8715e-01 5.4010e-01 4.1221e-01 3.2812e-01 6.8914e-01 5.4088e-02
           NAU148     NAU149     NAU150     NAU153     NAU154     NAU155
CUB000 4.5000e-02 1.3700e-01 8.2200e-01 5.4500e-01 7.6000e-02 8.4600e-01
CUB003 7.0000e-02 2.5800e-01 6.8900e-01 9.6100e-01 2.0000e-03 6.4400e-01
CUB004 2.1000e-02 1.7000e-02 7.4900e-01 3.6700e-01 8.0000e-03 7.6500e-01
CUB007 1.8000e-02 4.0000e-02 4.1600e-01 2.6000e-01 4.4100e-01 4.2000e-01
CUB009 1.0000e-02 2.0000e-03 2.3200e-01 6.0000e-02 9.4000e-02 2.2100e-01
CUB010 3.2000e-02 9.8000e-02 8.8300e-01 5.4200e-01 1.8000e-02 9.2300e-01
CUB011 2.7000e-02 5.6000e-02 5.0600e-01 2.8400e-01 2.8600e-01 4.9400e-01
CUB012 1.2100e-01 4.4600e-01 8.4700e-01 9.3000e-01 5.1000e-02 7.7500e-01
CUB015 4.1000e-02 9.0000e-02 4.0700e-01 2.6800e-01 8.5800e-01 3.9000e-01
CUB016 2.0000e-03 2.0000e-03 8.0000e-03 8.0000e-03 8.6000e-02 1.0000e-02
CUB017 8.0000e-02 1.6500e-01 4.1500e-01 3.2000e-01 9.4600e-01 4.4100e-01
CUB019 6.1300e-01 2.8400e-01 7.2000e-02 1.0800e-01 1.0000e-03 3.6000e-02
CUB026 6.3000e-02 1.8100e-01 9.0800e-01 7.4600e-01 1.1000e-02 8.6200e-01
CUB027 4.7000e-02 1.1700e-01 9.0000e-01 5.7500e-01 4.5000e-02 9.3200e-01
CUB028 2.2000e-01 6.9500e-01 6.7600e-01 9.0500e-01 3.0000e-02 6.2700e-01
CUB029 3.3000e-02 8.2000e-02 3.5300e-01 2.4400e-01 7.7800e-01 3.6500e-01
CUB032 1.7000e-02 1.2000e-02 1.5900e-01 9.3000e-02 9.4600e-01 1.6300e-01
CUB033 1.4000e-02 8.0000e-03 7.3000e-02 4.0000e-02 4.3600e-01 7.4000e-02
CUB036 3.3000e-02 7.8000e-02 3.6600e-01 2.4000e-01 7.6100e-01 3.9100e-01
CUB037 3.2700e-01 6.6200e-01 1.3600e-01 2.5900e-01 1.0000e-03 7.8000e-02
CUB038 4.7000e-02 1.2400e-01 2.4300e-01 1.8600e-01 5.8900e-01 2.7200e-01
CUB040 6.5000e-02 3.0500e-01 6.5100e-01 9.9300e-01 3.0000e-03 5.7200e-01
CUB042 3.0000e-03 5.0000e-03 1.0200e-01 3.4000e-02 8.6400e-01 7.3000e-02
CUB044 1.4000e-02 2.9000e-02 5.4900e-01 2.3500e-01 1.3300e-01 5.2300e-01
CUB048 2.0400e-01 8.2000e-01 4.7000e-01 6.9400e-01 2.0000e-03 4.2200e-01
CUB049 1.9300e-01 8.1600e-01 4.7900e-01 7.1300e-01 4.0000e-03 4.2900e-01
CUB050 5.9800e-01 3.3600e-01 7.3000e-02 1.4300e-01 1.0000e-03 4.4000e-02
CUB052 8.0000e-01 2.6200e-01 6.7000e-02 9.5000e-02 2.0000e-03 3.7000e-02
CUB053 5.7000e-02 2.1400e-01 9.7800e-01 6.6500e-01 2.8000e-02 9.8100e-01
CUB056 6.7800e-01 2.9200e-01 9.6000e-02 1.2400e-01 1.0000e-03 4.0000e-02
CUB061 1.0000e-03 1.0000e-03 2.0000e-03 1.0000e-03 1.9000e-02 5.0000e-03
NAU101 1.3000e-02 1.1000e-02 6.8300e-01 3.0700e-01 2.0000e-03 7.0000e-01
NAU102 5.1800e-01 4.9500e-01 1.5400e-01 2.3300e-01 1.0000e-03 8.9000e-02
NAU105 1.8700e-01 6.0100e-01 7.4700e-01 9.7700e-01 3.9000e-02 7.0000e-01
NAU106 4.1200e-01 5.0600e-01 1.2300e-01 1.9400e-01 1.0000e-03 5.9000e-02
NAU107 6.0000e-03 1.3000e-02 3.1900e-01 1.5400e-01 2.6000e-01 3.2900e-01
NAU108 1.2200e-01 3.3300e-01 8.2700e-01 8.8300e-01 1.3000e-02 7.7100e-01
NAU109 6.0500e-01 3.2600e-01 8.4000e-02 1.4200e-01 1.0000e-03 5.3000e-02
NAU110 3.7500e-01 9.1000e-01 3.6600e-01 5.4700e-01 8.0000e-03 2.9100e-01
NAU114 1.6300e-01 6.7100e-01 5.5200e-01 7.6200e-01 1.0000e-02 4.7600e-01
NAU117 1.0000e-03 2.0000e-03 1.4000e-02 7.0000e-03 1.1500e-01 1.9000e-02
NAU119 1.3000e-02 8.0000e-03 3.6000e-01 1.2900e-01 1.6300e-01 3.4200e-01
NAU121 8.0000e-03 7.0000e-03 4.7000e-01 1.7200e-01 5.7000e-02 4.3100e-01
NAU123 1.0000e-03 1.0000e-03 7.0000e-03 2.0000e-03 6.2000e-02 4.0000e-03
NAU124 1.1100e-01 4.2800e-01 7.2700e-01 9.9400e-01 1.4000e-02 6.4000e-01
NAU129 3.0000e-03 1.0000e-03 2.0000e-02 1.0000e-03 2.7900e-01 1.4000e-02
NAU130 4.0000e-03 2.0000e-03 9.5000e-02 2.5000e-02 9.8900e-01 6.0000e-02
NAU132 2.1700e-01 9.1400e-01 3.5300e-01 5.1900e-01 1.0000e-03 2.3500e-01
NAU133 3.6000e-02 8.9000e-02 5.1800e-01 3.5500e-01 5.0600e-01 4.9000e-01
NAU134 1.6700e-01 4.3200e-01 9.8800e-01 8.1800e-01 1.4300e-01 9.5300e-01
NAU136 1.9000e-02 6.6000e-02 1.7400e-01 1.5500e-01 5.6400e-01 1.9500e-01
NAU137 8.0000e-03 3.0000e-03 8.7000e-02 3.7000e-02 5.9900e-01 7.5000e-02
NAU139 9.0000e-03 2.8000e-02 2.5200e-01 1.4600e-01 8.1400e-01 2.5100e-01
NAU144 3.6500e-01 7.1800e-01 2.1100e-01 3.4300e-01 1.0000e-03 1.4800e-01
NAU148            2.1800e-01 6.0000e-02 1.1900e-01 1.0000e-03 5.7000e-02
NAU149 2.2319e-01            2.6300e-01 4.4000e-01 1.0000e-03 1.8700e-01
NAU150 8.1172e-02 2.5385e-01            7.1100e-01 5.2000e-02 9.5600e-01
NAU153 1.2864e-01 4.1184e-01 7.0818e-01            9.0000e-03 6.6000e-01
NAU154 1.8170e-03 1.4165e-04 5.6280e-02 1.0559e-02            3.9000e-02
NAU155 5.9049e-02 1.6820e-01 9.5379e-01 6.2963e-01 3.4081e-02           
NAU156 1.0096e-02 5.1582e-03 1.3955e-01 5.6227e-02 9.9196e-01 1.1244e-01
NAU157 2.1191e-01 9.5250e-01 2.6907e-01 4.3641e-01 1.5336e-04 1.8064e-01
NAU159 4.4015e-02 1.0679e-01 8.3783e-01 5.1160e-01 4.0376e-02 8.7065e-01
NAU160 7.4193e-02 1.8764e-01 7.9323e-01 5.4336e-01 1.5494e-01 8.1615e-01
NAU161 3.7831e-02 5.2380e-02 4.7990e-01 2.6863e-01 2.9668e-01 4.6573e-01
NAU164 6.2193e-03 1.0303e-03 9.8809e-02 2.8027e-02 9.8596e-01 6.8394e-02
NCS203 6.1684e-01 2.3041e-01 6.0790e-02 9.5395e-02 3.8154e-05 3.1579e-02
NCS204 1.9405e-01 5.8180e-01 7.6395e-01 9.9557e-01 7.1979e-02 7.1487e-01
NCS210 3.0443e-02 5.7349e-02 2.9333e-01 1.9023e-01 8.7941e-01 2.8522e-01
NCS212 1.4419e-02 1.0524e-02 3.0930e-01 1.2771e-01 3.0493e-01 2.7743e-01
NCS213 5.1311e-01 4.7439e-01 1.4153e-01 2.1926e-01 4.4457e-04 9.2001e-02
NCS214 2.1651e-02 3.1152e-02 3.3175e-01 1.7554e-01 5.0725e-01 3.1386e-01
NCS233 3.0301e-02 5.6218e-02 3.4569e-01 2.1190e-01 6.6702e-01 3.3599e-01
NCS234 1.1114e-01 3.8069e-01 7.9660e-01 9.1035e-01 2.4466e-02 7.3201e-01
NCS236 2.6735e-04 7.2648e-05 2.4526e-03 1.0317e-03 2.0983e-02 1.5499e-03
NCS243 1.0591e-01 2.6307e-01 7.5121e-01 5.6196e-01 3.3311e-01 7.6941e-01
NCS248 7.7104e-02 2.0008e-01 9.8569e-01 6.7375e-01 3.7050e-02 9.6679e-01
NCS253 2.1396e-02 3.8121e-02 4.2600e-01 2.2490e-01 2.9130e-01 4.1519e-01
NCS255 1.6303e-01 7.0065e-01 3.8395e-01 6.1222e-01 4.6950e-04 2.8592e-01
NCS263 3.3685e-02 4.4080e-02 4.2758e-01 2.3445e-01 3.6618e-01 4.0967e-01
           NAU156     NAU157     NAU159     NAU160     NAU161     NAU164
CUB000 1.8700e-01 1.7800e-01 9.5400e-01 9.5800e-01 6.2000e-01 1.3700e-01
CUB003 1.9000e-02 2.9000e-01 4.9000e-01 5.1400e-01 1.9900e-01 7.0000e-03
CUB004 5.1000e-02 2.6000e-02 9.1300e-01 9.6500e-01 5.0800e-01 2.7000e-02
CUB007 5.4100e-01 4.6000e-02 4.7600e-01 6.0100e-01 9.2200e-01 5.0600e-01
CUB009 2.7200e-01 3.0000e-03 2.7700e-01 5.2200e-01 9.0800e-01 1.8200e-01
CUB010 1.0900e-01 1.2900e-01 9.6800e-01 8.9200e-01 5.3900e-01 5.7000e-02
CUB011 4.2800e-01 5.3000e-02 6.2200e-01 7.5000e-01 9.5800e-01 3.6100e-01
CUB012 1.0300e-01 4.9100e-01 6.8000e-01 6.6300e-01 4.2300e-01 1.0000e-01
CUB015 8.7500e-01 8.3000e-02 4.4800e-01 5.3100e-01 7.4700e-01 8.6800e-01
CUB016 1.6000e-01 3.0000e-03 9.0000e-03 2.7000e-02 6.9000e-02 1.3500e-01
CUB017 9.4100e-01 1.6500e-01 4.9600e-01 5.4700e-01 7.4400e-01 9.4600e-01
CUB019 3.0000e-03 2.5800e-01 2.4000e-02 6.0000e-02 1.0000e-02 1.0000e-03
CUB026 5.9000e-02 2.1500e-01 7.3300e-01 7.0100e-01 3.7700e-01 2.5000e-02
CUB027 1.2300e-01 1.3200e-01 9.6200e-01 9.0300e-01 5.7100e-01 7.7000e-02
CUB028 9.7000e-02 6.9400e-01 5.4600e-01 5.3700e-01 3.3600e-01 7.5000e-02
CUB029 8.2400e-01 9.2000e-02 4.3900e-01 5.4100e-01 7.5000e-01 8.2500e-01
CUB032 9.4100e-01 1.9000e-02 1.6500e-01 2.8200e-01 4.8900e-01 9.6900e-01
CUB033 4.6800e-01 1.5000e-02 8.5000e-02 1.4200e-01 2.6700e-01 5.0700e-01
CUB036 7.8900e-01 8.6000e-02 4.3500e-01 5.4700e-01 7.4800e-01 7.5500e-01
CUB037 2.0000e-03 5.9500e-01 6.6000e-02 1.1900e-01 2.8000e-02 1.0000e-03
CUB038 6.4700e-01 1.1700e-01 2.7200e-01 3.4400e-01 4.6900e-01 6.3900e-01
CUB040 2.0000e-02 3.5200e-01 4.4600e-01 4.6700e-01 1.8600e-01 5.0000e-03
CUB042 8.9800e-01 2.0000e-03 8.3000e-02 1.7800e-01 3.7200e-01 8.9700e-01
CUB044 2.6300e-01 2.9000e-02 6.2100e-01 7.7500e-01 8.7500e-01 1.9500e-01
CUB048 2.6000e-02 8.4600e-01 3.1100e-01 3.4400e-01 1.6000e-01 2.1000e-02
CUB049 3.5000e-02 8.6200e-01 3.3800e-01 3.5000e-01 1.8100e-01 1.9000e-02
CUB050 3.0000e-03 3.1000e-01 3.4000e-02 6.3000e-02 1.7000e-02 3.0000e-03
CUB052 3.0000e-03 2.5100e-01 3.5000e-02 6.1000e-02 2.1000e-02 4.0000e-03
CUB053 1.1000e-01 2.3400e-01 8.5700e-01 8.2700e-01 4.6800e-01 6.7000e-02
CUB056 2.0000e-03 2.7100e-01 2.4000e-02 7.1000e-02 1.9000e-02 3.0000e-03
CUB061 3.8000e-02 1.0000e-03 4.0000e-03 1.3000e-02 1.4000e-02 3.8000e-02
NAU101 5.9000e-02 9.0000e-03 8.6100e-01 1.0000e+00 5.5000e-01 2.1000e-02
NAU102 4.0000e-03 4.5100e-01 5.8000e-02 1.1800e-01 3.9000e-02 2.0000e-03
NAU105 1.1000e-01 5.8000e-01 6.1500e-01 6.0200e-01 4.0500e-01 7.6000e-02
NAU106 1.0000e-03 4.9400e-01 4.3000e-02 8.3000e-02 1.6000e-02 1.0000e-03
NAU107 4.5400e-01 2.0000e-02 3.9300e-01 5.5800e-01 9.1900e-01 3.5200e-01
NAU108 6.4000e-02 3.4300e-01 6.4400e-01 6.5900e-01 3.6600e-01 2.8000e-02
NAU109 3.0000e-03 3.0700e-01 3.1000e-02 6.6000e-02 3.1000e-02 4.0000e-03
NAU110 2.8000e-02 8.7600e-01 2.3800e-01 2.7000e-01 1.3300e-01 2.1000e-02
NAU114 2.7000e-02 7.2100e-01 3.7600e-01 4.1600e-01 1.9800e-01 1.7000e-02
NAU117 2.0900e-01 3.0000e-03 1.6000e-02 3.9000e-02 9.7000e-02 1.8500e-01
NAU119 3.6300e-01 7.0000e-03 3.8800e-01 5.9200e-01 9.3600e-01 2.6200e-01
NAU121 2.2500e-01 1.6000e-02 5.5100e-01 7.2300e-01 8.8200e-01 1.2900e-01
NAU123 1.6400e-01 1.0000e-03 2.0000e-03 1.4000e-02 2.8000e-02 1.2900e-01
NAU124 5.1000e-02 4.4100e-01 5.0800e-01 5.2800e-01 2.7700e-01 3.0000e-02
NAU129 4.3400e-01 1.0000e-03 1.2000e-02 5.0000e-02 1.2400e-01 3.7200e-01
NAU130 9.9000e-01 4.0000e-03 8.1000e-02 1.7700e-01 3.8600e-01 9.9900e-01
NAU132 1.0000e-02 9.5400e-01 1.5900e-01 2.1400e-01 9.2000e-02 6.0000e-03
NAU133 5.8700e-01 9.4000e-02 5.5600e-01 6.7700e-01 9.1900e-01 5.3200e-01
NAU134 2.5100e-01 4.3800e-01 8.7200e-01 8.4800e-01 6.1800e-01 2.3000e-01
NAU136 5.9800e-01 4.9000e-02 2.2300e-01 2.7200e-01 4.2500e-01 6.6800e-01
NAU137 6.7600e-01 5.0000e-03 7.6000e-02 1.9100e-01 3.0000e-01 6.8500e-01
NAU139 8.6200e-01 2.1000e-02 2.6900e-01 4.0900e-01 6.5300e-01 8.2700e-01
NAU144 1.1000e-02 7.0300e-01 8.6000e-02 1.7200e-01 5.7000e-02 3.0000e-03
NAU148 1.0000e-02 2.1900e-01 3.9000e-02 6.1000e-02 2.5000e-02 6.0000e-03
NAU149 2.0000e-03 9.5400e-01 1.0700e-01 1.8600e-01 5.0000e-02 2.0000e-03
NAU150 1.3600e-01 2.6500e-01 8.5500e-01 7.8900e-01 5.1900e-01 7.8000e-02
NAU153 4.6000e-02 4.8300e-01 5.1900e-01 5.5900e-01 2.8200e-01 3.0000e-02
NAU154 9.9700e-01 1.0000e-03 3.3000e-02 1.4600e-01 3.1700e-01 9.8300e-01
NAU155 9.8000e-02 1.9600e-01 9.0200e-01 8.0900e-01 4.9800e-01 6.3000e-02
NAU156            7.0000e-03 1.3500e-01 2.8400e-01 4.7600e-01 9.8200e-01
NAU157 5.5100e-03            1.1400e-01 2.1300e-01 5.1000e-02 1.0000e-03
NAU159 1.3078e-01 1.1551e-01            9.3500e-01 5.7800e-01 6.9000e-02
NAU160 2.7014e-01 1.9814e-01 9.1414e-01            7.1300e-01 2.1400e-01
NAU161 4.4414e-01 5.5908e-02 5.3786e-01 6.9323e-01            3.8500e-01
NAU164 9.8392e-01 1.1023e-03 7.8858e-02 2.1932e-01 3.7185e-01           
NCS203 1.4284e-03 2.1053e-01 1.8194e-02 5.1427e-02 1.3014e-02 3.2171e-04
NCS204 1.4440e-01 6.0260e-01 6.2627e-01 6.2122e-01 3.9852e-01 1.1705e-01
NCS210 9.0662e-01 6.0218e-02 3.2428e-01 4.3952e-01 6.4752e-01 8.8998e-01
NCS212 4.7481e-01 1.1422e-02 3.3243e-01 5.2468e-01 8.4257e-01 3.8292e-01
NCS213 6.4535e-03 4.4633e-01 6.1250e-02 1.1641e-01 4.0565e-02 2.2600e-03
NCS214 6.1855e-01 3.3292e-02 3.6687e-01 5.2209e-01 7.9773e-01 5.6542e-01
NCS233 7.3749e-01 5.9375e-02 3.8508e-01 5.1564e-01 7.5866e-01 7.0568e-01
NCS234 8.2118e-02 4.0209e-01 6.1645e-01 6.1705e-01 3.3574e-01 5.1613e-02
NCS236 6.2469e-02 7.6731e-05 1.7229e-03 8.4138e-03 1.7314e-02 4.6103e-02
NCS243 4.3357e-01 2.7363e-01 8.4501e-01 9.2419e-01 8.2644e-01 3.9956e-01
NCS248 1.2134e-01 2.1373e-01 8.4240e-01 7.9921e-01 4.6501e-01 7.3853e-02
NCS253 4.2689e-01 4.1035e-02 4.8918e-01 6.4745e-01 9.7762e-01 3.6238e-01
NCS255 1.0312e-02 7.4240e-01 1.9673e-01 2.8025e-01 9.1523e-02 2.6057e-03
NCS263 5.0682e-01 4.7023e-02 4.7391e-01 6.3338e-01 9.2662e-01 4.3844e-01
           NCS203     NCS204     NCS210     NCS212     NCS213     NCS214
CUB000 2.7000e-02 6.2000e-01 3.6100e-01 4.3100e-01 8.0000e-02 4.5300e-01
CUB003 2.5000e-02 9.5800e-01 1.3600e-01 6.1000e-02 1.2300e-01 1.1600e-01
CUB004 1.0000e-03 5.4200e-01 2.5500e-01 2.4200e-01 1.9000e-02 3.3300e-01
CUB007 1.4000e-02 3.2800e-01 7.1900e-01 9.6100e-01 3.3000e-02 9.0600e-01
CUB009 1.0000e-03 2.4200e-01 5.8800e-01 8.6900e-01 1.0000e-03 8.0500e-01
CUB010 1.3000e-02 6.8000e-01 2.8500e-01 2.8300e-01 5.9000e-02 3.5100e-01
CUB011 9.0000e-03 3.9600e-01 6.2000e-01 8.3100e-01 3.2000e-02 7.5100e-01
CUB012 1.2900e-01 9.1200e-01 2.6600e-01 2.4200e-01 2.6700e-01 2.7600e-01
CUB015 3.5000e-02 2.9400e-01 9.5100e-01 8.0200e-01 7.6000e-02 8.4000e-01
CUB016 2.0000e-03 1.3000e-02 1.7400e-01 5.0000e-02 4.0000e-03 7.7000e-02
CUB017 6.5000e-02 3.5000e-01 9.8800e-01 7.9200e-01 1.1700e-01 8.3600e-01
CUB019 9.3700e-01 2.5000e-01 2.0000e-02 4.0000e-03 8.0600e-01 8.0000e-03
CUB026 2.7000e-02 8.0500e-01 2.1700e-01 1.6100e-01 9.0000e-02 2.3800e-01
CUB027 2.5000e-02 6.7800e-01 3.0700e-01 3.2300e-01 6.6000e-02 3.8000e-01
CUB028 2.5100e-01 9.2100e-01 2.1800e-01 1.9300e-01 3.9400e-01 2.3200e-01
CUB029 2.5000e-02 2.7700e-01 9.3100e-01 8.2200e-01 6.0000e-02 8.9000e-01
CUB032 6.0000e-03 1.3800e-01 8.8400e-01 4.9600e-01 1.5000e-02 6.5500e-01
CUB033 7.0000e-03 5.3000e-02 4.7300e-01 2.1700e-01 1.3000e-02 3.0400e-01
CUB036 2.3000e-02 2.9500e-01 9.0700e-01 8.4000e-01 6.1000e-02 9.1100e-01
CUB037 5.0900e-01 4.2200e-01 2.9000e-02 6.0000e-03 7.8100e-01 1.5000e-02
CUB038 6.2000e-02 2.1000e-01 6.3600e-01 4.3900e-01 8.1000e-02 4.9300e-01
CUB040 4.1000e-02 1.0000e+00 1.3700e-01 4.6000e-02 1.3600e-01 1.1300e-01
CUB042 1.0000e-03 7.1000e-02 8.1400e-01 3.9000e-01 3.0000e-03 5.4000e-01
CUB044 5.0000e-03 4.1000e-01 5.0200e-01 6.5600e-01 2.9000e-02 6.5100e-01
CUB048 2.5000e-01 7.6500e-01 8.7000e-02 7.9000e-02 4.4700e-01 8.4000e-02
CUB049 2.9900e-01 7.6000e-01 8.7000e-02 7.8000e-02 4.4800e-01 1.0600e-01
CUB050 9.5700e-01 2.7700e-01 2.0000e-02 4.0000e-03 8.1500e-01 1.5000e-02
CUB052 8.3100e-01 1.9500e-01 1.3000e-02 5.0000e-03 6.5200e-01 1.1000e-02
CUB053 3.5000e-02 7.4200e-01 2.8700e-01 2.8100e-01 9.6000e-02 3.1100e-01
CUB056 9.8300e-01 2.9600e-01 1.9000e-02 4.0000e-03 8.0600e-01 1.8000e-02
CUB061 1.0000e-03 9.0000e-03 6.6000e-02 1.0000e-02 2.0000e-03 1.8000e-02
NAU101 1.0000e-03 5.3000e-01 3.2800e-01 2.2000e-01 8.0000e-03 3.5100e-01
NAU102 7.4200e-01 3.8600e-01 5.6000e-02 8.0000e-03 9.7300e-01 2.3000e-02
NAU105 2.0800e-01 9.8900e-01 2.5500e-01 2.0000e-01 3.5700e-01 2.6300e-01
NAU106 6.0600e-01 3.9100e-01 4.0000e-02 5.0000e-03 8.7100e-01 1.1000e-02
NAU107 2.0000e-03 2.6700e-01 6.7400e-01 9.1600e-01 1.3000e-02 8.5500e-01
NAU108 6.5000e-02 9.3000e-01 2.4900e-01 1.7600e-01 1.5900e-01 2.3000e-01
NAU109 9.6300e-01 2.8200e-01 2.2000e-02 9.0000e-03 8.2500e-01 1.6000e-02
NAU110 5.1600e-01 5.8500e-01 9.2000e-02 5.2000e-02 6.9900e-01 7.0000e-02
NAU114 1.8700e-01 8.4600e-01 1.3500e-01 7.6000e-02 3.5800e-01 1.2600e-01
NAU117 1.0000e-03 1.7000e-02 2.3100e-01 7.4000e-02 2.0000e-03 1.1700e-01
NAU119 1.0000e-03 3.0200e-01 6.3100e-01 8.5500e-01 1.1000e-02 8.0700e-01
NAU121 4.0000e-03 3.6200e-01 5.0100e-01 6.5400e-01 8.0000e-03 6.4200e-01
NAU123 1.0000e-03 1.3000e-02 2.6000e-01 1.8000e-02 2.0000e-03 5.1000e-02
NAU124 9.0000e-02 9.9400e-01 1.6400e-01 9.6000e-02 1.9800e-01 1.7100e-01
NAU129 1.0000e-03 2.0000e-02 4.8000e-01 9.1000e-02 1.0000e-03 1.8700e-01
NAU130 1.0000e-03 9.0000e-02 8.8900e-01 3.8700e-01 3.0000e-03 5.7100e-01
NAU132 2.5700e-01 6.5800e-01 6.9000e-02 2.2000e-02 4.6500e-01 4.0000e-02
NAU133 2.4000e-02 4.1300e-01 7.8000e-01 9.5200e-01 5.9000e-02 9.0400e-01
NAU134 1.7800e-01 8.4400e-01 4.0000e-01 4.6400e-01 2.6800e-01 4.3000e-01
NAU136 2.1000e-02 1.5300e-01 5.8800e-01 3.9900e-01 5.0000e-02 4.3800e-01
NAU137 1.0000e-03 8.6000e-02 6.9400e-01 2.8800e-01 6.0000e-03 4.4400e-01
NAU139 7.0000e-03 2.1100e-01 9.6900e-01 7.0800e-01 2.3000e-02 8.0100e-01
NAU144 5.1800e-01 4.8800e-01 5.4000e-02 1.4000e-02 7.7400e-01 2.7000e-02
NAU148 6.1400e-01 1.9200e-01 2.8000e-02 1.4000e-02 5.2600e-01 1.5000e-02
NAU149 2.3600e-01 5.9700e-01 5.1000e-02 9.0000e-03 4.8000e-01 2.1000e-02
NAU150 6.5000e-02 7.6400e-01 3.0000e-01 2.9100e-01 1.3200e-01 3.3900e-01
NAU153 9.1000e-02 9.9500e-01 1.7600e-01 1.1000e-01 2.3600e-01 1.8100e-01
NAU154 1.0000e-03 6.7000e-02 9.0100e-01 2.9500e-01 1.0000e-03 5.1200e-01
NAU155 3.4000e-02 7.1400e-01 3.0400e-01 2.7600e-01 1.0000e-01 3.1200e-01
NAU156 1.0000e-03 1.3900e-01 9.0100e-01 4.9700e-01 8.0000e-03 6.1400e-01
NAU157 2.2700e-01 6.0600e-01 5.4000e-02 1.3000e-02 4.8500e-01 2.9000e-02
NAU159 1.7000e-02 6.6700e-01 3.2200e-01 3.4500e-01 5.9000e-02 3.7000e-01
NAU160 5.2000e-02 6.2800e-01 4.4400e-01 5.2700e-01 1.0500e-01 5.3800e-01
NAU161 9.0000e-03 4.2600e-01 6.7100e-01 8.3400e-01 2.8000e-02 8.2100e-01
NAU164 1.0000e-03 1.1200e-01 8.9300e-01 3.9300e-01 3.0000e-03 5.5600e-01
NCS203            2.2700e-01 2.5000e-02 1.0000e-03 7.7100e-01 7.0000e-03
NCS204 2.2711e-01            2.6700e-01 2.6300e-01 3.9500e-01 2.7700e-01
NCS210 1.8828e-02 2.4707e-01            7.1400e-01 4.0000e-02 7.9200e-01
NCS212 2.1008e-03 2.6894e-01 7.0936e-01            9.0000e-03 9.2400e-01
NCS213 7.5550e-01 3.6312e-01 4.3492e-02 1.0577e-02            2.0000e-02
NCS214 7.4421e-03 2.7978e-01 7.8858e-01 9.1529e-01 2.4221e-02           
NCS233 1.6383e-02 2.8794e-01 8.6449e-01 8.4987e-01 4.1394e-02 9.2858e-01
NCS234 9.4137e-02 9.2601e-01 2.1219e-01 1.8732e-01 2.0487e-01 2.2076e-01
NCS236 2.4739e-05 4.0287e-03 9.6357e-02 1.0843e-02 1.3834e-04 2.5234e-02
NCS243 9.9996e-02 6.0629e-01 5.5618e-01 6.9892e-01 1.7709e-01 6.7093e-01
NCS248 4.2693e-02 7.5178e-01 2.9961e-01 2.7945e-01 1.1479e-01 3.2089e-01
NCS253 7.6178e-03 3.3908e-01 6.2733e-01 8.5847e-01 2.6317e-02 8.0211e-01
NCS255 1.3732e-01 7.3319e-01 8.3702e-02 2.3670e-02 3.2357e-01 5.4718e-02
NCS263 1.1158e-02 3.6055e-01 7.0080e-01 9.3098e-01 3.5217e-02 8.7090e-01
           NCS233     NCS234     NCS236     NCS243     NCS248     NCS253
CUB000 4.4600e-01 6.4700e-01 2.0000e-03 8.6800e-01 8.3300e-01 5.4400e-01
CUB003 1.5900e-01 9.3700e-01 1.0000e-03 5.2900e-01 6.6000e-01 1.7200e-01
CUB004 3.5600e-01 4.9800e-01 1.0000e-03 8.7900e-01 7.1400e-01 4.8100e-01
CUB007 8.3900e-01 2.9800e-01 1.7000e-02 7.3900e-01 3.9800e-01 9.1400e-01
CUB009 7.5100e-01 1.4600e-01 2.0000e-03 7.0500e-01 2.0800e-01 9.3900e-01
CUB010 3.5400e-01 6.6200e-01 3.0000e-03 8.1600e-01 8.8100e-01 4.6100e-01
CUB011 7.2500e-01 3.8200e-01 1.5000e-02 8.5300e-01 5.0900e-01 9.4300e-01
CUB012 2.8100e-01 9.8300e-01 3.0000e-03 6.5600e-01 8.3200e-01 3.6900e-01
CUB015 9.2700e-01 2.9100e-01 8.3000e-02 6.1800e-01 4.0100e-01 7.1800e-01
CUB016 9.3000e-02 8.0000e-03 9.0600e-01 5.1000e-02 2.3000e-02 4.5000e-02
CUB017 8.8500e-01 3.7800e-01 1.8800e-01 6.4100e-01 4.7200e-01 7.3000e-01
CUB019 8.0000e-03 1.0800e-01 1.0000e-03 9.4000e-02 3.7000e-02 1.2000e-02
CUB026 2.6600e-01 8.7400e-01 1.0000e-03 7.0200e-01 9.0900e-01 3.1800e-01
CUB027 3.8400e-01 6.7300e-01 3.0000e-03 8.3600e-01 8.8500e-01 4.7900e-01
CUB028 2.3500e-01 8.1700e-01 3.0000e-03 5.5800e-01 6.4700e-01 2.8300e-01
CUB029 9.3800e-01 2.7600e-01 7.1000e-02 6.2500e-01 3.6700e-01 7.3900e-01
CUB032 7.1400e-01 1.3600e-01 1.0100e-01 4.2100e-01 1.7200e-01 4.6600e-01
CUB033 3.6600e-01 5.0000e-02 4.6700e-01 1.9200e-01 8.7000e-02 2.0300e-01
CUB036 9.7200e-01 2.7700e-01 6.4000e-02 6.5100e-01 3.7800e-01 7.6600e-01
CUB037 2.7000e-02 2.5000e-01 1.0000e-03 1.6800e-01 1.1600e-01 1.5000e-02
CUB038 4.9500e-01 2.2700e-01 6.9300e-01 3.6000e-01 2.6700e-01 4.1500e-01
CUB040 1.1400e-01 8.8000e-01 1.0000e-03 5.0100e-01 6.0500e-01 1.5500e-01
CUB042 6.5500e-01 4.9000e-02 4.6000e-02 3.1800e-01 7.0000e-02 3.5200e-01
CUB044 6.3100e-01 3.6300e-01 2.0000e-03 9.0600e-01 5.3900e-01 8.1500e-01
CUB048 1.1100e-01 6.4000e-01 1.0000e-03 3.7300e-01 4.3300e-01 1.1400e-01
CUB049 1.0900e-01 6.4000e-01 1.0000e-03 3.7200e-01 4.5300e-01 1.2600e-01
CUB050 1.5000e-02 1.2000e-01 1.0000e-03 1.1300e-01 6.3000e-02 1.0000e-02
CUB052 1.4000e-02 1.1600e-01 1.0000e-03 8.1000e-02 6.3000e-02 1.3000e-02
CUB053 3.3100e-01 7.7500e-01 1.0000e-03 7.6900e-01 9.8900e-01 4.3000e-01
CUB056 1.6000e-02 1.1700e-01 2.0000e-03 1.3600e-01 6.4000e-02 1.2000e-02
CUB061 2.8000e-02 3.0000e-03 5.8300e-01 2.3000e-02 3.0000e-03 9.0000e-03
NAU101 4.0300e-01 4.6000e-01 1.0000e-03 9.2200e-01 6.6700e-01 5.0200e-01
NAU102 4.9000e-02 2.2700e-01 1.0000e-03 1.9800e-01 1.1100e-01 2.4000e-02
NAU105 2.8000e-01 9.0800e-01 5.0000e-03 6.1300e-01 7.4600e-01 3.2300e-01
NAU106 2.4000e-02 2.1300e-01 1.0000e-03 1.4200e-01 8.4000e-02 1.0000e-02
NAU107 7.8400e-01 2.3300e-01 7.0000e-03 7.4600e-01 3.3800e-01 9.1600e-01
NAU108 2.7200e-01 9.8700e-01 6.0000e-03 6.5000e-01 8.2300e-01 3.1200e-01
NAU109 2.4000e-02 1.5200e-01 1.0000e-03 1.0500e-01 5.9000e-02 9.0000e-03
NAU110 1.0400e-01 4.8400e-01 2.0000e-03 2.7600e-01 3.0900e-01 8.6000e-02
NAU114 1.4600e-01 7.1200e-01 1.0000e-03 4.6200e-01 5.2100e-01 1.7600e-01
NAU117 1.5300e-01 1.5000e-02 8.2300e-01 8.6000e-02 2.3000e-02 6.9000e-02
NAU119 7.9600e-01 2.4500e-01 5.0000e-03 7.6500e-01 3.4100e-01 9.6600e-01
NAU121 5.9600e-01 2.9600e-01 3.0000e-03 8.8200e-01 4.5800e-01 8.5400e-01
NAU123 1.2500e-01 3.0000e-03 3.1700e-01 6.4000e-02 3.0000e-03 2.8000e-02
NAU124 1.9400e-01 9.1500e-01 1.0000e-03 5.6400e-01 6.9700e-01 1.9200e-01
NAU129 2.8800e-01 1.0000e-02 1.8100e-01 1.3800e-01 1.5000e-02 1.0300e-01
NAU130 6.9400e-01 5.4000e-02 3.2000e-02 3.6400e-01 6.7000e-02 3.5500e-01
NAU132 5.7000e-02 4.8500e-01 2.0000e-03 3.0400e-01 2.6200e-01 5.6000e-02
NAU133 8.5100e-01 3.6700e-01 3.4000e-02 7.9600e-01 4.7800e-01 9.3000e-01
NAU134 4.6200e-01 8.6000e-01 1.6000e-02 7.9200e-01 9.7100e-01 5.7800e-01
NAU136 4.8100e-01 1.4200e-01 5.8800e-01 3.2500e-01 1.9900e-01 3.4300e-01
NAU137 5.4400e-01 5.7000e-02 1.8400e-01 2.9700e-01 7.3000e-02 2.6300e-01
NAU139 8.9100e-01 1.5500e-01 4.3000e-02 5.6300e-01 2.4700e-01 6.2100e-01
NAU144 4.9000e-02 3.5700e-01 1.0000e-03 2.1600e-01 1.7900e-01 3.0000e-02
NAU148 2.5000e-02 1.1200e-01 1.0000e-03 9.0000e-02 7.1000e-02 1.9000e-02
NAU149 5.0000e-02 4.2900e-01 1.0000e-03 2.7500e-01 2.0100e-01 2.9000e-02
NAU150 3.4500e-01 7.9500e-01 3.0000e-03 7.5800e-01 9.8400e-01 4.3800e-01
NAU153 2.2800e-01 9.2600e-01 3.0000e-03 5.8700e-01 7.1000e-01 2.2100e-01
NAU154 7.0400e-01 1.7000e-02 1.6000e-02 3.1900e-01 3.8000e-02 2.9500e-01
NAU155 3.2400e-01 7.6400e-01 3.0000e-03 7.8300e-01 9.7400e-01 4.2600e-01
NAU156 7.4500e-01 7.5000e-02 5.0000e-02 4.4200e-01 1.0400e-01 4.2000e-01
NAU157 6.4000e-02 4.4300e-01 1.0000e-03 2.6400e-01 2.0800e-01 3.5000e-02
NAU159 4.0400e-01 6.5300e-01 3.0000e-03 8.3100e-01 8.5500e-01 5.2800e-01
NAU160 5.1600e-01 6.3800e-01 8.0000e-03 9.3400e-01 8.3000e-01 6.6000e-01
NAU161 7.9000e-01 3.6100e-01 1.7000e-02 8.4300e-01 4.9900e-01 9.8200e-01
NAU164 7.2200e-01 5.2000e-02 5.0000e-02 4.1300e-01 6.9000e-02 3.8200e-01
NCS203 1.3000e-02 1.1600e-01 1.0000e-03 1.0300e-01 4.2000e-02 7.0000e-03
NCS204 2.8800e-01 9.3100e-01 5.0000e-03 6.2800e-01 7.6700e-01 3.7900e-01
NCS210 8.8100e-01 2.3200e-01 7.9000e-02 6.0400e-01 3.0300e-01 6.5500e-01
NCS212 8.6000e-01 1.8200e-01 1.0000e-02 7.0900e-01 2.8800e-01 8.4600e-01
NCS213 3.4000e-02 2.1900e-01 1.0000e-03 1.6200e-01 1.0700e-01 2.1000e-02
NCS214 9.3200e-01 2.5200e-01 2.3000e-02 6.7000e-01 3.4000e-01 8.0200e-01
NCS233            2.5000e-01 4.9000e-02 6.4500e-01 3.5500e-01 7.5200e-01
NCS234 2.4542e-01            2.0000e-03 6.3300e-01 7.8100e-01 3.0600e-01
NCS236 5.0265e-02 1.2654e-03            2.3000e-02 4.0000e-03 8.0000e-03
NCS243 6.4390e-01 6.1069e-01 2.7570e-02            7.7800e-01 7.8900e-01
NCS248 3.4657e-01 7.7324e-01 2.3605e-03 7.6152e-01            4.2900e-01
NCS253 7.5330e-01 2.8415e-01 9.8837e-03 7.9081e-01 4.1563e-01           
NCS255 8.6509e-02 5.5322e-01 1.3160e-04 3.4748e-01 3.2695e-01 6.9935e-02
NCS263 8.2064e-01 2.9506e-01 2.1453e-02 7.7405e-01 4.1207e-01 9.4280e-01
           NCS255 NCS263
CUB000 2.5800e-01  0.560
CUB003 5.2400e-01  0.165
CUB004 6.2000e-02  0.442
CUB007 8.4000e-02  0.982
CUB009 3.0000e-03  0.992
CUB010 1.7800e-01  0.457
CUB011 9.7000e-02  0.894
CUB012 6.1400e-01  0.376
CUB015 1.2900e-01  0.785
CUB016 3.0000e-03  0.057
CUB017 1.9200e-01  0.783
CUB019 1.6500e-01  0.016
CUB026 3.1800e-01  0.316
CUB027 2.4100e-01  0.477
CUB028 8.2900e-01  0.312
CUB029 1.2200e-01  0.805
CUB032 1.9000e-02  0.527
CUB033 1.3000e-02  0.272
CUB036 1.0100e-01  0.847
CUB037 4.3200e-01  0.023
CUB038 1.4200e-01  0.504
CUB040 5.7300e-01  0.147
CUB042 8.0000e-03  0.434
CUB044 5.9000e-02  0.774
CUB048 9.8900e-01  0.130
CUB049 9.8900e-01  0.136
CUB050 2.0700e-01  0.013
CUB052 1.8600e-01  0.023
CUB053 3.2800e-01  0.401
CUB056 1.8500e-01  0.019
CUB061 1.0000e-03  0.016
NAU101 3.1000e-02  0.469
NAU102 3.3700e-01  0.031
NAU105 7.5200e-01  0.328
NAU106 3.0800e-01  0.013
NAU107 2.6000e-02  0.990
NAU108 5.1900e-01  0.318
NAU109 2.1900e-01  0.017
NAU110 7.4300e-01  0.106
NAU114 8.8800e-01  0.172
NAU117 5.0000e-03  0.100
NAU119 1.6000e-02  0.970
NAU121 2.2000e-02  0.802
NAU123 1.0000e-03  0.051
NAU124 6.2900e-01  0.240
NAU129 2.0000e-03  0.145
NAU130 3.0000e-03  0.458
NAU132 8.2900e-01  0.061
NAU133 1.0900e-01  0.988
NAU134 5.5000e-01  0.563
NAU136 6.8000e-02  0.432
NAU137 6.0000e-03  0.345
NAU139 4.3000e-02  0.690
NAU144 5.5600e-01  0.048
NAU148 1.6000e-01  0.030
NAU149 7.0700e-01  0.038
NAU150 4.0300e-01  0.452
NAU153 6.3500e-01  0.237
NAU154 1.0000e-03  0.378
NAU155 3.0300e-01  0.429
NAU156 1.0000e-02  0.527
NAU157 7.4900e-01  0.041
NAU159 2.0200e-01  0.500
NAU160 2.7100e-01  0.649
NAU161 8.7000e-02  0.938
NAU164 2.0000e-03  0.459
NCS203 1.4600e-01  0.008
NCS204 7.5900e-01  0.365
NCS210 7.1000e-02  0.711
NCS212 1.5000e-02  0.934
NCS213 3.2200e-01  0.030
NCS214 5.4000e-02  0.872
NCS233 7.8000e-02  0.838
NCS234 6.0200e-01  0.324
NCS236 1.0000e-03  0.018
NCS243 3.4000e-01  0.785
NCS248 3.5400e-01  0.417
NCS253 6.2000e-02  0.942
NCS255             0.070
NCS263 7.7116e-02       
