CUB008_vs._CUB008	0.094318417	0.184123738	0.201861213	0.154654781	0.170303765	0.142144784	0.173054171	0.244452683	0.235651907	0.214911183	0.228221078	0.172552494	0.202452264	0.172716509	0.203307524	0.275370538	0.265321092	0.040159473	0.093688457	0.044902483	0.078808136	0.040936089	0.078163275	0.067001191	0.092526606	0.06443738	0.096065577	0.061940634	0.073477544	0.056629718	0.094453368	0.076392671	0.08055512	0.147281274	0.134710328	0.062752741	0.044231456	0.090068998	0.08580796	0.065828609	0.132351083	0.124511267	0.093208386	0.090850324	0.038635522
CUB049_vs._CUB049	0.11764259	0.121261898	0.151051874	0.099936675	0.097410097	0.322071457	0.267186755	0.062356184	0.11193776	0.097677475	0.138123791	0.347306165	0.326813009	0.113963632	0.094255081	0.134637661	0.376473521	0.317503861	0.125095015	0.163955067	0.399942741	0.337811819	0.071800074	0.375622404	0.304603826	0.372834286	0.285559838	0.30530213
NAU144_vs._NAU144	0.082021195	0.071654593	0.112907825	0.238499378	0.192085303	0.249095105	0.15195774	0.10152358	0.145323454	0.276504413	0.232460358	0.214294214	0.199965499	0.097372478	0.216388239	0.173077114	0.271051156	0.136085955	0.162987037	0.15231962	0.322234204	0.125511519	0.100598591	0.433486995	0.148276982	0.37829517	0.094079005	0.333046487
CUB009_vs._CUB009	0.323941172	0.190812388	0.174515883	0.153412155	0.151396195	0.168295968	0.226822937	0.188501112	0.414071046	0.364653381	0.343921685	0.332263349	0.276670502	0.448262849	0.350559592	0.137309831	0.128723791	0.140277507	0.24452802	0.076411017	0.189041638	0.082032402	0.093130754	0.178601989	0.143814914	0.116974305	0.10133523	0.182445987	0.164136522	0.136946401	0.139389403	0.162821822	0.120447861	0.259630673	0.147886352	0.194218925
NAU105_vs._NAU105	0.211508191	0.145470066	0.11960464	0.268716073	0.280378328	0.274087838	0.143068083	0.191094165	0.173460112	0.185254699	0.167783841	0.145474212	0.172629071	0.181759158	0.21801545	0.254321529	0.226009546	0.256473932	0.107573905	0.138026657	0.162176208
CUB056_vs._CUB056	0.191630768	0.297371489	0.209785418	0.269249409	0.120851636	0.198598923	0.225426624	0.181854637	0.102104264	0.175590025	0.255712318	0.078996949	0.143885148	0.161656355	0.077038748	0.359324669	0.16576848	0.207072497	0.149509789	0.284189136	0.091942267	0.17572462	0.340383211	0.155984558	0.203514249	0.273040109	0.292335272	0.137893479
NAU139_vs._NAU139	0.413094366	0.186306608	0.129054924	0.117808827	0.088134409	0.148227618	0.170412253	0.103705205	0.245549408	0.339712074	0.362596559	0.358994289	0.51071365	0.538642871	0.347450551	0.130672992	0.171465911	0.140151765	0.293459164	0.322920087	0.133278603	0.089986135	0.150697725	0.240721326	0.266647545	0.149577165	0.1180558	0.231332347	0.248834976	0.107953516	0.194472363	0.214626144	0.045509428	0.132392099	0.213789685	0.230484246
CUB015_vs._CUB015	0.185096426	0.241027838	0.207392033	0.202440022	0.268217371	0.237240658	0.188680122	0.198521657	0.188123524	0.124804281	0.113914616	0.194212039	0.159480536	0.066704238	0.126402515	0.217716373	0.245736896	0.321106087	0.144839838	0.204449646	0.267016975	0.196417439	0.21059033	0.178654513	0.147721085	0.199242198	0.135928273	0.222557874	0.096798622	0.075282789	0.310984291	0.194666517	0.124478176	0.161455912	0.237552743	0.121139045
NAU150_vs._NAU150	0.069917368	0.310310687	0.266136726	0.072191325	0.309879721	0.298425197	0.328528054	0.211816395	0.287063121	0.271681996	0.063863607	0.300210457	0.302026033	0.319553884	0.194237451	0.130877931	0.313092818	0.158281504	0.148524076	0.181118093	0.165902326	0.275047463	0.170056037	0.149974021	0.194196956	0.138656037	0.31658186	0.31562853	0.334916003	0.204026422	0.145163492	0.081522409	0.17165576	0.149850639	0.171606088	0.196270867
CUB007_vs._CUB007	0.655597617	0.685220925	0.659442856	0.627335551	0.651910993	0.610067362	0.645729732	0.62204574	0.151296274	0.180983553	0.150223598	0.186257846	0.155510969	0.141333737	0.237752659	0.107178331	0.190921162	0.18960017	0.273272007	0.129057293	0.241835593	0.156157647	0.191884623	0.287870736	0.117202186	0.232291722	0.121410692	0.202028023	0.114582655	0.207370611	0.215119647	0.106402071	0.120414227	0.230956098	0.210022176	0.167591286
CUB042_vs._CUB042	0.201244701	0.355037685	0.212931724	0.201770989	0.265608119	0.224688345	0.266620562	0.308926137	0.287920856	0.229395568	0.095229951	0.076064706	0.166277058	0.108212292	0.195277465	0.161455132	0.168140031	0.293055517	0.239569356	0.370149728	0.230139018	0.226577947	0.172259304	0.334129617	0.087856771	0.133171285	0.122190263	0.202990266	0.216770307	0.168305938	0.163575216	0.105036422	0.171894645	0.186023758	0.167545071	0.201262618	0.237390847	0.276653528	0.119362895	0.155982255	0.16334621	0.208257363	0.193879119	0.201201292	0.240265079
NCS204_vs._NCS204	0.095019144	0.129270985	0.619782718	0.234958232	0.209125316	0.105551389	0.189790747	0.075818867	0.179087677	0.620145824	0.277375182	0.146266812	0.111595377	0.125246357	0.073541421	0.633696401	0.231739401	0.272785331	0.103390652	0.24966756	0.15328899	0.707864318	0.575959644	0.639718975	0.588586233	0.621633227	0.405924924	0.244494819	0.341166517	0.256378363	0.209839605	0.166931567	0.179220913	0.17380615	0.112640026	0.172470332
CUB010_vs._CUB010	0.164160181	0.237125708	0.246260111	0.254252187	0.207638121	0.40043149	0.308691111	0.296944199	0.241231795	0.149973633	0.14756002	0.202905636	0.242447484	0.344985073	0.266348074	0.24464425	0.228673442	0.098402279	0.194962877	0.295145521	0.279773878	0.205420141	0.187309793	0.278962837	0.18821542	0.288598244	0.303367647	0.229660542	0.214195464	0.276262772	0.17188923	0.223894041	0.134902476	0.138919622	0.151156204	0.285546591	0.21470405	0.18677029	0.180276938	0.130100829	0.154622683	0.299374495	0.103582742	0.214240594	0.196898634
CUB011_vs._CUB011	0.100753575	0.210777622	0.285990671	0.11593726	0.378459614	0.144262976	0.367545368	0.259730505	0.320430118	0.072706953	0.429834361	0.170768463	0.407921593	0.128197887	0.274694014	0.222322682	0.1389009	0.2054429	0.343083485	0.154648227	0.195716413	0.169043505	0.446294146	0.194208768	0.425930022	0.293841284	0.170162328	0.275646978
CUB052_vs._CUB052	0.338751918	0.147060869	0.144133975	0.144352539	0.181690045	0.238916305	0.183402267	0.408015961	0.351159504	0.259796225	0.278731139	0.246815123	0.313131145	0.220805625	0.437488477	0.175027167	0.182496984	0.075429364	0.070918218	0.135290812	0.122940454	0.21530498	0.331324302	0.231995999	0.07956665	0.099145794	0.127985404	0.209817316	0.34027107	0.244702237	0.140646518	0.125511684	0.216607102	0.32846144	0.250930437	0.144334866	0.192515678	0.373200104	0.257770987	0.278756464	0.271720896	0.169061185	0.505454042	0.406107311	0.203994321
NAU153_vs._NAU153	0.592038514	0.361990095	0.245038188	0.171778282	0.247652006	0.212812573	0.364044535	0.354961025	0.439650486	0.510087876	0.459843916	0.441071527	0.373492449	0.162883813	0.276402219	0.203589879	0.181988486	0.096859664	0.212072448	0.132789154	0.139487285	0.175669779	0.146076528	0.151118181	0.299996997	0.123565319	0.220475077	0.190427462
CUB004_vs._CUB004	0.240712257	0.2996212	0.233967726	0.320722881	0.160111567	0.2574917	0.313231771	0.351660876	0.343487552	0.185037109	0.267116891	0.191556856	0.252881616	0.180069409	0.149466208	0.191625009	0.180638129	0.277794428	0.149163253	0.273469689	0.175679114	0.130084071	0.131076714	0.184502346	0.303020447	0.219336623	0.247630122	0.309614479	0.336732178	0.330322374	0.290873838	0.153423931	0.17419738	0.124936381	0.180114527	0.201704063	0.274741518	0.312692981	0.297801369	0.189044723	0.16806443	0.22001075	0.110908841	0.137423025	0.155443104
NAU130_vs._NAU130	0.35434823	0.356198333	0.326816148	0.298605077	0.173622508	0.228117439	0.236263269	0.319951575	0.087335783	0.16212788	0.145973625	0.262579264	0.315121699	0.281603383	0.146754453	0.142137195	0.121054502	0.267029777	0.317639176	0.28983729	0.115705238	0.094249549	0.23522544	0.267539149	0.235951895	0.117812869	0.206559953	0.246813198	0.217529552	0.085745344	0.140889571	0.132768161	0.221712513	0.088352416	0.270612794	0.244687342
NCS203_vs._NCS203	0.101376961	0.24687947	0.12765418	0.22489282	0.410535018	0.322495385	0.208849401	0.069479249	0.166677467	0.355455807	0.262446236	0.19947462	0.112115366	0.232640094	0.223461291	0.159568314	0.36044944	0.233277411	0.27314659	0.238051185	0.255749089
CUB037_vs._CUB037	0.140741067	0.297815869	0.325102436	0.197184148	0.127283037	0.167074327	0.15336271	0.274680314	0.254382761	0.242863383	0.08909261	0.206915106	0.241804715	0.228974541	0.396622325	0.275285166	0.381325744	0.367491395	0.400270112	0.279082605	0.352649893	0.393011392	0.218712111	0.174031937	0.131080994	0.159907978	0.223856609	0.167556339
NAU147_vs._NAU147	0.072580224	0.324685375	0.301970229	0.0809781	0.209187389	0.110060697	0.290999487	0.272815055	0.050231116	0.172981141	0.151109295	0.235034904	0.290424449	0.237414354	0.347058562	0.263243263	0.243073292	0.334989828	0.173184021	0.156794305	0.274027092
CUB000_vs._CUB000	0.576553382	0.449147274	0.133431911	0.170480028	0.202814127	0.117597191	0.18993146	0.17102156	0.655500524	0.580048717	0.512630158	0.495852951	0.553137953	0.706522478	0.560232144	0.403266815	0.438576098	0.389939347	0.413679131	0.525043908	0.402802962	0.141495537	0.160733614	0.0963502	0.219697731	0.122435351	0.213024077	0.147939031	0.246481878	0.201331704	0.166271138	0.341657773	0.108595305	0.228858845	0.145484159	0.296922124
NAU110_vs._NAU110	0.315378533	0.245402043	0.248707943	0.45194395	0.41392463	0.222810662	0.368255985	0.302424896	0.149023932	0.283075884	0.241307017	0.238325027	0.238764225	0.209112774	0.134066825	0.202352026	0.243385317	0.218235377	0.142191151	0.172609696	0.204112371	0.319133671	0.308935791	0.146903805	0.27371159	0.299785291	0.22141229	0.30402654	0.171614845	0.339307612	0.28032669	0.141761665	0.307612338	0.209692819	0.231315124	0.269832779
CUB040_vs._CUB040	0.533669078	0.104510979	0.07810189	0.168785234	0.152304826	0.521508148	0.189345703	0.173284239	0.574538213	0.504538732	0.508847846	0.485873672	0.10561846	0.467107901	0.614500011	0.114842507	0.234614903	0.207462643	0.562423743	0.2531304	0.126962748	0.177942442	0.142646294	0.491293526	0.191217489	0.171062833	0.16945992	0.495623038	0.129295675	0.270126925	0.472050046	0.184366181	0.252642197	0.455466525	0.602746037	0.279065524
NAU154_vs._NAU154	0.104241948	0.160389609	0.261772393	0.212742653	0.296717688	0.220872016	0.25001681	0.261464194	0.138583741	0.293097199	0.258962101	0.344047214	0.28737794	0.244474394	0.30028065	0.364973016	0.335048118	0.409948683	0.348387035	0.213833533	0.373681157	0.107597454	0.091504555	0.176159257	0.454535845	0.090864877	0.125771597	0.142734631	0.409896519	0.098738895	0.215629862	0.496294198	0.103384468	0.336293154	0.17371383	0.442790228
NCS237_vs._NCS237	0.400618682	0.129825498	0.180016948	0.217644751	0.356077276	0.28341649	0.400571822	0.300162958	0.457621103	0.545839048	0.473597392	0.126402148	0.143815857	0.294749806	0.211957868	0.199097011	0.365178044	0.256410344	0.184120675	0.131263461	0.176734376
CUB032_vs._CUB032	0.090213029	0.175848821	0.078009922	0.295549615	0.127688077	0.28870767	0.366669793	0.229291062	0.099804811	0.301850132	0.11479857	0.301096371	0.37745988	0.200070607	0.308967306	0.212055802	0.307431199	0.376470924	0.339597415	0.156589925	0.333174674	0.396790217	0.21679087	0.196635241	0.189075516	0.225043647	0.308265006	0.294301443
CUB012_vs._CUB012	0.521066899	0.390774018	0.311918634	0.244761593	0.238491545	0.340666109	0.247208229	0.281373804	0.581949091	0.692624887	0.572632474	0.614901046	0.579872074	0.58561423	0.662212841	0.37130682	0.244317429	0.268071747	0.123168551	0.283308715	0.3443213	0.253216573	0.194102489	0.339173885	0.256800413	0.113903878	0.144585134	0.204881068	0.140042126	0.192019959	0.194065272	0.124618756	0.157234947	0.210328744	0.308312101	0.209300309
NAU109_vs._NAU109	0.294947161	0.349353028	0.386794783	0.28160934	0.438486497	0.577103833	0.488852433	0.341634062	0.218444005	0.246264798	0.214237975	0.350575984	0.343841014	0.308140302	0.213448315	0.100277789	0.184270468	0.197227235	0.329478855	0.189496861	0.127891514	0.166872791	0.160582156	0.337227508	0.156696896	0.098415851	0.201657879	0.461549553	0.285335241	0.124191654	0.430148064	0.233676132	0.175592957	0.289066108	0.396049293	0.197692961
CUB044_vs._CUB044	0.078077007	0.143586868	0.264673927	0.515983257	0.300612265	0.469348255	0.214287783	0.175638314	0.150828216	0.144453301	0.263162428	0.505085476	0.262183892	0.45506564	0.210816758	0.174986529	0.119249279	0.261422383	0.465083507	0.248499447	0.444238471	0.236570021	0.147558696	0.162807086	0.320847852	0.175666622	0.253266994	0.414221256	0.321547575	0.341073327	0.35841705	0.19753784	0.656834698	0.550830593	0.578755357	0.327836508	0.385738028	0.280504753	0.294235335	0.598799232	0.503569115	0.523273667	0.210560587	0.136642299	0.168788122
NAU136_vs._NAU136	0.22615418	0.224317844	0.101278216	0.233435665	0.143248462	0.550763471	0.287698409	0.380493696	0.095302988	0.273375336	0.408576507	0.219034818	0.405149669	0.164633541	0.21862942	0.271794942	0.408867029	0.220086074	0.421926777	0.156713931	0.23170113	0.184998033	0.175894484	0.595690041	0.328295117	0.424579344	0.248712285	0.634999018	0.42921982	0.432147843	0.469960675	0.240795627	0.296791234	0.404006588	0.268080443	0.220651949
NAU123_vs._NAU123	0.253372506	0.441198251	0.451911797	0.132531223	0.428750273	0.326433914	0.439152199	0.241479201	0.303538669	0.208245645	0.264744205	0.189843754	0.265921205	0.171150564	0.392390624	0.12933019	0.242999137	0.284065262	0.40719574	0.219653456	0.237111283	0.349987356	0.372943674	0.269066885	0.38740692	0.262921027	0.301521308	0.288186505
NAU160_vs._NAU160	0.574773341	0.266678459	0.181615947	0.322612117	0.380627977	0.162033581	0.163725663	0.397183994	0.595116446	0.466228002	0.49337337	0.523055666	0.58911198	0.260699362	0.17631979	0.21216742	0.19964511	0.26068226	0.28905422	0.291350004	0.157079226	0.122293118	0.146845074	0.263555444	0.312525176	0.289617832	0.309350438	0.161679186
NAU124_vs._NAU124	0.100266447	0.135618594	0.815304349	0.137587012	0.122338836	0.311977908	0.512320837	0.210555299	0.115921139	0.794213686	0.200215217	0.113420047	0.274686005	0.487162132	0.20787544	0.784830999	0.178109636	0.07155508	0.224498866	0.467518675	0.138579111	0.821293787	0.797794385	0.646446885	0.457336138	0.791454086	0.152210606	0.347376602	0.521914559	0.171382505	0.25362552	0.480389027	0.126884289	0.307909997	0.290542897	0.481128084
NAU106_vs._NAU106	0.36672846	0.110912208	0.170799013	0.172150822	0.118311686	0.28240902	0.343106203	0.28907641	0.311480394	0.377477569	0.443869746	0.381085902	0.47923534	0.521738687	0.47263241	0.164985067	0.235038854	0.13442756	0.305357016	0.354094065	0.297978188	0.231464875	0.184681865	0.321249527	0.296501774	0.245628673	0.158487802	0.293213784	0.324122543	0.167293774	0.2409268	0.286545213	0.215678386	0.104877019	0.243611936	0.225019373
NAU146_vs._NAU146	0.444867724	0.165264374	0.092691379	0.185288752	0.151442132	0.302692027	0.329014222	0.435588601	0.314625548	0.504338226	0.521665967	0.136971665	0.062824032	0.22418065	0.337351083	0.147279067	0.129803033	0.28476412	0.234128428	0.314046803	0.322223619
CUB048_vs._CUB048	0.214921535	0.204561032	0.165582427	0.288865791	0.26133343	0.501701149	0.287381185	0.280612194	0.206719573	0.120703403	0.14867441	0.366790892	0.319373589	0.560351798	0.182547756	0.170210777	0.194828672	0.177920555	0.309762565	0.27670402	0.522268917	0.266485767	0.25309312	0.174934479	0.356675874	0.309438667	0.524572036	0.259113366	0.228955267	0.210274324	0.315110995	0.556975026	0.468983666	0.469589555	0.373610742	0.544676587	0.398529701	0.381481518	0.300877227	0.646842454	0.617660465	0.547262928	0.138658061	0.250857116	0.159160523
All_within_PersonalID	0.239618486	0.151082074	0.323286332	0.594960302	0.430457271	0.162627483	0.26002358	0.333810894	0.410990238	0.70198802	0.358100819	0.308515883	0.333225534	0.286146586	0.554236156	0.471611825	0.212041439	0.259026962	0.317268288	0.473098277	0.300506977	0.220922238	0.729631985	0.553624997	0.446125634	0.472788202	0.433440571	0.281213267	0.352165676	0.68966403	0.846439588	0.417680012	0.188676833	0.330142298	0.35464804	0.380912152	0.426604308	0.659214376	0.23227452	0.448701625	0.620414428	0.62938628	0.364199732	0.25452237	0.39751343	0.728385167	0.85914894	0.867424302	0.484941064	0.59335618	0.864614905	0.971249668	0.979907614	0.59313719	0.444332565	0.559900512	0.585038136	0.241353442	0.279083767	0.263450247	0.375002959	0.112144772	0.413046242	0.436386486	0.253372506	0.441198251	0.451911797	0.132531223	0.428750273	0.326433914	0.439152199	0.241479201	0.303538669	0.208245645	0.264744205	0.189843754	0.265921205	0.171150564	0.392390624	0.12933019	0.242999137	0.284065262	0.40719574	0.219653456	0.237111283	0.349987356	0.372943674	0.269066885	0.38740692	0.262921027	0.301521308	0.288186505	0.100266447	0.135618594	0.815304349	0.137587012	0.122338836	0.311977908	0.512320837	0.210555299	0.115921139	0.794213686	0.200215217	0.113420047	0.274686005	0.487162132	0.20787544	0.784830999	0.178109636	0.07155508	0.224498866	0.467518675	0.138579111	0.821293787	0.797794385	0.646446885	0.457336138	0.791454086	0.152210606	0.347376602	0.521914559	0.171382505	0.25362552	0.480389027	0.126884289	0.307909997	0.290542897	0.481128084	0.581952587	0.6494838	0.67656454	0.552449346	0.775881842	0.520035976	0.379395684	0.161079335	0.216944525	0.127620003	1.023511499	0.272041663	0.325636089	0.175099586	0.202178076	1.068805098	0.324629942	0.418890472	0.272167118	1.096489882	0.430604304	0.45778015	1.0223582	0.243034028	0.278945964	0.957173812	0.947309714	0.321613332	0.63063875	0.307349788	0.415758487	0.681902814	0.445333242	0.415911362	0.610134119	0.124601042	0.46406495	0.493147913	0.13537602	0.315440168	0.3663915	0.154064225	0.596324594	0.340313497	0.534408878	0.279506638	0.239393272	0.477852917	0.283144078	0.539536247	0.433863883	0.202365373	0.49240254	0.368418559	0.37918895	0.425601226	0.205932683	0.639375926	0.319948874	0.381176137	0.429559904	0.380740835	0.370734484	0.570974849	0.090213029	0.175848821	0.078009922	0.295549615	0.127688077	0.28870767	0.366669793	0.229291062	0.099804811	0.301850132	0.11479857	0.301096371	0.37745988	0.200070607	0.308967306	0.212055802	0.307431199	0.376470924	0.339597415	0.156589925	0.333174674	0.396790217	0.21679087	0.196635241	0.189075516	0.225043647	0.308265006	0.294301443	0.140741067	0.297815869	0.325102436	0.197184148	0.127283037	0.167074327	0.15336271	0.274680314	0.254382761	0.242863383	0.08909261	0.206915106	0.241804715	0.228974541	0.396622325	0.275285166	0.381325744	0.367491395	0.400270112	0.279082605	0.352649893	0.393011392	0.218712111	0.174031937	0.131080994	0.159907978	0.223856609	0.167556339	0.852373368	0.615113549	0.38046031	0.610727188	0.944861906	0.69305587	0.531543675	0.578159865	0.642686764	0.665117074	0.35409094	0.370957604	0.636593039	0.305981737	0.170244887	0.703239373	0.367225033	0.287112748	0.317834774	0.748902356	0.422339636	0.217502985	0.77481238	0.400929888	0.238372439	0.511857258	0.740937791	0.306294129	0.240712257	0.2996212	0.233967726	0.320722881	0.160111567	0.2574917	0.313231771	0.351660876	0.343487552	0.185037109	0.267116891	0.191556856	0.252881616	0.180069409	0.149466208	0.191625009	0.180638129	0.277794428	0.149163253	0.273469689	0.175679114	0.130084071	0.131076714	0.184502346	0.303020447	0.219336623	0.247630122	0.309614479	0.336732178	0.330322374	0.290873838	0.153423931	0.17419738	0.124936381	0.180114527	0.201704063	0.274741518	0.312692981	0.297801369	0.189044723	0.16806443	0.22001075	0.110908841	0.137423025	0.155443104	0.655597617	0.685220925	0.659442856	0.627335551	0.651910993	0.610067362	0.645729732	0.62204574	0.151296274	0.180983553	0.150223598	0.186257846	0.155510969	0.141333737	0.237752659	0.107178331	0.190921162	0.18960017	0.273272007	0.129057293	0.241835593	0.156157647	0.191884623	0.287870736	0.117202186	0.232291722	0.121410692	0.202028023	0.114582655	0.207370611	0.215119647	0.106402071	0.120414227	0.230956098	0.210022176	0.167591286	0.576553382	0.449147274	0.133431911	0.170480028	0.202814127	0.117597191	0.18993146	0.17102156	0.655500524	0.580048717	0.512630158	0.495852951	0.553137953	0.706522478	0.560232144	0.403266815	0.438576098	0.389939347	0.413679131	0.525043908	0.402802962	0.141495537	0.160733614	0.0963502	0.219697731	0.122435351	0.213024077	0.147939031	0.246481878	0.201331704	0.166271138	0.341657773	0.108595305	0.228858845	0.145484159	0.296922124	0.759003106	0.418271143	0.502920754	0.61532655	0.394606767	0.4096831	0.449083579	0.126519866	0.625913733	0.540193223	0.616736086	0.43967142	0.563424335	0.607193482	0.622639529	0.721672646	0.361793467	0.588512923	0.515781413	0.481874672	0.458266741	0.588034118	0.358222155	0.483687234	0.30787106	0.180014345	0.218326058	0.128737799	0.485609074	0.384654275	0.269559821	0.25394608	0.265780573	0.580649602	0.112702439	0.172990003	0.137905266	0.373253829	0.301690078	0.183548683	0.39708882	0.349063419	0.434071595	0.3551252	0.588640971	0.094318417	0.184123738	0.201861213	0.154654781	0.170303765	0.142144784	0.173054171	0.244452683	0.235651907	0.214911183	0.228221078	0.172552494	0.202452264	0.172716509	0.203307524	0.275370538	0.265321092	0.040159473	0.093688457	0.044902483	0.078808136	0.040936089	0.078163275	0.067001191	0.092526606	0.06443738	0.096065577	0.061940634	0.073477544	0.056629718	0.094453368	0.076392671	0.08055512	0.147281274	0.134710328	0.062752741	0.044231456	0.090068998	0.08580796	0.065828609	0.132351083	0.124511267	0.093208386	0.090850324	0.038635522	0.323941172	0.190812388	0.174515883	0.153412155	0.151396195	0.168295968	0.226822937	0.188501112	0.414071046	0.364653381	0.343921685	0.332263349	0.276670502	0.448262849	0.350559592	0.137309831	0.128723791	0.140277507	0.24452802	0.076411017	0.189041638	0.082032402	0.093130754	0.178601989	0.143814914	0.116974305	0.10133523	0.182445987	0.164136522	0.136946401	0.139389403	0.162821822	0.120447861	0.259630673	0.147886352	0.194218925	0.517187308	0.355045412	0.541857927	0.219433712	0.529504915	0.350848628	0.295967222	0.135598043	0.688909204	0.226263923	0.365276546	0.154109659	0.678040274	0.536516648	0.552078205	0.682204845	0.534881922	0.696099645	0.290843404	0.258299972	0.331649005	0.469064075	0.11210931	0.712619361	0.524064295	0.585948828	0.429462285	0.522667794	0.414084372	0.283946513	0.698441535	0.535174193	0.574339412	0.277557684	0.294648443	0.260075823	0.165059694	0.210447805	0.341948404	0.315186507	0.324297492	0.270142052	0.23991278	0.188211496	0.216027169	0.398142902	0.324485521	0.327064608	0.241887678	0.15950096	0.2833422	0.316562715	0.41859755	0.433663903	0.360047331	0.297079895	0.323442195	0.626540161	0.642277022	0.585535916	0.46466764	0.431489554	0.051961567	0.143249683	0.262908389	0.348074557	0.136450428	0.275276396	0.364319688	0.18025305	0.312479554	0.29881862	0.521066899	0.390774018	0.311918634	0.244761593	0.238491545	0.340666109	0.247208229	0.281373804	0.581949091	0.692624887	0.572632474	0.614901046	0.579872074	0.58561423	0.662212841	0.37130682	0.244317429	0.268071747	0.123168551	0.283308715	0.3443213	0.253216573	0.194102489	0.339173885	0.256800413	0.113903878	0.144585134	0.204881068	0.140042126	0.192019959	0.194065272	0.124618756	0.157234947	0.210328744	0.308312101	0.209300309	0.100753575	0.210777622	0.285990671	0.11593726	0.378459614	0.144262976	0.367545368	0.259730505	0.320430118	0.072706953	0.429834361	0.170768463	0.407921593	0.128197887	0.274694014	0.222322682	0.1389009	0.2054429	0.343083485	0.154648227	0.195716413	0.169043505	0.446294146	0.194208768	0.425930022	0.293841284	0.170162328	0.275646978	0.164160181	0.237125708	0.246260111	0.254252187	0.207638121	0.40043149	0.308691111	0.296944199	0.241231795	0.149973633	0.14756002	0.202905636	0.242447484	0.344985073	0.266348074	0.24464425	0.228673442	0.098402279	0.194962877	0.295145521	0.279773878	0.205420141	0.187309793	0.278962837	0.18821542	0.288598244	0.303367647	0.229660542	0.214195464	0.276262772	0.17188923	0.223894041	0.134902476	0.138919622	0.151156204	0.285546591	0.21470405	0.18677029	0.180276938	0.130100829	0.154622683	0.299374495	0.103582742	0.214240594	0.196898634	0.602945435	0.698773894	0.558861676	0.698378167	0.667370225	0.613715303	0.713500021	0.638396282	0.461227585	0.168488389	0.530991742	0.403642022	0.278270968	0.58642838	0.434519863	0.403895036	0.189721615	0.128074885	0.431992017	0.822736253	0.1472359	0.469018651	0.354651101	0.345739035	0.560855397	0.366347042	0.173878698	0.3798379	0.861165856	0.188691487	0.377829052	0.761073316	0.126196467	0.665171574	0.393191425	0.784968203	0.185096426	0.241027838	0.207392033	0.202440022	0.268217371	0.237240658	0.188680122	0.198521657	0.188123524	0.124804281	0.113914616	0.194212039	0.159480536	0.066704238	0.126402515	0.217716373	0.245736896	0.321106087	0.144839838	0.204449646	0.267016975	0.196417439	0.21059033	0.178654513	0.147721085	0.199242198	0.135928273	0.222557874	0.096798622	0.075282789	0.310984291	0.194666517	0.124478176	0.161455912	0.237552743	0.121139045	0.229923304	0.235780903	0.411049619	0.35460964	0.624218516	0.207479345	0.272877254	0.39314523	0.109470429	0.334228199	0.229561256	0.566974216	0.138909833	0.125927312	0.322003618	0.284093902	0.218921779	0.545526211	0.127080378	0.144401985	0.287268819	0.246966749	0.474705509	0.362996104	0.352721875	0.448496859	0.529719784	0.299831667	0.279385704	0.38689367	0.559276417	0.517588758	0.543207818	0.129424027	0.270531849	0.239138606	0.46829921	0.568448427	0.521197437	0.321669245	0.441805438	0.561778161	0.378386038	0.343047636	0.130251757	0.774219835	0.617802603	0.117081936	0.143622749	0.675033668	0.634894764	0.83326862	0.697548012	0.204730059	0.099767028	0.730705225	0.692086331	0.456990476	0.757662697	0.841054052	0.417362089	0.455679447	0.615933809	0.689571436	0.202060641	0.214436137	0.189705773	0.674106204	0.632856466	0.737469357	0.697396055	0.116851648	0.225353219	0.846189946	0.911880312	0.645596104	0.555671709	0.640010396	0.745506307	0.812192521	0.457066837	0.471716682	0.459433903	0.219672228	0.567996814	0.422574091	0.583395092	0.639764492	0.547676411	0.65155356	0.455360987	0.209384432	0.426675375	0.315378533	0.245402043	0.248707943	0.45194395	0.41392463	0.222810662	0.368255985	0.302424896	0.149023932	0.283075884	0.241307017	0.238325027	0.238764225	0.209112774	0.134066825	0.202352026	0.243385317	0.218235377	0.142191151	0.172609696	0.204112371	0.319133671	0.308935791	0.146903805	0.27371159	0.299785291	0.22141229	0.30402654	0.171614845	0.339307612	0.28032669	0.141761665	0.307612338	0.209692819	0.231315124	0.269832779	0.275620443	0.288413602	0.22314884	0.483591843	0.443909116	0.105699429	0.087269998	0.464300929	0.201366599	0.42237462	0.390421721	0.316002256	0.313159583	0.432504618	0.626008287	0.560274526	0.228789781	0.253722284	0.329671905	0.280856874	0.253895189	0.245581264	0.158374507	0.50162742	0.501993129	0.454511037	0.46184585	0.092776537	0.438901159	0.093902239	0.446545463	0.363866915	0.391669579	0.108075786	0.375362226	0.344355452	0.437793276	0.171128666	0.42854508	0.439122066	0.370278613	0.238704803	0.446560681	0.427905	0.331248012	0.353727458	0.130005911	0.359964119	0.305395345	0.332203832	0.346253054	0.369667975	0.240495181	0.335395389	0.110516512	0.330135829	0.357857229	0.111014223	0.347110807	0.345020973	0.120675733	0.300388578	0.308364116	0.361368068	0.510773918	0.406214186	0.363919538	0.333914263	0.409483936	0.366179816	0.442602564	0.510206902	0.68154069	0.282847761	0.160007172	0.279873766	0.397649342	0.372710028	0.549229765	0.443176128	0.44765895	0.421092212	0.448252141	0.612275156	0.556720834	0.629329966	0.267957185	0.303670921	0.442159593	0.200010278	0.340557298	0.209583468	0.36672846	0.110912208	0.170799013	0.172150822	0.118311686	0.28240902	0.343106203	0.28907641	0.311480394	0.377477569	0.443869746	0.381085902	0.47923534	0.521738687	0.47263241	0.164985067	0.235038854	0.13442756	0.305357016	0.354094065	0.297978188	0.231464875	0.184681865	0.321249527	0.296501774	0.245628673	0.158487802	0.293213784	0.324122543	0.167293774	0.2409268	0.286545213	0.215678386	0.104877019	0.243611936	0.225019373	0.211508191	0.145470066	0.11960464	0.268716073	0.280378328	0.274087838	0.143068083	0.191094165	0.173460112	0.185254699	0.167783841	0.145474212	0.172629071	0.181759158	0.21801545	0.254321529	0.226009546	0.256473932	0.107573905	0.138026657	0.162176208	0.294947161	0.349353028	0.386794783	0.28160934	0.438486497	0.577103833	0.488852433	0.341634062	0.218444005	0.246264798	0.214237975	0.350575984	0.343841014	0.308140302	0.213448315	0.100277789	0.184270468	0.197227235	0.329478855	0.189496861	0.127891514	0.166872791	0.160582156	0.337227508	0.156696896	0.098415851	0.201657879	0.461549553	0.285335241	0.124191654	0.430148064	0.233676132	0.175592957	0.289066108	0.396049293	0.197692961	0.642552702	0.672059215	0.719687085	0.620303457	0.650629231	0.598114389	0.161240847	0.709479355	0.132814859	0.233976551	0.504077913	0.796235518	0.195282304	0.31893221	0.606364686	0.69186375	0.677282224	0.52659265	0.241900832	0.506387684	0.548185778	0.559795571	0.309587025	0.317496636	0.398073343	0.169484243	0.224267018	0.381904594	0.370356585	0.272610924	0.601942052	0.509679391	0.203519907	0.254777182	0.33081208	0.208893965	0.120728853	0.373324137	0.226211136	0.449098794	0.299900799	0.192032039	0.574773341	0.266678459	0.181615947	0.322612117	0.380627977	0.162033581	0.163725663	0.397183994	0.595116446	0.466228002	0.49337337	0.523055666	0.58911198	0.260699362	0.17631979	0.21216742	0.19964511	0.26068226	0.28905422	0.291350004	0.157079226	0.122293118	0.146845074	0.263555444	0.312525176	0.289617832	0.309350438	0.161679186	0.095019144	0.129270985	0.619782718	0.234958232	0.209125316	0.105551389	0.189790747	0.075818867	0.179087677	0.620145824	0.277375182	0.146266812	0.111595377	0.125246357	0.073541421	0.633696401	0.231739401	0.272785331	0.103390652	0.24966756	0.15328899	0.707864318	0.575959644	0.639718975	0.588586233	0.621633227	0.405924924	0.244494819	0.341166517	0.256378363	0.209839605	0.166931567	0.179220913	0.17380615	0.112640026	0.172470332	0.101376961	0.24687947	0.12765418	0.22489282	0.410535018	0.322495385	0.208849401	0.069479249	0.166677467	0.355455807	0.262446236	0.19947462	0.112115366	0.232640094	0.223461291	0.159568314	0.36044944	0.233277411	0.27314659	0.238051185	0.255749089	0.069917368	0.310310687	0.266136726	0.072191325	0.309879721	0.298425197	0.328528054	0.211816395	0.287063121	0.271681996	0.063863607	0.300210457	0.302026033	0.319553884	0.194237451	0.130877931	0.313092818	0.158281504	0.148524076	0.181118093	0.165902326	0.275047463	0.170056037	0.149974021	0.194196956	0.138656037	0.31658186	0.31562853	0.334916003	0.204026422	0.145163492	0.081522409	0.17165576	0.149850639	0.171606088	0.196270867	0.592038514	0.361990095	0.245038188	0.171778282	0.247652006	0.212812573	0.364044535	0.354961025	0.439650486	0.510087876	0.459843916	0.441071527	0.373492449	0.162883813	0.276402219	0.203589879	0.181988486	0.096859664	0.212072448	0.132789154	0.139487285	0.175669779	0.146076528	0.151118181	0.299996997	0.123565319	0.220475077	0.190427462	0.104241948	0.160389609	0.261772393	0.212742653	0.296717688	0.220872016	0.25001681	0.261464194	0.138583741	0.293097199	0.258962101	0.344047214	0.28737794	0.244474394	0.30028065	0.364973016	0.335048118	0.409948683	0.348387035	0.213833533	0.373681157	0.107597454	0.091504555	0.176159257	0.454535845	0.090864877	0.125771597	0.142734631	0.409896519	0.098738895	0.215629862	0.496294198	0.103384468	0.336293154	0.17371383	0.442790228	0.792338924	0.049413793	0.63443033	0.969149916	1.034187559	0.895657687	0.969929038	0.964525674	0.784532923	0.562874948	0.733220766	0.480688919	0.403390159	0.94876392	0.831422068	0.629496439	0.962276151	1.027285502	0.889616402	0.964344243	0.958067165	0.705582378	0.798142399	0.452512941	0.836178314	0.743290564	0.829292541	0.698318209	0.321390356	0.1409992	0.452459318	1.044589003	0.917608069	0.916724839	0.760503781	0.210878918	0.559016189	0.345634936	0.38215341	0.459222468	0.420138961	0.421879602	0.518884991	0.479860859	0.492656061	0.755559012	0.276728859	0.23904432	0.324349598	0.454834553	0.30428567	0.312691948	0.420821147	0.277600786	0.615122695	0.307296964	0.595929391	0.363003899	0.256597813	0.309173086	0.477747812	0.313807466	0.357207568	0.321094475	0.394170373	0.383886262	0.205978907	0.287816217	0.204748627	0.272986009	0.213384512	0.387918828	0.239759035	0.524699927	0.278201711	0.445697403	0.35136535	0.52642702	0.341061916	0.103830832	0.26890152	0.185714069	0.397797593	0.31556504	0.194639386	0.295568207	0.282932371	0.243847208	0.152634283	0.382160093	0.176984021	0.194357177	0.306030394	0.168472592	0.594141461	0.623631073	0.075652698	0.0608126	0.484095858	0.291865743	0.587116289	0.617653023	0.202398048	0.206605074	0.48225593	0.208616861	0.099103258	0.561576739	0.561294521	0.188652239	0.744928022	0.591056061	0.590793965	0.202273203	0.773594048	0.054229366	0.452238868	0.328394961	0.451439578	0.329174773	0.637844849	0.307678614	0.368128132	0.378600643	0.516583576	0.508181523	0.295300486	0.447789569	0.363824396	0.513265803	0.308637216	0.519140943	0.3330307	0.527499829	0.616538411	0.586921188	0.658496139	0.136514	0.630283975	0.633169141	0.31810504	0.517048257	0.138827152	0.573706473	0.538780774	0.632776543	0.570183233	0.312683588	0.528795407	0.533669078	0.104510979	0.07810189	0.168785234	0.152304826	0.521508148	0.189345703	0.173284239	0.574538213	0.504538732	0.508847846	0.485873672	0.10561846	0.467107901	0.614500011	0.114842507	0.234614903	0.207462643	0.562423743	0.2531304	0.126962748	0.177942442	0.142646294	0.491293526	0.191217489	0.171062833	0.16945992	0.495623038	0.129295675	0.270126925	0.472050046	0.184366181	0.252642197	0.455466525	0.602746037	0.279065524	0.201244701	0.355037685	0.212931724	0.201770989	0.265608119	0.224688345	0.266620562	0.308926137	0.287920856	0.229395568	0.095229951	0.076064706	0.166277058	0.108212292	0.195277465	0.161455132	0.168140031	0.293055517	0.239569356	0.370149728	0.230139018	0.226577947	0.172259304	0.334129617	0.087856771	0.133171285	0.122190263	0.202990266	0.216770307	0.168305938	0.163575216	0.105036422	0.171894645	0.186023758	0.167545071	0.201262618	0.237390847	0.276653528	0.119362895	0.155982255	0.16334621	0.208257363	0.193879119	0.201201292	0.240265079	0.078077007	0.143586868	0.264673927	0.515983257	0.300612265	0.469348255	0.214287783	0.175638314	0.150828216	0.144453301	0.263162428	0.505085476	0.262183892	0.45506564	0.210816758	0.174986529	0.119249279	0.261422383	0.465083507	0.248499447	0.444238471	0.236570021	0.147558696	0.162807086	0.320847852	0.175666622	0.253266994	0.414221256	0.321547575	0.341073327	0.35841705	0.19753784	0.656834698	0.550830593	0.578755357	0.327836508	0.385738028	0.280504753	0.294235335	0.598799232	0.503569115	0.523273667	0.210560587	0.136642299	0.168788122	0.214921535	0.204561032	0.165582427	0.288865791	0.26133343	0.501701149	0.287381185	0.280612194	0.206719573	0.120703403	0.14867441	0.366790892	0.319373589	0.560351798	0.182547756	0.170210777	0.194828672	0.177920555	0.309762565	0.27670402	0.522268917	0.266485767	0.25309312	0.174934479	0.356675874	0.309438667	0.524572036	0.259113366	0.228955267	0.210274324	0.315110995	0.556975026	0.468983666	0.469589555	0.373610742	0.544676587	0.398529701	0.381481518	0.300877227	0.646842454	0.617660465	0.547262928	0.138658061	0.250857116	0.159160523	0.11764259	0.121261898	0.151051874	0.099936675	0.097410097	0.322071457	0.267186755	0.062356184	0.11193776	0.097677475	0.138123791	0.347306165	0.326813009	0.113963632	0.094255081	0.134637661	0.376473521	0.317503861	0.125095015	0.163955067	0.399942741	0.337811819	0.071800074	0.375622404	0.304603826	0.372834286	0.285559838	0.30530213	0.588120702	0.58851265	0.262761243	0.482549579	0.140227976	0.679791455	0.515530871	0.071566898	0.407646101	0.352671667	0.486901172	0.270245987	0.387352959	0.392114599	0.325930429	0.480094588	0.252153679	0.366035963	0.301655264	0.183861913	0.507247452	0.33285527	0.376997745	0.460180044	0.344541554	0.585566401	0.419211185	0.49699726	0.624784151	0.784189966	0.733109993	0.54140478	0.269623331	0.533389292	0.710778849	0.595731205	0.497836196	0.376090729	0.52231662	0.407462129	0.326509998	0.177765091	0.363361126	0.620458277	0.390227494	0.620414301	0.312600057	0.550973038	0.314876793	0.55595628	0.361643787	0.131961142	0.477637437	0.349803435	0.61351671	0.512924847	0.661527737	0.741312418	0.953223484	0.682736454	0.276474451	0.797700829	0.252322503	0.484386225	0.298375435	0.58753271	0.320472494	0.34640734	0.35769692	0.670579997	0.297496479	0.602233446	0.849450987	0.444541839	0.536877603	0.323232629	0.735862222	0.319606808	0.623782225	0.674030451	0.248545296	0.303732133	0.210554346	0.221975989	0.359048496	0.595459897	0.534391525	0.297297826	0.164400531	0.294158502	0.234215885	0.304350846	0.70334088	0.633429475	0.556819434	0.588776565	0.587606656	0.530424199	0.679504849	0.552504764	0.578329859	0.562127352	0.522239341	0.298790297	0.30666768	0.229001065	0.454060048	0.228125133	0.235331836	0.221617179	0.156241623	0.245654792	0.284075193	0.203361101	0.440695875	0.324250925	0.274155932	0.344210348	0.276926073	0.377914387	0.356460508	0.238661824	0.245187447	0.325612447	0.282480706	0.374072948	0.222407306	0.440328083	0.568222167	0.513535764	0.59175249	0.329252323	0.444547031	0.389762442	0.47807206	0.19581398	0.138923489	0.290643235	0.139621711	0.226648171	0.22254681	0.072580224	0.324685375	0.301970229	0.0809781	0.209187389	0.110060697	0.290999487	0.272815055	0.050231116	0.172981141	0.151109295	0.235034904	0.290424449	0.237414354	0.347058562	0.263243263	0.243073292	0.334989828	0.173184021	0.156794305	0.274027092	0.444867724	0.165264374	0.092691379	0.185288752	0.151442132	0.302692027	0.329014222	0.435588601	0.314625548	0.504338226	0.521665967	0.136971665	0.062824032	0.22418065	0.337351083	0.147279067	0.129803033	0.28476412	0.234128428	0.314046803	0.322223619	0.082021195	0.071654593	0.112907825	0.238499378	0.192085303	0.249095105	0.15195774	0.10152358	0.145323454	0.276504413	0.232460358	0.214294214	0.199965499	0.097372478	0.216388239	0.173077114	0.271051156	0.136085955	0.162987037	0.15231962	0.322234204	0.125511519	0.100598591	0.433486995	0.148276982	0.37829517	0.094079005	0.333046487	0.191630768	0.297371489	0.209785418	0.269249409	0.120851636	0.198598923	0.225426624	0.181854637	0.102104264	0.175590025	0.255712318	0.078996949	0.143885148	0.161656355	0.077038748	0.359324669	0.16576848	0.207072497	0.149509789	0.284189136	0.091942267	0.17572462	0.340383211	0.155984558	0.203514249	0.273040109	0.292335272	0.137893479	0.280365281	0.332574833	0.243667519	0.487074073	0.383413165	0.321127948	0.126061947	0.372407468	0.370325944	0.141113822	0.400844176	0.663123056	0.554583888	0.450487529	0.31549367	0.546354413	0.416470499	0.433411004	0.696878198	0.588879776	0.500737883	0.374156566	0.578698235	0.417345325	0.406434226	0.201593118	0.143931365	0.297828892	0.193423985	0.466398379	0.242740924	0.415068427	0.533523018	0.242418265	0.654600633	0.224965623	0.435280578	0.044417867	0.564147725	0.370688205	0.220494716	0.477609694	0.429734163	0.427077825	0.552157108	0.338751918	0.147060869	0.144133975	0.144352539	0.181690045	0.238916305	0.183402267	0.408015961	0.351159504	0.259796225	0.278731139	0.246815123	0.313131145	0.220805625	0.437488477	0.175027167	0.182496984	0.075429364	0.070918218	0.135290812	0.122940454	0.21530498	0.331324302	0.231995999	0.07956665	0.099145794	0.127985404	0.209817316	0.34027107	0.244702237	0.140646518	0.125511684	0.216607102	0.32846144	0.250930437	0.144334866	0.192515678	0.373200104	0.257770987	0.278756464	0.271720896	0.169061185	0.505454042	0.406107311	0.203994321	0.580887272	0.482056903	0.755148156	0.304632269	0.288174186	0.441650188	0.777220295	0.703805339	0.188438965	0.273456022	0.312384651	0.38062427	0.268569518	0.246072947	0.335676839	0.372385995	0.249827736	0.302953957	0.211880391	0.330492784	0.437677848	0.493454253	0.551808906	0.445632664	0.174928555	0.335274367	0.076887547	0.187051143	0.50471928	0.456842838	0.16290317	0.570592541	0.445031877	0.463259543	0.333419071	0.413115508	0.321692202	0.306138158	0.336080556	0.282532312	0.372069976	0.590279872	0.295319306	0.288735322	0.255021564	0.307161058	0.57452509	0.098294842	0.118750002	0.239199186	0.383890282	0.103357934	0.257922164	0.345768992	0.261931932	0.413735962	0.370079352	0.511927524	0.377842279	0.639530914	0.68027251	0.243887224	0.342186349	0.298998165	0.281944515	0.238172562	0.301908204	0.45613542	0.273946235	0.399616995	0.378114405	0.446896265	0.276419129	0.177773318	0.253557138	0.161056834	0.5360779	0.354179573	0.475590663	0.606766364	0.448565519	0.552890855	0.272912767	0.159651055	0.242363458	0.413094366	0.186306608	0.129054924	0.117808827	0.088134409	0.148227618	0.170412253	0.103705205	0.245549408	0.339712074	0.362596559	0.358994289	0.51071365	0.538642871	0.347450551	0.130672992	0.171465911	0.140151765	0.293459164	0.322920087	0.133278603	0.089986135	0.150697725	0.240721326	0.266647545	0.149577165	0.1180558	0.231332347	0.248834976	0.107953516	0.194472363	0.214626144	0.045509428	0.132392099	0.213789685	0.230484246	0.400618682	0.129825498	0.180016948	0.217644751	0.356077276	0.28341649	0.400571822	0.300162958	0.457621103	0.545839048	0.473597392	0.126402148	0.143815857	0.294749806	0.211957868	0.199097011	0.365178044	0.256410344	0.184120675	0.131263461	0.176734376	0.649812805	0.575973422	0.815176356	0.079342128	0.08188953	0.196514358	0.939066169	0.129105183	0.251321329	0.250304701	0.657551367	0.666397797	0.741709581	0.390973104	0.69430291	0.421224724	0.578627338	0.58384896	0.660740466	0.618570833	0.619914335	0.82146245	0.828980562	0.894663962	0.286170355	0.856464089	0.108307214	0.19674535	0.947895333	0.141574619	0.184587568	0.955006863	0.125074015	1.013313229	0.114311789	0.976266834	0.461188354	0.335942538	0.644973248	0.081973232	0.190019208	0.778443372	0.400646971	0.451800078	0.234331916	0.365323598	0.41969395	0.365149562	0.48487456	0.225362757	0.260616842	0.383709516	0.269865078	0.22017313	0.497878578	0.118233183	0.165382282	0.581808676	0.4803817	0.254734458	0.290010045	0.32890029	0.138278758	0.71596053	0.337124721	0.386833046	0.658202494	0.254890225	0.306705696	0.441377555	0.475743842	0.124293585	0.35434823	0.356198333	0.326816148	0.298605077	0.173622508	0.228117439	0.236263269	0.319951575	0.087335783	0.16212788	0.145973625	0.262579264	0.315121699	0.281603383	0.146754453	0.142137195	0.121054502	0.267029777	0.317639176	0.28983729	0.115705238	0.094249549	0.23522544	0.267539149	0.235951895	0.117812869	0.206559953	0.246813198	0.217529552	0.085745344	0.140889571	0.132768161	0.221712513	0.088352416	0.270612794	0.244687342	0.22615418	0.224317844	0.101278216	0.233435665	0.143248462	0.550763471	0.287698409	0.380493696	0.095302988	0.273375336	0.408576507	0.219034818	0.405149669	0.164633541	0.21862942	0.271794942	0.408867029	0.220086074	0.421926777	0.156713931	0.23170113	0.184998033	0.175894484	0.595690041	0.328295117	0.424579344	0.248712285	0.634999018	0.42921982	0.432147843	0.469960675	0.240795627	0.296791234	0.404006588	0.268080443	0.220651949	0.493393648	0.205820566	0.519635252	0.379599418	0.355649825	0.475151382	0.381048454	0.161686182	0.609827518	0.594146955	0.12926422	0.419529662	0.322824044	0.294331955	0.372958632	0.647784014	0.628279303	0.136834468	0.084447061	0.59725107	0.586704209	0.912815741	1.062349625	1.051629249	0.847837309	0.259868795	0.875849287	0.932908155	0.360365076	0.344179828	0.28259465	0.878893446	0.300811116	0.251656152	0.091818152	0.348600124	1.033916712	0.415796932	0.2768981	0.324242028	1.022371136	0.364442618	0.227579014	0.817883322	0.179182416	0.173817638	0.84512547	0.90256372	0.191171828	0.200366316	0.369738353	0.49100488	0.517857357	0.344738005	0.521683572	0.469062021	0.1420832	0.385936185	0.542371508	0.574718905	0.361126769	0.598569682	0.511031285	0.12086199	0.284433839	0.33501134	0.11514275	0.339567205	0.22000611	0.394868997	0.132839673	0.348349429	0.141063936	0.131880697	0.540524236	0.403412518	0.198095063	0.208848772	0.570120697	0.396449979	0.29220534	0.364333443	0.152192819	0.588885736	0.509987437	0.475443808	0.427945783	0.327996699	0.276553827	0.176352169	0.251091054	0.307282438	0.274309891	0.334849057	0.279382611	0.405581337	0.569200344	0.314125614	0.199870822	0.282141614	0.369364988	0.485604089	0.274907933	0.197294428	0.275977436	0.389580241	0.280498691	0.251907512	0.380334049	0.206040615	0.219493391	0.320576419	0.451393028	0.685059039	0.737284526	0.801505052	0.201960291	0.797635053	0.79506567	0.773713453	0.312805687	0.285827265	0.382441459	0.587676754	0.386017164	0.379444789	0.32803236	0.613593468	0.188893512	0.650354445	0.185977927	0.196431048	0.155215507	0.665630745	0.709197701	0.078448429	0.110485066	0.148211957	0.691105319	0.71027567	0.702437137	0.678150848	0.283918878	0.107283979	0.15878472	0.723678022	0.108950271	0.720536223	0.686917942
CUB019_vs._CUB019	0.229923304	0.235780903	0.411049619	0.35460964	0.624218516	0.207479345	0.272877254	0.39314523	0.109470429	0.334228199	0.229561256	0.566974216	0.138909833	0.125927312	0.322003618	0.284093902	0.218921779	0.545526211	0.127080378	0.144401985	0.287268819	0.246966749	0.474705509	0.362996104	0.352721875	0.448496859	0.529719784	0.299831667	0.279385704	0.38689367	0.559276417	0.517588758	0.543207818	0.129424027	0.270531849	0.239138606
CUB026_vs._CUB026	0.475443808	0.427945783	0.327996699	0.276553827	0.176352169	0.251091054	0.307282438	0.274309891	0.334849057	0.279382611	0.405581337	0.569200344	0.314125614	0.199870822	0.282141614	0.369364988	0.485604089	0.274907933	0.197294428	0.275977436	0.389580241	0.280498691	0.251907512	0.380334049	0.206040615	0.219493391	0.320576419	0.451393028
NAU157_vs._NAU157	0.363003899	0.256597813	0.309173086	0.477747812	0.313807466	0.357207568	0.321094475	0.394170373	0.383886262	0.205978907	0.287816217	0.204748627	0.272986009	0.213384512	0.387918828	0.239759035	0.524699927	0.278201711	0.445697403	0.35136535	0.52642702	0.341061916	0.103830832	0.26890152	0.185714069	0.397797593	0.31556504	0.194639386	0.295568207	0.282932371	0.243847208	0.152634283	0.382160093	0.176984021	0.194357177	0.306030394
NCS233_vs._NCS233	0.321692202	0.306138158	0.336080556	0.282532312	0.372069976	0.590279872	0.295319306	0.288735322	0.255021564	0.307161058	0.57452509	0.098294842	0.118750002	0.239199186	0.383890282	0.103357934	0.257922164	0.345768992	0.261931932	0.413735962	0.370079352
NAU164_vs._NAU164	0.559795571	0.309587025	0.317496636	0.398073343	0.169484243	0.224267018	0.381904594	0.370356585	0.272610924	0.601942052	0.509679391	0.203519907	0.254777182	0.33081208	0.208893965	0.120728853	0.373324137	0.226211136	0.449098794	0.299900799	0.192032039
NAU149_vs._NAU149	0.319606808	0.623782225	0.674030451	0.248545296	0.303732133	0.210554346	0.221975989	0.359048496	0.595459897	0.534391525	0.297297826	0.164400531	0.294158502	0.234215885	0.304350846	0.70334088	0.633429475	0.556819434	0.588776565	0.587606656	0.530424199	0.679504849	0.552504764	0.578329859	0.562127352	0.522239341	0.298790297	0.30666768	0.229001065	0.454060048	0.228125133	0.235331836	0.221617179	0.156241623	0.245654792	0.284075193
NCS253_vs._NCS253	0.165059694	0.210447805	0.341948404	0.315186507	0.324297492	0.270142052	0.23991278	0.188211496	0.216027169	0.398142902	0.324485521	0.327064608	0.241887678	0.15950096	0.2833422	0.316562715	0.41859755	0.433663903	0.360047331	0.297079895	0.323442195	0.626540161	0.642277022	0.585535916	0.46466764	0.431489554	0.051961567	0.143249683	0.262908389	0.348074557	0.136450428	0.275276396	0.364319688	0.18025305	0.312479554	0.29881862
NAU119_vs._NAU119	0.275620443	0.288413602	0.22314884	0.483591843	0.443909116	0.105699429	0.087269998	0.464300929	0.201366599	0.42237462	0.390421721	0.316002256	0.313159583	0.432504618	0.626008287	0.560274526	0.228789781	0.253722284	0.329671905	0.280856874	0.253895189	0.245581264	0.158374507	0.50162742	0.501993129	0.454511037	0.46184585	0.092776537
NAU148_vs._NAU148	0.203361101	0.440695875	0.324250925	0.274155932	0.344210348	0.276926073	0.377914387	0.356460508	0.238661824	0.245187447	0.325612447	0.282480706	0.374072948	0.222407306	0.440328083	0.568222167	0.513535764	0.59175249	0.329252323	0.444547031	0.389762442	0.47807206	0.19581398	0.138923489	0.290643235	0.139621711	0.226648171	0.22254681
NAU129_vs._NAU129	0.239618486	0.151082074	0.323286332	0.594960302	0.430457271	0.162627483	0.26002358	0.333810894	0.410990238	0.70198802	0.358100819	0.308515883	0.333225534	0.286146586	0.554236156	0.471611825	0.212041439	0.259026962	0.317268288	0.473098277	0.300506977	0.220922238	0.729631985	0.553624997	0.446125634	0.472788202	0.433440571	0.281213267
NAU101_vs._NAU101	0.438901159	0.093902239	0.446545463	0.363866915	0.391669579	0.108075786	0.375362226	0.344355452	0.437793276	0.171128666	0.42854508	0.439122066	0.370278613	0.238704803	0.446560681	0.427905	0.331248012	0.353727458	0.130005911	0.359964119	0.305395345	0.332203832	0.346253054	0.369667975	0.240495181	0.335395389	0.110516512	0.330135829	0.357857229	0.111014223	0.347110807	0.345020973	0.120675733	0.300388578	0.308364116	0.361368068
NCS248_vs._NCS248	0.511927524	0.377842279	0.639530914	0.68027251	0.243887224	0.342186349	0.298998165	0.281944515	0.238172562	0.301908204	0.45613542	0.273946235	0.399616995	0.378114405	0.446896265	0.276419129	0.177773318	0.253557138	0.161056834	0.5360779	0.354179573	0.475590663	0.606766364	0.448565519	0.552890855	0.272912767	0.159651055	0.242363458
NAU133_vs._NAU133	0.461188354	0.335942538	0.644973248	0.081973232	0.190019208	0.778443372	0.400646971	0.451800078	0.234331916	0.365323598	0.41969395	0.365149562	0.48487456	0.225362757	0.260616842	0.383709516	0.269865078	0.22017313	0.497878578	0.118233183	0.165382282	0.581808676	0.4803817	0.254734458	0.290010045	0.32890029	0.138278758	0.71596053	0.337124721	0.386833046	0.658202494	0.254890225	0.306705696	0.441377555	0.475743842	0.124293585
CUB050_vs._CUB050	0.580887272	0.482056903	0.755148156	0.304632269	0.288174186	0.441650188	0.777220295	0.703805339	0.188438965	0.273456022	0.312384651	0.38062427	0.268569518	0.246072947	0.335676839	0.372385995	0.249827736	0.302953957	0.211880391	0.330492784	0.437677848	0.493454253	0.551808906	0.445632664	0.174928555	0.335274367	0.076887547	0.187051143	0.50471928	0.456842838	0.16290317	0.570592541	0.445031877	0.463259543	0.333419071	0.413115508
CUB028_vs._CUB028	0.912815741	1.062349625	1.051629249	0.847837309	0.259868795	0.875849287	0.932908155	0.360365076	0.344179828	0.28259465	0.878893446	0.300811116	0.251656152	0.091818152	0.348600124	1.033916712	0.415796932	0.2768981	0.324242028	1.022371136	0.364442618	0.227579014	0.817883322	0.179182416	0.173817638	0.84512547	0.90256372	0.191171828
CUB029_vs._CUB029	0.200366316	0.369738353	0.49100488	0.517857357	0.344738005	0.521683572	0.469062021	0.1420832	0.385936185	0.542371508	0.574718905	0.361126769	0.598569682	0.511031285	0.12086199	0.284433839	0.33501134	0.11514275	0.339567205	0.22000611	0.394868997	0.132839673	0.348349429	0.141063936	0.131880697	0.540524236	0.403412518	0.198095063	0.208848772	0.570120697	0.396449979	0.29220534	0.364333443	0.152192819	0.588885736	0.509987437
NAU137_vs._NAU137	0.493393648	0.205820566	0.519635252	0.379599418	0.355649825	0.475151382	0.381048454	0.161686182	0.609827518	0.594146955	0.12926422	0.419529662	0.322824044	0.294331955	0.372958632	0.647784014	0.628279303	0.136834468	0.084447061	0.59725107	0.586704209
NCS213_vs._NCS213	0.588120702	0.58851265	0.262761243	0.482549579	0.140227976	0.679791455	0.515530871	0.071566898	0.407646101	0.352671667	0.486901172	0.270245987	0.387352959	0.392114599	0.325930429	0.480094588	0.252153679	0.366035963	0.301655264	0.183861913	0.507247452	0.33285527	0.376997745	0.460180044	0.344541554	0.585566401	0.419211185	0.49699726
CUB033_vs._CUB033	0.63063875	0.307349788	0.415758487	0.681902814	0.445333242	0.415911362	0.610134119	0.124601042	0.46406495	0.493147913	0.13537602	0.315440168	0.3663915	0.154064225	0.596324594	0.340313497	0.534408878	0.279506638	0.239393272	0.477852917	0.283144078	0.539536247	0.433863883	0.202365373	0.49240254	0.368418559	0.37918895	0.425601226	0.205932683	0.639375926	0.319948874	0.381176137	0.429559904	0.380740835	0.370734484	0.570974849
CUB053_vs._CUB053	0.280365281	0.332574833	0.243667519	0.487074073	0.383413165	0.321127948	0.126061947	0.372407468	0.370325944	0.141113822	0.400844176	0.663123056	0.554583888	0.450487529	0.31549367	0.546354413	0.416470499	0.433411004	0.696878198	0.588879776	0.500737883	0.374156566	0.578698235	0.417345325	0.406434226	0.201593118	0.143931365	0.297828892	0.193423985	0.466398379	0.242740924	0.415068427	0.533523018	0.242418265	0.654600633	0.224965623	0.435280578	0.044417867	0.564147725	0.370688205	0.220494716	0.477609694	0.429734163	0.427077825	0.552157108
NAU107_vs._NAU107	0.510773918	0.406214186	0.363919538	0.333914263	0.409483936	0.366179816	0.442602564	0.510206902	0.68154069	0.282847761	0.160007172	0.279873766	0.397649342	0.372710028	0.549229765	0.443176128	0.44765895	0.421092212	0.448252141	0.612275156	0.556720834	0.629329966	0.267957185	0.303670921	0.442159593	0.200010278	0.340557298	0.209583468
CUB003_vs._CUB003	0.759003106	0.418271143	0.502920754	0.61532655	0.394606767	0.4096831	0.449083579	0.126519866	0.625913733	0.540193223	0.616736086	0.43967142	0.563424335	0.607193482	0.622639529	0.721672646	0.361793467	0.588512923	0.515781413	0.481874672	0.458266741	0.588034118	0.358222155	0.483687234	0.30787106	0.180014345	0.218326058	0.128737799	0.485609074	0.384654275	0.269559821	0.25394608	0.265780573	0.580649602	0.112702439	0.172990003	0.137905266	0.373253829	0.301690078	0.183548683	0.39708882	0.349063419	0.434071595	0.3551252	0.588640971
NAU156_vs._NAU156	0.559016189	0.345634936	0.38215341	0.459222468	0.420138961	0.421879602	0.518884991	0.479860859	0.492656061	0.755559012	0.276728859	0.23904432	0.324349598	0.454834553	0.30428567	0.312691948	0.420821147	0.277600786	0.615122695	0.307296964	0.595929391
CUB038_vs._CUB038	0.581952587	0.6494838	0.67656454	0.552449346	0.775881842	0.520035976	0.379395684	0.161079335	0.216944525	0.127620003	1.023511499	0.272041663	0.325636089	0.175099586	0.202178076	1.068805098	0.324629942	0.418890472	0.272167118	1.096489882	0.430604304	0.45778015	1.0223582	0.243034028	0.278945964	0.957173812	0.947309714	0.321613332
NAU121_vs._NAU121	0.352165676	0.68966403	0.846439588	0.417680012	0.188676833	0.330142298	0.35464804	0.380912152	0.426604308	0.659214376	0.23227452	0.448701625	0.620414428	0.62938628	0.364199732	0.25452237	0.39751343	0.728385167	0.85914894	0.867424302	0.484941064	0.59335618	0.864614905	0.971249668	0.979907614	0.59313719	0.444332565	0.559900512	0.585038136	0.241353442	0.279083767	0.263450247	0.375002959	0.112144772	0.413046242	0.436386486
CUB017_vs._CUB017	0.602945435	0.698773894	0.558861676	0.698378167	0.667370225	0.613715303	0.713500021	0.638396282	0.461227585	0.168488389	0.530991742	0.403642022	0.278270968	0.58642838	0.434519863	0.403895036	0.189721615	0.128074885	0.431992017	0.822736253	0.1472359	0.469018651	0.354651101	0.345739035	0.560855397	0.366347042	0.173878698	0.3798379	0.861165856	0.188691487	0.377829052	0.761073316	0.126196467	0.665171574	0.393191425	0.784968203
NCS255_vs._NCS255	0.517187308	0.355045412	0.541857927	0.219433712	0.529504915	0.350848628	0.295967222	0.135598043	0.688909204	0.226263923	0.365276546	0.154109659	0.678040274	0.536516648	0.552078205	0.682204845	0.534881922	0.696099645	0.290843404	0.258299972	0.331649005	0.469064075	0.11210931	0.712619361	0.524064295	0.585948828	0.429462285	0.522667794	0.414084372	0.283946513	0.698441535	0.535174193	0.574339412	0.277557684	0.294648443	0.260075823
NAU159_vs._NAU159	0.168472592	0.594141461	0.623631073	0.075652698	0.0608126	0.484095858	0.291865743	0.587116289	0.617653023	0.202398048	0.206605074	0.48225593	0.208616861	0.099103258	0.561576739	0.561294521	0.188652239	0.744928022	0.591056061	0.590793965	0.202273203	0.773594048	0.054229366	0.452238868	0.328394961	0.451439578	0.329174773	0.637844849
CUB027_vs._CUB027	0.685059039	0.737284526	0.801505052	0.201960291	0.797635053	0.79506567	0.773713453	0.312805687	0.285827265	0.382441459	0.587676754	0.386017164	0.379444789	0.32803236	0.613593468	0.188893512	0.650354445	0.185977927	0.196431048	0.155215507	0.665630745	0.709197701	0.078448429	0.110485066	0.148211957	0.691105319	0.71027567	0.702437137	0.678150848	0.283918878	0.107283979	0.15878472	0.723678022	0.108950271	0.720536223	0.686917942
NCS212_vs._NCS212	0.624784151	0.784189966	0.733109993	0.54140478	0.269623331	0.533389292	0.710778849	0.595731205	0.497836196	0.376090729	0.52231662	0.407462129	0.326509998	0.177765091	0.363361126	0.620458277	0.390227494	0.620414301	0.312600057	0.550973038	0.314876793	0.55595628	0.361643787	0.131961142	0.477637437	0.349803435	0.61351671	0.512924847
NCS263_vs._NCS263	0.307678614	0.368128132	0.378600643	0.516583576	0.508181523	0.295300486	0.447789569	0.363824396	0.513265803	0.308637216	0.519140943	0.3330307	0.527499829	0.616538411	0.586921188	0.658496139	0.136514	0.630283975	0.633169141	0.31810504	0.517048257	0.138827152	0.573706473	0.538780774	0.632776543	0.570183233	0.312683588	0.528795407
CUB036_vs._CUB036	0.852373368	0.615113549	0.38046031	0.610727188	0.944861906	0.69305587	0.531543675	0.578159865	0.642686764	0.665117074	0.35409094	0.370957604	0.636593039	0.305981737	0.170244887	0.703239373	0.367225033	0.287112748	0.317834774	0.748902356	0.422339636	0.217502985	0.77481238	0.400929888	0.238372439	0.511857258	0.740937791	0.306294129
NCS214_vs._NCS214	0.661527737	0.741312418	0.953223484	0.682736454	0.276474451	0.797700829	0.252322503	0.484386225	0.298375435	0.58753271	0.320472494	0.34640734	0.35769692	0.670579997	0.297496479	0.602233446	0.849450987	0.444541839	0.536877603	0.323232629	0.735862222
NAU114_vs._NAU114	0.46829921	0.568448427	0.521197437	0.321669245	0.441805438	0.561778161	0.378386038	0.343047636	0.130251757	0.774219835	0.617802603	0.117081936	0.143622749	0.675033668	0.634894764	0.83326862	0.697548012	0.204730059	0.099767028	0.730705225	0.692086331	0.456990476	0.757662697	0.841054052	0.417362089	0.455679447	0.615933809	0.689571436	0.202060641	0.214436137	0.189705773	0.674106204	0.632856466	0.737469357	0.697396055	0.116851648
NAU117_vs._NAU117	0.225353219	0.846189946	0.911880312	0.645596104	0.555671709	0.640010396	0.745506307	0.812192521	0.457066837	0.471716682	0.459433903	0.219672228	0.567996814	0.422574091	0.583395092	0.639764492	0.547676411	0.65155356	0.455360987	0.209384432	0.426675375
NAU108_vs._NAU108	0.642552702	0.672059215	0.719687085	0.620303457	0.650629231	0.598114389	0.161240847	0.709479355	0.132814859	0.233976551	0.504077913	0.796235518	0.195282304	0.31893221	0.606364686	0.69186375	0.677282224	0.52659265	0.241900832	0.506387684	0.548185778
NAU132_vs._NAU132	0.649812805	0.575973422	0.815176356	0.079342128	0.08188953	0.196514358	0.939066169	0.129105183	0.251321329	0.250304701	0.657551367	0.666397797	0.741709581	0.390973104	0.69430291	0.421224724	0.578627338	0.58384896	0.660740466	0.618570833	0.619914335	0.82146245	0.828980562	0.894663962	0.286170355	0.856464089	0.108307214	0.19674535	0.947895333	0.141574619	0.184587568	0.955006863	0.125074015	1.013313229	0.114311789	0.976266834
NAU155_vs._NAU155	0.792338924	0.049413793	0.63443033	0.969149916	1.034187559	0.895657687	0.969929038	0.964525674	0.784532923	0.562874948	0.733220766	0.480688919	0.403390159	0.94876392	0.831422068	0.629496439	0.962276151	1.027285502	0.889616402	0.964344243	0.958067165	0.705582378	0.798142399	0.452512941	0.836178314	0.743290564	0.829292541	0.698318209	0.321390356	0.1409992	0.452459318	1.044589003	0.917608069	0.916724839	0.760503781	0.210878918
