NAU148_vs._NAU148	0.256955583811	0.257511603148	0.248125746628	0.245860777454	0.405665460906	0.302893274152	0.292234236149	0.25447474595	0.239599211895	0.181184062827	0.390279430921	0.287900372199	0.289906003474	0.197081247545	0.233474056552	0.377897877076	0.244491116948	0.27256832054	0.175884503657	0.400017991797	0.206566078506	0.230811218854	0.375346160303	0.233196302426	0.241819832098	0.42457485457	0.376345157863	0.293858370762
CUB052_vs._CUB052	0.327387464393	0.395106595992	0.349478335778	0.347347346683	0.380870728421	0.370260187373	0.364137944172	0.3164312956	0.320785072794	0.34293595996	0.386391799031	0.358591284083	0.360787256077	0.344976073689	0.358124936011	0.351378897675	0.302776357527	0.296369517685	0.242001201412	0.22672346195	0.238626467176	0.23071348302	0.31681191578	0.303153583265	0.262648289797	0.26890884901	0.248545078232	0.217230855401	0.27084326829	0.338725915356	0.218165395268	0.22440211698	0.22650799617	0.258103094732	0.280770256185	0.206591462205	0.190285104576	0.276622032066	0.278037514534	0.180006256283	0.213223683568	0.248499025441	0.223167800583	0.267010059472	0.214164291077
NAU109_vs._NAU109	0.262315698951	0.318571796238	0.358781842724	0.322116534887	0.276404298152	0.314404062064	0.312109282759	0.310756012941	0.258944152616	0.34076574319	0.326368611601	0.199459386003	0.256877066845	0.238947217411	0.284441468144	0.353034502533	0.311627754781	0.251280815051	0.189339074046	0.290327443651	0.255614432207	0.410155835435	0.333414228142	0.36334850421	0.402410879244	0.354949631463	0.336201908069	0.291593105048	0.320462375058	0.291155930701	0.247446547733	0.274116278583	0.285123233825	0.263815796099	0.262420755674	0.269416285854
CUB056_vs._CUB056	0.265177990457	0.358586406408	0.254676969927	0.308526555675	0.268598110518	0.271949647275	0.303236739843	0.371230087802	0.310929056147	0.320647698177	0.249209023193	0.240729472597	0.278530057792	0.347003236444	0.38264772058	0.359049026851	0.315489389252	0.320909799686	0.37594515906	0.297195167027	0.318849489362	0.276293309386	0.245623657964	0.295477444182	0.275614945983	0.24709959083	0.258028938789	0.232788902406
NCS203_vs._NCS203	0.305369479336	0.257242104917	0.33196740438	0.259132233238	0.323118215663	0.347879714756	0.335776639765	0.319662286657	0.212956727039	0.364889165587	0.247002134435	0.301004206339	0.401479429859	0.335529582345	0.293313403306	0.302116838685	0.238341048092	0.245570572325	0.366922931979	0.255915353224	0.28724233298	0.313691790929	0.235116591312	0.283973948469	0.272371587836	0.320522186719	0.269321086727	0.316585342931	0.27986399419	0.242039527813	0.319705324168	0.240742651335	0.280547487498	0.332307889551	0.348297630893	0.245332017433
CUB019_vs._CUB019	0.381790405713	0.305652482658	0.296750521159	0.298935277502	0.296461461706	0.325429513206	0.323138950261	0.273467219419	0.301321959211	0.379101355675	0.316928205901	0.323692199767	0.346375565781	0.335929525933	0.310203035959	0.243304988781	0.203217569576	0.259167140071	0.29943933389	0.269132355431	0.280274057607	0.274416472745	0.311171194369	0.311559191849	0.304756770729	0.310269560983	0.22538190301	0.280381886182	0.270677748832	0.257397914493	0.333381287761	0.254590963011	0.273474410576	0.356420573531	0.307642042058	0.309689110799
NAU110_vs._NAU110	0.290115609362	0.256346705068	0.296589904038	0.257463971397	0.347003472275	0.240129381526	0.402712237023	0.284600196555	0.279984730204	0.289752781191	0.301055974135	0.364298725934	0.290579616713	0.384996126765	0.335968374778	0.263236500495	0.234617308966	0.362456928421	0.229178310491	0.423413883543	0.306356803741	0.283775356864	0.35869741714	0.251807492923	0.385089521573	0.333293368066	0.343117955284	0.273535403006	0.411150539236	0.275847335601	0.3240734019	0.429908601772	0.352724551089	0.405122117533	0.295274990969	0.414714486315
NCS213_vs._NCS213	0.284849778201	0.249992492124	0.289883772702	0.270679160032	0.285054737956	0.317025082756	0.38736051717	0.264414102213	0.307279051418	0.305202897	0.334177000494	0.33299101339	0.360491235758	0.257687623825	0.230937359318	0.290077022373	0.323159748938	0.346942395027	0.23419002848	0.292969706286	0.309517959881	0.35003283125	0.295481221886	0.313812307715	0.329820171175	0.293038056512	0.347375714491	0.423923658064
CUB050_vs._CUB050	0.347164170038	0.261616804583	0.35384652141	0.263537280039	0.288786662646	0.360792746905	0.254631108101	0.285816120674	0.341239731502	0.368224078084	0.271220962966	0.306554208717	0.3103891404	0.330500488346	0.299866147435	0.320560150876	0.244166164753	0.325320251987	0.338363315044	0.230485259399	0.308293953166	0.286408017771	0.369731089845	0.333074968365	0.313275116221	0.306369845654	0.278408754171	0.259030358156	0.201518144878	0.21735660059	0.329646136532	0.292460497215	0.256974798392	0.307785527984	0.308796268273	0.274522038736
NAU106_vs._NAU106	0.301256508526	0.291792268021	0.358212571255	0.288784038591	0.305783543824	0.334514271306	0.331408513442	0.389865192329	0.289223252928	0.287206184681	0.255474829221	0.256370352717	0.270915134823	0.267762676195	0.320407209562	0.336193596324	0.279547999721	0.283532810565	0.284390336818	0.280781305554	0.349403458499	0.313131033703	0.320556692442	0.308544107322	0.329779668172	0.379681916914	0.277423895788	0.308226341959	0.309543737161	0.381077459218	0.320530279948	0.283260255113	0.356078595286	0.282163754626	0.31679749628	0.276565635909
CUB037_vs._CUB037	0.2661350433	0.276692191462	0.30336751034	0.309438798545	0.355246437987	0.410642668205	0.255237647583	0.362985582754	0.321858041679	0.240815819459	0.288890081496	0.299797463532	0.308795740167	0.369571456846	0.255069058219	0.327428126442	0.258408258947	0.302423273784	0.272766746669	0.31864888167	0.379781962449	0.247016321272	0.305942429732	0.24545821732	0.369498958773	0.292907882288	0.320545496954	0.308451210218	0.367906827137	0.329671244859	0.299784340494	0.3726395161	0.271631748311	0.333111765264	0.310217914284	0.290867645638	0.287949860941	0.35778857758	0.340892027611	0.329788462024	0.323539444659	0.361949052892	0.316061014898	0.257180298369	0.234286458852
CUB028_vs._CUB028	0.38432058274	0.443433293441	0.404282042571	0.418767220107	0.460248265256	0.476312721043	0.483582282597	0.313211112637	0.350691241172	0.336203315277	0.382994670271	0.306675413486	0.392870679663	0.277638467531	0.286066549807	0.299306189958	0.248292220052	0.30369993596	0.295456767511	0.290900143322	0.284788418226	0.341243842168	0.311671191345	0.299592796449	0.295742628595	0.31832468847	0.308899697743	0.304775118085
CUB049_vs._CUB049	0.262189591485	0.25008106606	0.295791974408	0.31846398378	0.286540617957	0.252051438272	0.308600131658	0.415398760702	0.339766157089	0.284459495066	0.332986231817	0.377172859567	0.283943705246	0.282902983946	0.266258177077	0.424647437315	0.384589059702	0.255256208435	0.246128225742	0.316684515438	0.248159452364	0.269123251704	0.433741635072	0.371976505883	0.311834247926	0.316984720785	0.280288344636	0.29518538114	0.430118914322	0.385789970296	0.343286341748	0.331496463919	0.325077761847	0.47157473841	0.311108272152	0.305755370767	0.306761121563	0.378055210583	0.325074060153	0.278680055357	0.409878471483	0.376882434854	0.394514556065	0.339535392928	0.40999775946
NAU149_vs._NAU149	0.318293132465	0.365279593608	0.370862586066	0.261760049262	0.282205106435	0.254101399544	0.326157661138	0.249914157121	0.339284460906	0.31278506592	0.311850466611	0.313106563611	0.255287605879	0.308632582336	0.343864943777	0.327055825007	0.316083440869	0.389442523821	0.309448265196	0.320014175976	0.378071288948	0.351982528677	0.407878823949	0.34755522182	0.316875537141	0.385700250058	0.276746583142	0.311981157308	0.294225713754	0.277787418443	0.334302586902	0.342352190891	0.295687090828	0.326646112182	0.325588536155	0.346362686842
NCS255_vs._NCS255	0.301637878258	0.320637063049	0.398551591429	0.313639493536	0.309330628149	0.374632991974	0.308461019181	0.315643249348	0.356134480781	0.394033957877	0.280949331562	0.34037988556	0.348807571699	0.310230871569	0.33090048459	0.302254845442	0.306560666381	0.308682381321	0.276897639896	0.342839390273	0.318601551123	0.319340901184	0.420118258367	0.363131976428	0.400302843137	0.376877252459	0.282832936871	0.280965301894	0.28784529605	0.321465213391	0.358320579411	0.353968261494	0.343325020968	0.328343427079	0.285510926145	0.31224561794
NAU132_vs._NAU132	0.333870319638	0.281739624845	0.335130308004	0.311902790493	0.297521311992	0.34381004143	0.365583871809	0.264517916399	0.314534611504	0.410555845404	0.384511620396	0.346033343786	0.372043215178	0.372122752054	0.335535247863	0.3186994897	0.274713404155	0.260966795651	0.292078261372	0.320674797119	0.278253819175	0.314889474793	0.303681989096	0.352590588335	0.355841771514	0.324293398929	0.307993136183	0.341454733659	0.354863855311	0.317265048384	0.334449597827	0.316216056397	0.283310841698	0.365911991927	0.301768428301	0.352978376921
NAU144_vs._NAU144	0.18647324705	0.310413315424	0.240375960132	0.265254642102	0.323117061979	0.309293446193	0.310446787977	0.323895382352	0.276434447981	0.300990786958	0.338506767696	0.333538824717	0.303684089249	0.278464643003	0.333884809789	0.277316606997	0.324339855869	0.326947518739	0.321502090074	0.327680819699	0.336697119563	0.340918434491	0.353032653943	0.362603993152	0.333068687382	0.38973089823	0.390188167853	0.372635483552
NAU157_vs._NAU157	0.331857746865	0.284496440985	0.323800588856	0.388475827541	0.375587289349	0.402173672989	0.370007483451	0.366255700809	0.30093587894	0.258035919279	0.37893877176	0.333186321285	0.343696864618	0.330725039293	0.256458138367	0.268396552987	0.325224271232	0.361385260504	0.34653280846	0.33955557068	0.322403402417	0.297611957181	0.369294377943	0.348415551403	0.290424899975	0.298912555662	0.343704076863	0.285420158449	0.282272983594	0.302130508921	0.298412148604	0.377578210552	0.293214370435	0.299642783664	0.258207042088	0.276169708418
NAU102_vs._NAU102	0.300628154882	0.312293677933	0.32656974965	0.28680239563	0.305287218523	0.33370208915	0.273982071011	0.335524644236	0.23679898095	0.334044025185	0.231848310707	0.369163956357	0.281001478725	0.347432639868	0.351192978446	0.298478477704	0.35086605185	0.338268258642	0.326628740155	0.252112102593	0.355711733472
CUB048_vs._CUB048	0.3173949153	0.341402349371	0.356493082319	0.33778554942	0.319461319026	0.342118922211	0.455695699794	0.325625196309	0.357072928354	0.236097341092	0.356546567271	0.285366435774	0.296192412431	0.260625876561	0.361408431281	0.241853942885	0.284479428156	0.363561737084	0.307906085041	0.307032752419	0.310782490453	0.3456157528	0.23800018886	0.311778012199	0.415758656915	0.331531520711	0.381941638755	0.395161464068	0.361656528546	0.343764693215	0.325926484236	0.326738509887	0.446892435024	0.282080732119	0.297526308961	0.27741747313	0.39966116356	0.280625812194	0.268252708877	0.402480154773	0.266434704132	0.332589172873	0.387571393851	0.400946174161	0.275525502589
NCS204_vs._NCS204	0.314720069329	0.323366852543	0.26301428659	0.278479452373	0.299281095231	0.314883146059	0.263195093753	0.492402965775	0.35970245086	0.295188298702	0.318686756192	0.344556962025	0.352135338455	0.346242800309	0.525584435932	0.254873056538	0.296276192235	0.328554861328	0.345153337119	0.326691469818	0.468031091062	0.327108528894	0.354204451575	0.349201570139	0.329177460511	0.466837063669	0.274181457077	0.309833438209	0.286138048076	0.475080067611	0.265485382373	0.306291297101	0.468179318622	0.23595363306	0.46694446172	0.462267310587
NAU114_vs._NAU114	0.260309211381	0.266200949397	0.279593384689	0.330284431351	0.311827464296	0.401703013409	0.303531722747	0.298779578658	0.311743985755	0.307772196236	0.340248917338	0.31308881761	0.396906183625	0.295046679576	0.28601589718	0.344769285489	0.387168854713	0.354650006066	0.452251009435	0.33038854078	0.349100731757	0.348472597268	0.298128646294	0.429947564745	0.268007859134	0.288051974419	0.35941777663	0.437444523266	0.36745947486	0.325259259179	0.364881919399	0.288664455299	0.32732867123	0.403579875236	0.386005262623	0.296758954446
CUB012_vs._CUB012	0.244388566429	0.348301095209	0.310235701215	0.311542448585	0.479032326445	0.322913708147	0.287028368807	0.347804487248	0.401932535163	0.341074791114	0.312239603498	0.352680606566	0.433046955908	0.313880363295	0.245774550932	0.34779205471	0.383755651391	0.297687525313	0.324983905996	0.503324362413	0.405158772782	0.311746200916	0.334741430023	0.331407284428	0.242218294463	0.440543594855	0.338722580127	0.29250596239	0.266022077017	0.36641146187	0.404074627957	0.312331738798	0.271515894253	0.274350054748	0.355255436524	0.441310633027	0.444084123305	0.421673083617	0.451464729797	0.256139621779	0.330722736714	0.401429548218	0.317233737665	0.373533194979	0.366366316605
CUB040_vs._CUB040	0.365230236602	0.424622333579	0.373358170381	0.364040060883	0.390061188408	0.432498264682	0.344917060828	0.294912149675	0.405837333575	0.394756486764	0.303118133215	0.348123399702	0.284930014274	0.329665425783	0.37093051903	0.339327390206	0.335316464027	0.276390814623	0.336877454689	0.362678228131	0.336445342437	0.35170298134	0.383709666083	0.324139534312	0.305738713348	0.290824387075	0.299278464473	0.288517808994	0.318869894113	0.265997812064	0.347153865389	0.338473715417	0.31947151979	0.309555517215	0.328452436413	0.327540094389	0.356166521143	0.342663832475	0.332358274306	0.350421192107	0.358755189433	0.373886885717	0.276264637179	0.385433358631	0.353004898005
NAU153_vs._NAU153	0.303248052856	0.382658667612	0.34195602187	0.240998939231	0.429399285067	0.341566800984	0.330986101669	0.32054207578	0.31647907617	0.259097060239	0.391665894423	0.337616664866	0.365662468064	0.230160344019	0.32517447125	0.407762586957	0.334369989354	0.344800367357	0.366263405287	0.412088361734	0.376955549387	0.332665187293	0.362366194379	0.315011083739	0.345373828056	0.438979325143	0.420606262482	0.319920060567
CUB003_vs._CUB003	0.340498670378	0.379485025474	0.353034034534	0.318269299684	0.334075602809	0.306308917144	0.309551023829	0.342053329815	0.357504997254	0.428715182991	0.394401202974	0.336986492109	0.26905471961	0.420205997157	0.35074615416	0.325484260017	0.33631807772	0.356328597165	0.330963762225	0.37191531992	0.363141946834	0.327513022124	0.376725040621	0.351829487819	0.342445419638	0.35778315286	0.364122170207	0.358915127682	0.374557946034	0.425177957467	0.283789127941	0.322476646817	0.265719003826	0.360543158756	0.336700558532	0.368322989002	0.320887868566	0.26497967061	0.268715725567	0.37592838704	0.349252942892	0.378098890725	0.309971830165	0.320824078157	0.288055320703
NAU150_vs._NAU150	0.347125050723	0.36219217071	0.436343106662	0.318964707693	0.298548300105	0.365791053612	0.340403967191	0.317000302715	0.312670878298	0.418344632833	0.309302304967	0.356382417414	0.303978029993	0.341661361206	0.293836293223	0.507694499566	0.289199289506	0.354595803385	0.392124854773	0.378219058556	0.273602057096	0.47794883716	0.449140871081	0.405960920779	0.439536825234	0.465229162889	0.303591934473	0.362351565861	0.340725720566	0.327367406221	0.364027176814	0.290563933218	0.343985616859	0.321880663412	0.329714955385	0.330584871939
NCS234_vs._NCS234	0.356669404596	0.311394390686	0.459671168047	0.4014272162	0.378180187522	0.284167455032	0.338183032137	0.308269721785	0.289840528472	0.444678485839	0.286925230894	0.388832019233	0.34738411988	0.302661107542	0.367574741786	0.382879880208	0.300829289282	0.32688327534	0.271658260651	0.294855806058	0.255024276813	0.409910792888	0.431322020895	0.404597075746	0.451895567008	0.386177086162	0.309526112461	0.372813929008	0.316285359181	0.35508511222	0.388628166633	0.348952535109	0.336812083565	0.333823999557	0.271863066249	0.33975687943
NAU124_vs._NAU124	0.359616782414	0.349562872793	0.334623535357	0.255952118622	0.35462065925	0.331145888191	0.286949573502	0.293082292697	0.439026477894	0.370457367428	0.349658137479	0.374033985222	0.41030832703	0.393065349826	0.404473195401	0.413404959138	0.340106846927	0.35955617871	0.373372875009	0.31971538311	0.35630582289	0.339978234576	0.422363947145	0.349312900495	0.382156627488	0.374846312199	0.28383091398	0.29011553444	0.297080760449	0.270883080298	0.377514391242	0.354766101959	0.283405787492	0.286812651239	0.312244628971	0.33151538939
CUB000_vs._CUB000	0.373684162903	0.500095777375	0.378887517717	0.310876088544	0.408470287287	0.336151481583	0.393200484114	0.365200685763	0.33867886003	0.418729562261	0.33839630133	0.375028100446	0.342636809798	0.366831755864	0.312982436288	0.293699228898	0.323355551428	0.460443079793	0.480432915034	0.427254344023	0.458813266149	0.433341991161	0.400388382127	0.477161340914	0.319750785382	0.35583957295	0.313876433451	0.374047615326	0.28673041835	0.324863994073	0.370011139884	0.320456482895	0.374962867082	0.298202098689	0.324786455434	0.372093710211	0.32449511041	0.306996632206	0.344583412905	0.402785158703	0.329880601881	0.358820186604	0.325850587904	0.317221978548	0.301123579487
NCS243_vs._NCS243	0.353157532715	0.346883387442	0.312950227934	0.288360108213	0.360709915965	0.409292263375	0.536762406716	0.33949796995	0.379194188077	0.324005739641	0.330307797348	0.392531588596	0.514550378036	0.300415605309	0.220153165645	0.336387706943	0.378994357717	0.511413418713	0.265213221153	0.343045854763	0.392550665393	0.530705382575	0.310831349091	0.344256211855	0.482199459441	0.380037472491	0.515054809095	0.419427557758
CUB010_vs._CUB010	0.364497267705	0.3813212072	0.351808880775	0.371370039047	0.422697792298	0.392775436615	0.354812286614	0.464945730087	0.379421913976	0.351795109804	0.32089437991	0.350652535393	0.428625657061	0.366601888281	0.377062318452	0.401323474752	0.359592508967	0.357498448106	0.354968210359	0.440175699118	0.405843370631	0.419206954529	0.458153736526	0.37942011577	0.328045352665	0.346696021375	0.3143886489	0.316833949723	0.36450808269	0.302163027701	0.377286964047	0.332351702185	0.346062647025	0.389905794488	0.371582274393	0.26751780634	0.308497457342	0.379102204389	0.34894620411	0.286425073505	0.292094792914	0.294894261648	0.333037474073	0.302420822137	0.308330154088
NAU159_vs._NAU159	0.327245498653	0.287361953159	0.324380288078	0.407129374089	0.318361680524	0.356038994148	0.320725124524	0.315256784493	0.352055086537	0.311526108097	0.337476598334	0.328193476115	0.468134576792	0.310223753028	0.354316863234	0.33006508182	0.415051186223	0.288134613923	0.376714424338	0.359927321076	0.373794867852	0.395780333464	0.334408994511	0.436334162441	0.322312809964	0.392606970345	0.397380333452	0.425341654299	0.410543847849	0.420548524645	0.436499326409	0.385950910158	0.311954189911	0.393867026108	0.369690712538	0.371013644378
NAU108_vs._NAU108	0.368969965754	0.283876213515	0.403470616394	0.358726388311	0.432332674292	0.362745010505	0.289249437879	0.363140450758	0.324232067972	0.422610689538	0.343734158134	0.352694850998	0.314870250436	0.408969126669	0.269469179848	0.370793790827	0.343059098987	0.339934323311	0.396595231206	0.333104285249	0.379161756918
NAU155_vs._NAU155	0.335492865159	0.440174353816	0.299643016052	0.333366795887	0.361765854462	0.415223636098	0.401387378999	0.371321281484	0.391887977079	0.34115073667	0.357637356839	0.366401334822	0.434155415808	0.385541681099	0.347295030524	0.386896956032	0.407746531811	0.401993037659	0.430081488635	0.393303143163	0.400442957314	0.23167727958	0.322232856796	0.358243397664	0.325659831382	0.329126198903	0.318372167558	0.33888804259	0.342277815633	0.304850923771	0.360370635137	0.353816456972	0.295427131924	0.380064946016	0.35925729348	0.304725785865
CUB026_vs._CUB026	0.346188351205	0.412815693843	0.371393836848	0.327187532079	0.374977020398	0.388422792452	0.372860144356	0.379206544294	0.292644538958	0.352920555495	0.392400965534	0.331531972573	0.385992694491	0.357583198824	0.335086314375	0.396622582305	0.343885403532	0.440977108817	0.286812010352	0.360879760108	0.252928890118	0.346830192082	0.320747851592	0.328895926451	0.376403808521	0.362885840724	0.338961400983	0.386965067174
CUB004_vs._CUB004	0.400084563805	0.361363488732	0.330835771141	0.40087625441	0.352290369077	0.340939653857	0.349922981487	0.331811175723	0.31712768045	0.302436251966	0.428000909756	0.39935179592	0.387850029695	0.334598996432	0.387181547815	0.391544737513	0.369019015091	0.380519435918	0.429000066144	0.387430875773	0.27310979917	0.406239477509	0.345398012212	0.324967665017	0.360703239061	0.315085435071	0.356678583138	0.329825075665	0.353126492648	0.346858969865	0.398554250721	0.406138814722	0.372500234023	0.417392437781	0.364572693945	0.329976554495	0.321922069327	0.373450157546	0.395314043032	0.350265817644	0.338974309879	0.334952598484	0.389041567071	0.372981764815	0.340539833771
NCS248_vs._NCS248	0.461637911332	0.456536823282	0.349027861172	0.446965342063	0.275705772942	0.466816233355	0.420375580191	0.314859768824	0.371446378478	0.398289216103	0.369922258293	0.372623678065	0.349489501858	0.357857835055	0.365892195325	0.35523908559	0.374432411592	0.379955566465	0.33226592394	0.258480007799	0.311256430025	0.294812266925	0.378724012811	0.256739970369	0.326316009027	0.37168592583	0.324496448929	0.319890798916
All_within_PersonalID	0.378118403364	0.517391341484	0.426190111713	0.351481811927	0.449180807058	0.452213553237	0.281001318575	0.463443323926	0.47231805153	0.44057027618	0.401771874356	0.511474795928	0.471218712238	0.420772920169	0.518437807898	0.497698337675	0.499352330715	0.515731680223	0.51125507085	0.511923042912	0.555089815571	0.377431214284	0.399866438284	0.439826812408	0.392817281891	0.485301370384	0.462382007332	0.412228577743	0.362911810481	0.446956100395	0.35893358804	0.418026984762	0.396202202872	0.432153154745	0.401148163181	0.47177702359	0.44486652076	0.382623284259	0.353342294859	0.390276868688	0.347546318417	0.361252109601	0.421772276153	0.33828559155	0.378500065778	0.435392228069	0.417604369863	0.407947618041	0.421589219625	0.337805750797	0.406438776417	0.376679468027	0.405408630076	0.344424678625	0.399798465965	0.371256467856	0.294694520296	0.408122111274	0.339424153304	0.367815314741	0.440796427841	0.340313751645	0.308226042382	0.363361744923	0.42631053591	0.323626682345	0.38423442014	0.394321996789	0.328936586017	0.375266483439	0.368414137433	0.395302847416	0.378387745635	0.329802569068	0.418828815653	0.44581791405	0.38240032117	0.499397193013	0.41521533612	0.531391806761	0.319477844703	0.483923056667	0.375675542065	0.399694425626	0.543797103449	0.477340113661	0.547194877755	0.504479254173	0.401433868815	0.402648095016	0.544302414895	0.520590139325	0.55618224946	0.469803925434	0.48244515435	0.46874478902	0.351098526318	0.412403157897	0.42529863885	0.513982602988	0.484493081451	0.506107552443	0.447421054436	0.476587256836	0.53620855414	0.481159805564	0.477160265645	0.405991646189	0.359616782414	0.349562872793	0.334623535357	0.255952118622	0.35462065925	0.331145888191	0.286949573502	0.293082292697	0.439026477894	0.370457367428	0.349658137479	0.374033985222	0.41030832703	0.393065349826	0.404473195401	0.413404959138	0.340106846927	0.35955617871	0.373372875009	0.31971538311	0.35630582289	0.339978234576	0.422363947145	0.349312900495	0.382156627488	0.374846312199	0.28383091398	0.29011553444	0.297080760449	0.270883080298	0.377514391242	0.354766101959	0.283405787492	0.286812651239	0.312244628971	0.33151538939	0.413777956034	0.379302049822	0.389172314111	0.460050621953	0.406797604592	0.782903200957	0.413916982874	0.368700551241	0.427445308333	0.386640482048	0.337153360987	0.379691891897	0.797769047858	0.469328438488	0.312493530584	0.365830908183	0.377180517456	0.395905444217	0.785878573034	0.344877663419	0.379863218539	0.326547284508	0.304423909337	0.778736944808	0.407267400961	0.329020849052	0.307303797082	0.794807317872	0.432781078694	0.355190565785	0.782437379189	0.383443193693	0.344670565498	0.797498591574	0.789794278216	0.435226188678	0.441054443886	0.490027061994	0.481845278979	0.52433643375	0.619950056684	0.542614072909	0.521185764854	0.509234234766	0.509385706535	0.306944362557	0.277743303096	0.352660331797	0.594951423627	0.404527100589	0.432868518778	0.421781722882	0.354390861326	0.314230574027	0.35232387483	0.62093578267	0.411933204173	0.426428481715	0.368099508685	0.400337437334	0.26651828252	0.649631169373	0.376812789967	0.447104582764	0.400067779177	0.432658705761	0.649010907695	0.348648373813	0.432505924512	0.421187558457	0.438263581725	0.615752407032	0.594627146477	0.644497807969	0.607642170306	0.460542068644	0.477668917306	0.408962915353	0.440193179919	0.361195724039	0.409377200394	0.275859371806	0.424518684526	0.458085467361	0.517835810128	0.477923930409	0.39862026695	0.371199923708	0.387623004885	0.436841935556	0.474724309472	0.411551107171	0.36321451488	0.265036553188	0.405171400127	0.412063179266	0.370698687984	0.517893217402	0.30177396649	0.395411221577	0.300673537463	0.537988960577	0.398049898579	0.442190636653	0.60731021187	0.477137707547	0.539988270015	0.378187420799	0.389070744396	0.2661350433	0.276692191462	0.30336751034	0.309438798545	0.355246437987	0.410642668205	0.255237647583	0.362985582754	0.321858041679	0.240815819459	0.288890081496	0.299797463532	0.308795740167	0.369571456846	0.255069058219	0.327428126442	0.258408258947	0.302423273784	0.272766746669	0.31864888167	0.379781962449	0.247016321272	0.305942429732	0.24545821732	0.369498958773	0.292907882288	0.320545496954	0.308451210218	0.367906827137	0.329671244859	0.299784340494	0.3726395161	0.271631748311	0.333111765264	0.310217914284	0.290867645638	0.287949860941	0.35778857758	0.340892027611	0.329788462024	0.323539444659	0.361949052892	0.316061014898	0.257180298369	0.234286458852	0.431784477873	0.404031537822	0.35417303763	0.400963542999	0.426789212012	0.37054959014	0.538271020292	0.413078968867	0.353260339376	0.409616749628	0.382826213562	0.428451644812	0.515231174899	0.313029561683	0.366495989131	0.280464434675	0.359619636437	0.534990643041	0.326712224901	0.336794172135	0.272634303745	0.492785370113	0.38282013295	0.334632175224	0.547415005123	0.403137144011	0.503885396872	0.498687368737	0.400084563805	0.361363488732	0.330835771141	0.40087625441	0.352290369077	0.340939653857	0.349922981487	0.331811175723	0.31712768045	0.302436251966	0.428000909756	0.39935179592	0.387850029695	0.334598996432	0.387181547815	0.391544737513	0.369019015091	0.380519435918	0.429000066144	0.387430875773	0.27310979917	0.406239477509	0.345398012212	0.324967665017	0.360703239061	0.315085435071	0.356678583138	0.329825075665	0.353126492648	0.346858969865	0.398554250721	0.406138814722	0.372500234023	0.417392437781	0.364572693945	0.329976554495	0.321922069327	0.373450157546	0.395314043032	0.350265817644	0.338974309879	0.334952598484	0.389041567071	0.372981764815	0.340539833771	0.26846432079	0.336716628077	0.438400756828	0.323949988727	0.40777231921	0.383218460764	0.26452573166	0.272244810564	0.354985246064	0.494971910153	0.384846063412	0.410644128333	0.463667518836	0.337799444509	0.332329515515	0.496580971097	0.392428471658	0.434539651705	0.355208800175	0.37166602603	0.368377491949	0.458489835582	0.452075930555	0.448176693642	0.427636592518	0.425188935999	0.401551078451	0.377529422525	0.387616079496	0.379360848313	0.448935324593	0.432912214318	0.396432391015	0.402815275315	0.425320433718	0.293696814868	0.373684162903	0.500095777375	0.378887517717	0.310876088544	0.408470287287	0.336151481583	0.393200484114	0.365200685763	0.33867886003	0.418729562261	0.33839630133	0.375028100446	0.342636809798	0.366831755864	0.312982436288	0.293699228898	0.323355551428	0.460443079793	0.480432915034	0.427254344023	0.458813266149	0.433341991161	0.400388382127	0.477161340914	0.319750785382	0.35583957295	0.313876433451	0.374047615326	0.28673041835	0.324863994073	0.370011139884	0.320456482895	0.374962867082	0.298202098689	0.324786455434	0.372093710211	0.32449511041	0.306996632206	0.344583412905	0.402785158703	0.329880601881	0.358820186604	0.325850587904	0.317221978548	0.301123579487	0.340498670378	0.379485025474	0.353034034534	0.318269299684	0.334075602809	0.306308917144	0.309551023829	0.342053329815	0.357504997254	0.428715182991	0.394401202974	0.336986492109	0.26905471961	0.420205997157	0.35074615416	0.325484260017	0.33631807772	0.356328597165	0.330963762225	0.37191531992	0.363141946834	0.327513022124	0.376725040621	0.351829487819	0.342445419638	0.35778315286	0.364122170207	0.358915127682	0.374557946034	0.425177957467	0.283789127941	0.322476646817	0.265719003826	0.360543158756	0.336700558532	0.368322989002	0.320887868566	0.26497967061	0.268715725567	0.37592838704	0.349252942892	0.378098890725	0.309971830165	0.320824078157	0.288055320703	0.353496451635	0.37420609153	0.292466266624	0.359330336096	0.422209587604	0.418386452964	0.354633098509	0.413061205744	0.328909267554	0.40150192247	0.353402133552	0.400424283969	0.425199922871	0.432807597973	0.320125964862	0.385647402555	0.348673202762	0.40720298655	0.40560645045	0.423937410453	0.297476918778	0.334780027984	0.409653820382	0.375121455044	0.400461513373	0.417894217118	0.417602706506	0.379007852765	0.433051268793	0.346683285192	0.37974366042	0.406888841453	0.401554329253	0.418050428283	0.372368009403	0.390922984439	0.376808450689	0.372833656346	0.369604516727	0.371631086533	0.406004603594	0.395527118043	0.379000818813	0.357895379003	0.409415903005	0.301637878258	0.320637063049	0.398551591429	0.313639493536	0.309330628149	0.374632991974	0.308461019181	0.315643249348	0.356134480781	0.394033957877	0.280949331562	0.34037988556	0.348807571699	0.310230871569	0.33090048459	0.302254845442	0.306560666381	0.308682381321	0.276897639896	0.342839390273	0.318601551123	0.319340901184	0.420118258367	0.363131976428	0.400302843137	0.376877252459	0.282832936871	0.280965301894	0.28784529605	0.321465213391	0.358320579411	0.353968261494	0.343325020968	0.328343427079	0.285510926145	0.31224561794	0.377617784427	0.461525283855	0.457237342739	0.450208114488	0.345325346239	0.424648154068	0.35439150121	0.407704026595	0.373222167212	0.367972021383	0.333534843583	0.326489446427	0.366509328299	0.281833934801	0.354582452706	0.484804643691	0.386447965835	0.349326131792	0.462947803528	0.43040527502	0.44960631408	0.386789574835	0.414241309306	0.441389528258	0.387601054446	0.441032495415	0.37956156475	0.40107474247	0.343973951517	0.400137792076	0.376121096929	0.312955523076	0.407515229463	0.33146477011	0.326448197127	0.284832225589	0.244388566429	0.348301095209	0.310235701215	0.311542448585	0.479032326445	0.322913708147	0.287028368807	0.347804487248	0.401932535163	0.341074791114	0.312239603498	0.352680606566	0.433046955908	0.313880363295	0.245774550932	0.34779205471	0.383755651391	0.297687525313	0.324983905996	0.503324362413	0.405158772782	0.311746200916	0.334741430023	0.331407284428	0.242218294463	0.440543594855	0.338722580127	0.29250596239	0.266022077017	0.36641146187	0.404074627957	0.312331738798	0.271515894253	0.274350054748	0.355255436524	0.441310633027	0.444084123305	0.421673083617	0.451464729797	0.256139621779	0.330722736714	0.401429548218	0.317233737665	0.373533194979	0.366366316605	0.319835636246	0.385210909636	0.33880634304	0.365377347654	0.320391137075	0.421571830025	0.461889102974	0.364958024595	0.345112991592	0.411027102994	0.399647138302	0.451167407112	0.487491884709	0.34799334581	0.2985233828	0.264491086294	0.430154077087	0.378259211116	0.380087374259	0.388372668942	0.501250944012	0.476842403542	0.285023002608	0.410455689307	0.375182152189	0.388233417235	0.365961535752	0.42096029635	0.364497267705	0.3813212072	0.351808880775	0.371370039047	0.422697792298	0.392775436615	0.354812286614	0.464945730087	0.379421913976	0.351795109804	0.32089437991	0.350652535393	0.428625657061	0.366601888281	0.377062318452	0.401323474752	0.359592508967	0.357498448106	0.354968210359	0.440175699118	0.405843370631	0.419206954529	0.458153736526	0.37942011577	0.328045352665	0.346696021375	0.3143886489	0.316833949723	0.36450808269	0.302163027701	0.377286964047	0.332351702185	0.346062647025	0.389905794488	0.371582274393	0.26751780634	0.308497457342	0.379102204389	0.34894620411	0.286425073505	0.292094792914	0.294894261648	0.333037474073	0.302420822137	0.308330154088	0.518962029437	0.524478628554	0.387812141567	0.403563155488	0.412250420105	0.366874654131	0.343848332749	0.349495838555	0.607596177523	0.588529694758	0.607535468901	0.588643167759	0.588689953604	0.573788021375	0.613413427102	0.519170038007	0.537867334924	0.494158848502	0.46799817172	0.485222044637	0.491901501134	0.238104897888	0.312028384766	0.265012823034	0.338399381972	0.255739629482	0.339996621913	0.301638558463	0.362660227461	0.292710485866	0.273044547934	0.33686968566	0.312751249382	0.321363519743	0.282482101413	0.337027750847	0.364979928519	0.482701752756	0.481484964951	0.518684005321	0.492387222452	0.691408274438	0.508056725966	0.472391847762	0.514951480126	0.51933261537	0.532252173653	0.515067097813	0.619408516628	0.516566866267	0.462111902017	0.462266335092	0.454016806765	0.401209903476	0.697523461	0.399945285097	0.508998112176	0.354965152466	0.420089582014	0.672984628649	0.411225956128	0.492945847941	0.362065443311	0.700984837317	0.384455902627	0.454468329698	0.701601688033	0.370941723462	0.437777307239	0.694019742712	0.69694685915	0.440674931466	0.501432685047	0.44119579559	0.457942637816	0.443733519913	0.439030152738	0.442804187451	0.410668088143	0.52027618005	0.557797388489	0.59604618389	0.546027081295	0.529112793758	0.552319927513	0.509919363233	0.535107764364	0.334462966022	0.301102722502	0.276041287724	0.316834177499	0.390786066796	0.398285645542	0.346185130532	0.271600929233	0.317901181917	0.418989090065	0.335035082017	0.243210986852	0.303963957993	0.358980448859	0.384536913843	0.281590802778	0.363889833166	0.340904421951	0.413002440088	0.397939082197	0.454106241403	0.381790405713	0.305652482658	0.296750521159	0.298935277502	0.296461461706	0.325429513206	0.323138950261	0.273467219419	0.301321959211	0.379101355675	0.316928205901	0.323692199767	0.346375565781	0.335929525933	0.310203035959	0.243304988781	0.203217569576	0.259167140071	0.29943933389	0.269132355431	0.280274057607	0.274416472745	0.311171194369	0.311559191849	0.304756770729	0.310269560983	0.22538190301	0.280381886182	0.270677748832	0.257397914493	0.333381287761	0.254590963011	0.273474410576	0.356420573531	0.307642042058	0.309689110799	0.260309211381	0.266200949397	0.279593384689	0.330284431351	0.311827464296	0.401703013409	0.303531722747	0.298779578658	0.311743985755	0.307772196236	0.340248917338	0.31308881761	0.396906183625	0.295046679576	0.28601589718	0.344769285489	0.387168854713	0.354650006066	0.452251009435	0.33038854078	0.349100731757	0.348472597268	0.298128646294	0.429947564745	0.268007859134	0.288051974419	0.35941777663	0.437444523266	0.36745947486	0.325259259179	0.364881919399	0.288664455299	0.32732867123	0.403579875236	0.386005262623	0.296758954446	0.331482868043	0.50707108862	0.520562414523	0.506643191909	0.34372768851	0.597574703504	0.314570071363	0.482782359165	0.549800122902	0.545442367688	0.376296230877	0.621587639106	0.33176788396	0.359984062687	0.578448047703	0.443815611123	0.610759207162	0.503644620679	0.582319288514	0.445969025945	0.607001478641	0.535194517892	0.450349793956	0.538302746974	0.524498795249	0.538597947078	0.337505261756	0.601343602738	0.290115609362	0.256346705068	0.296589904038	0.257463971397	0.347003472275	0.240129381526	0.402712237023	0.284600196555	0.279984730204	0.289752781191	0.301055974135	0.364298725934	0.290579616713	0.384996126765	0.335968374778	0.263236500495	0.234617308966	0.362456928421	0.229178310491	0.423413883543	0.306356803741	0.283775356864	0.35869741714	0.251807492923	0.385089521573	0.333293368066	0.343117955284	0.273535403006	0.411150539236	0.275847335601	0.3240734019	0.429908601772	0.352724551089	0.405122117533	0.295274990969	0.414714486315	0.349302268678	0.470768276889	0.340345020771	0.402510656941	0.372831793878	0.36279253537	0.325182229828	0.355625889267	0.404434529284	0.399369565182	0.424269794284	0.383801410253	0.37437077112	0.394929706471	0.479628240586	0.406744280513	0.429594468253	0.389920644982	0.413658853015	0.360806160904	0.372649425103	0.343163780885	0.434643240305	0.380639632107	0.365997457951	0.403299096141	0.364014924833	0.365716318654	0.679381664639	0.560749569276	0.437542375519	0.410603188506	0.503356873705	0.421335688191	0.497061949977	0.705548889976	0.680825654883	0.606607995671	0.706037281586	0.625329146314	0.515073670417	0.47800981954	0.632291080761	0.433541589956	0.487866001821	0.331810482788	0.501356858465	0.468858721455	0.532023524922	0.300628154882	0.312293677933	0.32656974965	0.28680239563	0.305287218523	0.33370208915	0.273982071011	0.335524644236	0.23679898095	0.334044025185	0.231848310707	0.369163956357	0.281001478725	0.347432639868	0.351192978446	0.298478477704	0.35086605185	0.338268258642	0.326628740155	0.252112102593	0.355711733472	0.375968875486	0.361426009729	0.357076807431	0.367987432956	0.357876222626	0.394651562445	0.382264252815	0.363479084336	0.319997250292	0.393463862745	0.364700563809	0.356664295379	0.343539489629	0.417457588336	0.397533332555	0.372988295088	0.335517981043	0.373638525367	0.374943559373	0.385233585534	0.407739582424	0.377220073008	0.350618844893	0.30963719406	0.372801136364	0.365482036798	0.33975866844	0.379914399981	0.368232834037	0.366151460274	0.367946875063	0.267699792423	0.341514031152	0.422283300094	0.350987093224	0.375829878757	0.352705855561	0.386721060081	0.300288188369	0.281097789752	0.489657992218	0.416632383129	0.322777762499	0.384621066494	0.372872494306	0.353463835201	0.357430064773	0.410841635816	0.342215595902	0.37209976946	0.378440700844	0.368133691702	0.442462796203	0.436401672912	0.404639052767	0.357170560764	0.396710863733	0.350414290366	0.394436549754	0.314376192468	0.365594072799	0.400888790521	0.485959492312	0.397239063612	0.37377609485	0.376646673434	0.317562397825	0.46972333565	0.489358423504	0.410811221098	0.442001578339	0.406623564158	0.301256508526	0.291792268021	0.358212571255	0.288784038591	0.305783543824	0.334514271306	0.331408513442	0.389865192329	0.289223252928	0.287206184681	0.255474829221	0.256370352717	0.270915134823	0.267762676195	0.320407209562	0.336193596324	0.279547999721	0.283532810565	0.284390336818	0.280781305554	0.349403458499	0.313131033703	0.320556692442	0.308544107322	0.329779668172	0.379681916914	0.277423895788	0.308226341959	0.309543737161	0.381077459218	0.320530279948	0.283260255113	0.356078595286	0.282163754626	0.31679749628	0.276565635909	0.39338295288	0.383724812917	0.398753862532	0.401149246682	0.397425932836	0.398446285633	0.417759138274	0.392781072893	0.447146267001	0.405016554252	0.386379053222	0.205597751316	0.27203661179	0.27032627213	0.336787153028	0.324649520127	0.298047064776	0.32405694628	0.280661275848	0.282720600487	0.339786122544	0.403830557347	0.587866492994	0.492286258401	0.620142716482	0.49185306297	0.508204171656	0.401944495457	0.37262272322	0.569099268408	0.442928942914	0.592912057558	0.43167533066	0.530984711796	0.394043561221	0.364818036687	0.526423238663	0.515841852868	0.555717486462	0.498860880713	0.552513506325	0.564793607028	0.514635979455	0.492209792404	0.524872615121	0.482573909116	0.444061707774	0.527004210122	0.524234589968	0.57791452273	0.600273063787	0.515411169385	0.439000835763	0.428636408161	0.499802657492	0.499681728378	0.336772155674	0.262315698951	0.318571796238	0.358781842724	0.322116534887	0.276404298152	0.314404062064	0.312109282759	0.310756012941	0.258944152616	0.34076574319	0.326368611601	0.199459386003	0.256877066845	0.238947217411	0.284441468144	0.353034502533	0.311627754781	0.251280815051	0.189339074046	0.290327443651	0.255614432207	0.410155835435	0.333414228142	0.36334850421	0.402410879244	0.354949631463	0.336201908069	0.291593105048	0.320462375058	0.291155930701	0.247446547733	0.274116278583	0.285123233825	0.263815796099	0.262420755674	0.269416285854	0.368969965754	0.283876213515	0.403470616394	0.358726388311	0.432332674292	0.362745010505	0.289249437879	0.363140450758	0.324232067972	0.422610689538	0.343734158134	0.352694850998	0.314870250436	0.408969126669	0.269469179848	0.370793790827	0.343059098987	0.339934323311	0.396595231206	0.333104285249	0.379161756918	0.492994427969	0.441716132734	0.443753280937	0.458826142809	0.440020458067	0.415570524075	0.461176225443	0.425900355582	0.344864750231	0.438999468169	0.501287260545	0.275149080501	0.440530702165	0.392504363753	0.387385246669	0.45243189678	0.410233110118	0.388387658964	0.348254191449	0.447599519727	0.400770889252	0.43803545277	0.435709591715	0.390306912063	0.397470776801	0.351369077966	0.32489040844	0.450621227177	0.408966753534	0.404495102221	0.477236475082	0.391383023411	0.386039075464	0.468706148168	0.441646865709	0.441171384929	0.282063284029	0.358809281018	0.339637617855	0.367284573776	0.316100298516	0.349664301892	0.268617255354	0.320970546711	0.447767028991	0.290205157825	0.3299343561	0.470924845146	0.367603327896	0.291220464281	0.418209369568	0.318881559592	0.318628485282	0.444595787867	0.355348093104	0.388074098819	0.347329615793	0.282260111281	0.391668571237	0.303226986407	0.480114329964	0.392239972229	0.466258897558	0.417308008455	0.320326557421	0.411111330781	0.412486724401	0.424084829531	0.337682339874	0.390388427695	0.314720069329	0.323366852543	0.26301428659	0.278479452373	0.299281095231	0.314883146059	0.263195093753	0.492402965775	0.35970245086	0.295188298702	0.318686756192	0.344556962025	0.352135338455	0.346242800309	0.525584435932	0.254873056538	0.296276192235	0.328554861328	0.345153337119	0.326691469818	0.468031091062	0.327108528894	0.354204451575	0.349201570139	0.329177460511	0.466837063669	0.274181457077	0.309833438209	0.286138048076	0.475080067611	0.265485382373	0.306291297101	0.468179318622	0.23595363306	0.46694446172	0.462267310587	0.305369479336	0.257242104917	0.33196740438	0.259132233238	0.323118215663	0.347879714756	0.335776639765	0.319662286657	0.212956727039	0.364889165587	0.247002134435	0.301004206339	0.401479429859	0.335529582345	0.293313403306	0.302116838685	0.238341048092	0.245570572325	0.366922931979	0.255915353224	0.28724233298	0.313691790929	0.235116591312	0.283973948469	0.272371587836	0.320522186719	0.269321086727	0.316585342931	0.27986399419	0.242039527813	0.319705324168	0.240742651335	0.280547487498	0.332307889551	0.348297630893	0.245332017433	0.347125050723	0.36219217071	0.436343106662	0.318964707693	0.298548300105	0.365791053612	0.340403967191	0.317000302715	0.312670878298	0.418344632833	0.309302304967	0.356382417414	0.303978029993	0.341661361206	0.293836293223	0.507694499566	0.289199289506	0.354595803385	0.392124854773	0.378219058556	0.273602057096	0.47794883716	0.449140871081	0.405960920779	0.439536825234	0.465229162889	0.303591934473	0.362351565861	0.340725720566	0.327367406221	0.364027176814	0.290563933218	0.343985616859	0.321880663412	0.329714955385	0.330584871939	0.303248052856	0.382658667612	0.34195602187	0.240998939231	0.429399285067	0.341566800984	0.330986101669	0.32054207578	0.31647907617	0.259097060239	0.391665894423	0.337616664866	0.365662468064	0.230160344019	0.32517447125	0.407762586957	0.334369989354	0.344800367357	0.366263405287	0.412088361734	0.376955549387	0.332665187293	0.362366194379	0.315011083739	0.345373828056	0.438979325143	0.420606262482	0.319920060567	0.407706592741	0.425376787967	0.421511213771	0.434035758211	0.405821362084	0.39851361983	0.410790718564	0.421683854542	0.402316268712	0.402195683342	0.433501711375	0.363403265437	0.483029771476	0.456278254945	0.416788813662	0.418537278877	0.446762641059	0.409731031722	0.475991883997	0.452374811728	0.461931175694	0.358843070327	0.392872677641	0.457376081306	0.394592460676	0.365124882181	0.368805997337	0.365556879166	0.3220556917	0.352387754007	0.459503493103	0.437194433898	0.369011766271	0.364068580371	0.441236133252	0.442847694169	0.335492865159	0.440174353816	0.299643016052	0.333366795887	0.361765854462	0.415223636098	0.401387378999	0.371321281484	0.391887977079	0.34115073667	0.357637356839	0.366401334822	0.434155415808	0.385541681099	0.347295030524	0.386896956032	0.407746531811	0.401993037659	0.430081488635	0.393303143163	0.400442957314	0.23167727958	0.322232856796	0.358243397664	0.325659831382	0.329126198903	0.318372167558	0.33888804259	0.342277815633	0.304850923771	0.360370635137	0.353816456972	0.295427131924	0.380064946016	0.35925729348	0.304725785865	0.366028763826	0.34963342104	0.450008391596	0.400228776983	0.324416021181	0.442718115567	0.385137129774	0.433810285399	0.413686075019	0.373136083111	0.510787043072	0.420947299742	0.457285220857	0.355693733029	0.419068417835	0.501017422539	0.441773700994	0.417090625512	0.448029566955	0.488169070122	0.44786147278	0.331857746865	0.284496440985	0.323800588856	0.388475827541	0.375587289349	0.402173672989	0.370007483451	0.366255700809	0.30093587894	0.258035919279	0.37893877176	0.333186321285	0.343696864618	0.330725039293	0.256458138367	0.268396552987	0.325224271232	0.361385260504	0.34653280846	0.33955557068	0.322403402417	0.297611957181	0.369294377943	0.348415551403	0.290424899975	0.298912555662	0.343704076863	0.285420158449	0.282272983594	0.302130508921	0.298412148604	0.377578210552	0.293214370435	0.299642783664	0.258207042088	0.276169708418	0.327245498653	0.287361953159	0.324380288078	0.407129374089	0.318361680524	0.356038994148	0.320725124524	0.315256784493	0.352055086537	0.311526108097	0.337476598334	0.328193476115	0.468134576792	0.310223753028	0.354316863234	0.33006508182	0.415051186223	0.288134613923	0.376714424338	0.359927321076	0.373794867852	0.395780333464	0.334408994511	0.436334162441	0.322312809964	0.392606970345	0.397380333452	0.425341654299	0.410543847849	0.420548524645	0.436499326409	0.385950910158	0.311954189911	0.393867026108	0.369690712538	0.371013644378	0.29540745532	0.336667080846	0.476027717485	0.320346291652	0.448447449386	0.382178373885	0.333128792486	0.444831894743	0.322640671561	0.424004740613	0.363788068419	0.49584324581	0.348672725128	0.448684979825	0.390022579923	0.472806245224	0.40939134786	0.455561454899	0.428944597662	0.383926825092	0.291670603866	0.365230236602	0.424622333579	0.373358170381	0.364040060883	0.390061188408	0.432498264682	0.344917060828	0.294912149675	0.405837333575	0.394756486764	0.303118133215	0.348123399702	0.284930014274	0.329665425783	0.37093051903	0.339327390206	0.335316464027	0.276390814623	0.336877454689	0.362678228131	0.336445342437	0.35170298134	0.383709666083	0.324139534312	0.305738713348	0.290824387075	0.299278464473	0.288517808994	0.318869894113	0.265997812064	0.347153865389	0.338473715417	0.31947151979	0.309555517215	0.328452436413	0.327540094389	0.356166521143	0.342663832475	0.332358274306	0.350421192107	0.358755189433	0.373886885717	0.276264637179	0.385433358631	0.353004898005	0.416464083775	0.468768694666	0.475145250151	0.470662736905	0.46966298317	0.481094277591	0.47720339227	0.474993072411	0.530812214362	0.448084978468	0.431922720592	0.384054544557	0.375364910672	0.45575611477	0.466863647508	0.465866367866	0.491653571729	0.444057104364	0.457551634549	0.430762181436	0.457723330552	0.365267000153	0.363482358583	0.459765725108	0.263299189874	0.348176975441	0.388454904554	0.439943608531	0.342955302366	0.353925731173	0.264834097437	0.318622147002	0.442170503179	0.365471701046	0.415709459801	0.365608688278	0.416119324687	0.35619267403	0.380224333064	0.449101435759	0.339617266389	0.42310935435	0.458442200762	0.437127285147	0.362258296009	0.32361773938	0.338825199619	0.327760921223	0.300681564362	0.305924947362	0.403360216736	0.402037046562	0.441458900214	0.319051154405	0.394449681659	0.365001655321	0.370583636341	0.455497701322	0.428369972787	0.484610759766	0.383213648371	0.330192550302	0.336517431052	0.438735570167	0.41177898765	0.437584453234	0.316566451452	0.40275389303	0.354420846951	0.422607514258	0.371945294741	0.278643481757	0.363795375603	0.360471361028	0.402935049239	0.373182936227	0.373144982081	0.401956122298	0.406258924554	0.330194523503	0.417989402982	0.3173949153	0.341402349371	0.356493082319	0.33778554942	0.319461319026	0.342118922211	0.455695699794	0.325625196309	0.357072928354	0.236097341092	0.356546567271	0.285366435774	0.296192412431	0.260625876561	0.361408431281	0.241853942885	0.284479428156	0.363561737084	0.307906085041	0.307032752419	0.310782490453	0.3456157528	0.23800018886	0.311778012199	0.415758656915	0.331531520711	0.381941638755	0.395161464068	0.361656528546	0.343764693215	0.325926484236	0.326738509887	0.446892435024	0.282080732119	0.297526308961	0.27741747313	0.39966116356	0.280625812194	0.268252708877	0.402480154773	0.266434704132	0.332589172873	0.387571393851	0.400946174161	0.275525502589	0.262189591485	0.25008106606	0.295791974408	0.31846398378	0.286540617957	0.252051438272	0.308600131658	0.415398760702	0.339766157089	0.284459495066	0.332986231817	0.377172859567	0.283943705246	0.282902983946	0.266258177077	0.424647437315	0.384589059702	0.255256208435	0.246128225742	0.316684515438	0.248159452364	0.269123251704	0.433741635072	0.371976505883	0.311834247926	0.316984720785	0.280288344636	0.29518538114	0.430118914322	0.385789970296	0.343286341748	0.331496463919	0.325077761847	0.47157473841	0.311108272152	0.305755370767	0.306761121563	0.378055210583	0.325074060153	0.278680055357	0.409878471483	0.376882434854	0.394514556065	0.339535392928	0.40999775946	0.284849778201	0.249992492124	0.289883772702	0.270679160032	0.285054737956	0.317025082756	0.38736051717	0.264414102213	0.307279051418	0.305202897	0.334177000494	0.33299101339	0.360491235758	0.257687623825	0.230937359318	0.290077022373	0.323159748938	0.346942395027	0.23419002848	0.292969706286	0.309517959881	0.35003283125	0.295481221886	0.313812307715	0.329820171175	0.293038056512	0.347375714491	0.423923658064	0.294720371863	0.34746274898	0.440692784328	0.33962735985	0.381618945495	0.448044459445	0.401637489388	0.303311738709	0.427168067659	0.319763634465	0.35999347994	0.418793698035	0.394343272926	0.398813135558	0.396101307394	0.400024897596	0.475443139851	0.420064949937	0.410850733953	0.464561531443	0.435664377212	0.439571226786	0.391316175694	0.398655089326	0.373802638511	0.403359589801	0.35210493482	0.356378212015	0.289142214649	0.329584477023	0.450739054019	0.39581718325	0.404305915112	0.434090482062	0.542415983322	0.284029344872	0.350170524146	0.349647256632	0.284877725562	0.38175389907	0.475905076233	0.40552851127	0.376162565913	0.365438635812	0.39840708281	0.538696087197	0.463383269505	0.366560860291	0.433859947253	0.50584759587	0.392579106319	0.45787081717	0.539903377107	0.406986949857	0.474433287175	0.536398922297	0.464451537273	0.469417407703	0.509166251111	0.336966024859	0.397395505514	0.385437536259	0.387315398347	0.390791651949	0.44809463732	0.419521528136	0.344877393084	0.337745794079	0.359444550488	0.438163858235	0.418083203003	0.402654228503	0.351461623416	0.371330210143	0.439476614177	0.497068427891	0.478197665285	0.451354524111	0.345647814002	0.411458838823	0.3616728269	0.297026412572	0.32874353527	0.292114981761	0.318293132465	0.365279593608	0.370862586066	0.261760049262	0.282205106435	0.254101399544	0.326157661138	0.249914157121	0.339284460906	0.31278506592	0.311850466611	0.313106563611	0.255287605879	0.308632582336	0.343864943777	0.327055825007	0.316083440869	0.389442523821	0.309448265196	0.320014175976	0.378071288948	0.351982528677	0.407878823949	0.34755522182	0.316875537141	0.385700250058	0.276746583142	0.311981157308	0.294225713754	0.277787418443	0.334302586902	0.342352190891	0.295687090828	0.326646112182	0.325588536155	0.346362686842	0.256955583811	0.257511603148	0.248125746628	0.245860777454	0.405665460906	0.302893274152	0.292234236149	0.25447474595	0.239599211895	0.181184062827	0.390279430921	0.287900372199	0.289906003474	0.197081247545	0.233474056552	0.377897877076	0.244491116948	0.27256832054	0.175884503657	0.400017991797	0.206566078506	0.230811218854	0.375346160303	0.233196302426	0.241819832098	0.42457485457	0.376345157863	0.293858370762	0.18647324705	0.310413315424	0.240375960132	0.265254642102	0.323117061979	0.309293446193	0.310446787977	0.323895382352	0.276434447981	0.300990786958	0.338506767696	0.333538824717	0.303684089249	0.278464643003	0.333884809789	0.277316606997	0.324339855869	0.326947518739	0.321502090074	0.327680819699	0.336697119563	0.340918434491	0.353032653943	0.362603993152	0.333068687382	0.38973089823	0.390188167853	0.372635483552	0.265177990457	0.358586406408	0.254676969927	0.308526555675	0.268598110518	0.271949647275	0.303236739843	0.371230087802	0.310929056147	0.320647698177	0.249209023193	0.240729472597	0.278530057792	0.347003236444	0.38264772058	0.359049026851	0.315489389252	0.320909799686	0.37594515906	0.297195167027	0.318849489362	0.276293309386	0.245623657964	0.295477444182	0.275614945983	0.24709959083	0.258028938789	0.232788902406	0.37529418273	0.418061771267	0.361387280848	0.448898763524	0.409410181268	0.377950261365	0.432275601706	0.362343184118	0.400656164116	0.383836545377	0.380181450905	0.321348890201	0.319927092399	0.38343981544	0.302597212963	0.288666219797	0.332061725431	0.362220079731	0.426911569252	0.407179876018	0.405477406911	0.444059699038	0.362861962902	0.425587999116	0.337387376685	0.309222565049	0.304924420837	0.389782839316	0.320493433142	0.349453010595	0.2758791134	0.357215017939	0.256047675906	0.287928962996	0.408767962447	0.274367423024	0.267742807756	0.280694720903	0.346346790026	0.357039202582	0.300731427116	0.37444034364	0.294498522702	0.406236077645	0.377522444559	0.327387464393	0.395106595992	0.349478335778	0.347347346683	0.380870728421	0.370260187373	0.364137944172	0.3164312956	0.320785072794	0.34293595996	0.386391799031	0.358591284083	0.360787256077	0.344976073689	0.358124936011	0.351378897675	0.302776357527	0.296369517685	0.242001201412	0.22672346195	0.238626467176	0.23071348302	0.31681191578	0.303153583265	0.262648289797	0.26890884901	0.248545078232	0.217230855401	0.27084326829	0.338725915356	0.218165395268	0.22440211698	0.22650799617	0.258103094732	0.280770256185	0.206591462205	0.190285104576	0.276622032066	0.278037514534	0.180006256283	0.213223683568	0.248499025441	0.223167800583	0.267010059472	0.214164291077	0.347164170038	0.261616804583	0.35384652141	0.263537280039	0.288786662646	0.360792746905	0.254631108101	0.285816120674	0.341239731502	0.368224078084	0.271220962966	0.306554208717	0.3103891404	0.330500488346	0.299866147435	0.320560150876	0.244166164753	0.325320251987	0.338363315044	0.230485259399	0.308293953166	0.286408017771	0.369731089845	0.333074968365	0.313275116221	0.306369845654	0.278408754171	0.259030358156	0.201518144878	0.21735660059	0.329646136532	0.292460497215	0.256974798392	0.307785527984	0.308796268273	0.274522038736	0.34621118044	0.53786495199	0.411693039648	0.435769407423	0.501179969968	0.402564101005	0.377259965232	0.51638659936	0.339493970443	0.357694395578	0.421366482194	0.313988390621	0.317723811361	0.453624822402	0.517885861253	0.454666861845	0.480667194813	0.488945433923	0.356176855797	0.402128389041	0.329586309335	0.370195844493	0.421331042543	0.326248217565	0.373595165967	0.40071408606	0.387296571629	0.26798692285	0.356669404596	0.311394390686	0.459671168047	0.4014272162	0.378180187522	0.284167455032	0.338183032137	0.308269721785	0.289840528472	0.444678485839	0.286925230894	0.388832019233	0.34738411988	0.302661107542	0.367574741786	0.382879880208	0.300829289282	0.32688327534	0.271658260651	0.294855806058	0.255024276813	0.409910792888	0.431322020895	0.404597075746	0.451895567008	0.386177086162	0.309526112461	0.372813929008	0.316285359181	0.35508511222	0.388628166633	0.348952535109	0.336812083565	0.333823999557	0.271863066249	0.33975687943	0.461637911332	0.456536823282	0.349027861172	0.446965342063	0.275705772942	0.466816233355	0.420375580191	0.314859768824	0.371446378478	0.398289216103	0.369922258293	0.372623678065	0.349489501858	0.357857835055	0.365892195325	0.35523908559	0.374432411592	0.379955566465	0.33226592394	0.258480007799	0.311256430025	0.294812266925	0.378724012811	0.256739970369	0.326316009027	0.37168592583	0.324496448929	0.319890798916	0.327449005154	0.430766089166	0.326418298766	0.258587640871	0.459130095559	0.347694074303	0.341455800601	0.353182813091	0.531695162852	0.360366267014	0.367834743067	0.459659678651	0.418919197377	0.404575115751	0.371286427892	0.443019289103	0.452018403433	0.480155244219	0.40686413391	0.537395027256	0.506570633129	0.333369063997	0.425013120693	0.350258516091	0.442873924721	0.39487477183	0.419116778992	0.34512526903	0.376143743103	0.347744686187	0.403448089398	0.537834003865	0.519068861145	0.430891976742	0.39213161777	0.367550924019	0.333870319638	0.281739624845	0.335130308004	0.311902790493	0.297521311992	0.34381004143	0.365583871809	0.264517916399	0.314534611504	0.410555845404	0.384511620396	0.346033343786	0.372043215178	0.372122752054	0.335535247863	0.3186994897	0.274713404155	0.260966795651	0.292078261372	0.320674797119	0.278253819175	0.314889474793	0.303681989096	0.352590588335	0.355841771514	0.324293398929	0.307993136183	0.341454733659	0.354863855311	0.317265048384	0.334449597827	0.316216056397	0.283310841698	0.365911991927	0.301768428301	0.352978376921	0.300466937095	0.301694970661	0.516314911502	0.313159653914	0.390307120648	0.42991629487	0.340333440205	0.49737366266	0.375306543687	0.407714486408	0.463356875667	0.403636139387	0.310692776305	0.335054039795	0.399749271391	0.423638743688	0.378136288265	0.488099811761	0.343002270979	0.449625630921	0.47662348015	0.404134336618	0.379315869306	0.409461578223	0.361987202686	0.400910792912	0.384808661911	0.426680582232	0.471594020739	0.457609892479	0.450652049931	0.390377774261	0.421980902775	0.456515955627	0.467671046461	0.53698704915	0.494901561785	0.35042368514	0.383927215121	0.288713017751	0.401549908647	0.35911955124	0.432099012981	0.465563326659	0.448675417366	0.470654948352	0.494936602658	0.380562838626	0.385262812454	0.365398933383	0.441235144541	0.373436664853	0.339510878205	0.423814506259	0.405014549542	0.364980607797	0.396169027562	0.353157532715	0.346883387442	0.312950227934	0.288360108213	0.360709915965	0.409292263375	0.536762406716	0.33949796995	0.379194188077	0.324005739641	0.330307797348	0.392531588596	0.514550378036	0.300415605309	0.220153165645	0.336387706943	0.378994357717	0.511413418713	0.265213221153	0.343045854763	0.392550665393	0.530705382575	0.310831349091	0.344256211855	0.482199459441	0.380037472491	0.515054809095	0.419427557758	0.455626905448	0.420254653835	0.32874947281	0.379050747503	0.66524300849	0.35174170406	0.367876630824	0.477960283976	0.389865540616	0.405266812546	0.706984921025	0.453287390472	0.407311775242	0.418619201968	0.417510628825	0.659010851063	0.433519696412	0.473933894741	0.334681800944	0.678088560625	0.322787364664	0.373878234499	0.718276641659	0.286726345003	0.362115383535	0.688239366512	0.706235508203	0.384678621617	0.360234151454	0.518813651819	0.384018515759	0.424801137153	0.614273482522	0.5088564616	0.453916300393	0.418499916814	0.402531256307	0.540350468428	0.502646367273	0.367563463339	0.400735302262	0.429626914217	0.3433586149	0.416105953285	0.448622609144	0.339009747887	0.531128070668	0.348698557364	0.455544697583	0.311924139615	0.238241819108	0.299153902471	0.328070159935	0.424201925349	0.415127025862	0.305223272326	0.284142258097	0.27360382598	0.421827183194	0.435338034801	0.280929499175	0.347190586206	0.441889320156	0.429965671316	0.262533950717	0.389812010921	0.438021194911	0.42140101454	0.475140518172	0.462062703008	0.38432058274	0.443433293441	0.404282042571	0.418767220107	0.460248265256	0.476312721043	0.483582282597	0.313211112637	0.350691241172	0.336203315277	0.382994670271	0.306675413486	0.392870679663	0.277638467531	0.286066549807	0.299306189958	0.248292220052	0.30369993596	0.295456767511	0.290900143322	0.284788418226	0.341243842168	0.311671191345	0.299592796449	0.295742628595	0.31832468847	0.308899697743	0.304775118085	0.343128828941	0.437690821614	0.495832879637	0.379593600878	0.384089861161	0.340607214862	0.266924066744	0.358497490806	0.461784534914	0.501543758837	0.424980204241	0.400747690245	0.414034466058	0.363013405743	0.378159096707	0.627119753725	0.348282323609	0.466848668804	0.349481480038	0.412681228629	0.359612520773	0.568693980076	0.538197085853	0.570658215017	0.502162097333	0.534717574028	0.399556004989	0.2249848145	0.325891579136	0.323659270381	0.404868310992	0.378357030016	0.396318260964	0.304889879753	0.307541989235	0.310243206236	0.346188351205	0.412815693843	0.371393836848	0.327187532079	0.374977020398	0.388422792452	0.372860144356	0.379206544294	0.292644538958	0.352920555495	0.392400965534	0.331531972573	0.385992694491	0.357583198824	0.335086314375	0.396622582305	0.343885403532	0.440977108817	0.286812010352	0.360879760108	0.252928890118	0.346830192082	0.320747851592	0.328895926451	0.376403808521	0.362885840724	0.338961400983	0.386965067174	0.376911319401	0.369132529372	0.316174347862	0.417838304378	0.369598164256	0.37713087559	0.390926622986	0.352880346269	0.418022335253	0.39402529019	0.421723287073	0.438843986656	0.378792578381	0.428040866674	0.398757799805	0.282843391741	0.36315794897	0.351380253978	0.403771789856	0.427695117923	0.367098930609	0.360678232719	0.308268850359	0.339017658547	0.344493438464	0.296333069785	0.382088424705	0.389428129065	0.378082755033	0.333934465059	0.36202044992	0.31924178993	0.282157863789	0.33977289777	0.310319860125	0.236161823477
CUB053_vs._CUB053	0.37529418273	0.418061771267	0.361387280848	0.448898763524	0.409410181268	0.377950261365	0.432275601706	0.362343184118	0.400656164116	0.383836545377	0.380181450905	0.321348890201	0.319927092399	0.38343981544	0.302597212963	0.288666219797	0.332061725431	0.362220079731	0.426911569252	0.407179876018	0.405477406911	0.444059699038	0.362861962902	0.425587999116	0.337387376685	0.309222565049	0.304924420837	0.389782839316	0.320493433142	0.349453010595	0.2758791134	0.357215017939	0.256047675906	0.287928962996	0.408767962447	0.274367423024	0.267742807756	0.280694720903	0.346346790026	0.357039202582	0.300731427116	0.37444034364	0.294498522702	0.406236077645	0.377522444559
NAU101_vs._NAU101	0.375968875486	0.361426009729	0.357076807431	0.367987432956	0.357876222626	0.394651562445	0.382264252815	0.363479084336	0.319997250292	0.393463862745	0.364700563809	0.356664295379	0.343539489629	0.417457588336	0.397533332555	0.372988295088	0.335517981043	0.373638525367	0.374943559373	0.385233585534	0.407739582424	0.377220073008	0.350618844893	0.30963719406	0.372801136364	0.365482036798	0.33975866844	0.379914399981	0.368232834037	0.366151460274	0.367946875063	0.267699792423	0.341514031152	0.422283300094	0.350987093224	0.375829878757
CUB027_vs._CUB027	0.376911319401	0.369132529372	0.316174347862	0.417838304378	0.369598164256	0.37713087559	0.390926622986	0.352880346269	0.418022335253	0.39402529019	0.421723287073	0.438843986656	0.378792578381	0.428040866674	0.398757799805	0.282843391741	0.36315794897	0.351380253978	0.403771789856	0.427695117923	0.367098930609	0.360678232719	0.308268850359	0.339017658547	0.344493438464	0.296333069785	0.382088424705	0.389428129065	0.378082755033	0.333934465059	0.36202044992	0.31924178993	0.282157863789	0.33977289777	0.310319860125	0.236161823477
CUB044_vs._CUB044	0.32361773938	0.338825199619	0.327760921223	0.300681564362	0.305924947362	0.403360216736	0.402037046562	0.441458900214	0.319051154405	0.394449681659	0.365001655321	0.370583636341	0.455497701322	0.428369972787	0.484610759766	0.383213648371	0.330192550302	0.336517431052	0.438735570167	0.41177898765	0.437584453234	0.316566451452	0.40275389303	0.354420846951	0.422607514258	0.371945294741	0.278643481757	0.363795375603	0.360471361028	0.402935049239	0.373182936227	0.373144982081	0.401956122298	0.406258924554	0.330194523503	0.417989402982
CUB017_vs._CUB017	0.518962029437	0.524478628554	0.387812141567	0.403563155488	0.412250420105	0.366874654131	0.343848332749	0.349495838555	0.607596177523	0.588529694758	0.607535468901	0.588643167759	0.588689953604	0.573788021375	0.613413427102	0.519170038007	0.537867334924	0.494158848502	0.46799817172	0.485222044637	0.491901501134	0.238104897888	0.312028384766	0.265012823034	0.338399381972	0.255739629482	0.339996621913	0.301638558463	0.362660227461	0.292710485866	0.273044547934	0.33686968566	0.312751249382	0.321363519743	0.282482101413	0.337027750847
NAU121_vs._NAU121	0.44486652076	0.382623284259	0.353342294859	0.390276868688	0.347546318417	0.361252109601	0.421772276153	0.33828559155	0.378500065778	0.435392228069	0.417604369863	0.407947618041	0.421589219625	0.337805750797	0.406438776417	0.376679468027	0.405408630076	0.344424678625	0.399798465965	0.371256467856	0.294694520296	0.408122111274	0.339424153304	0.367815314741	0.440796427841	0.340313751645	0.308226042382	0.363361744923	0.42631053591	0.323626682345	0.38423442014	0.394321996789	0.328936586017	0.375266483439	0.368414137433	0.395302847416
NAU160_vs._NAU160	0.268617255354	0.320970546711	0.447767028991	0.290205157825	0.3299343561	0.470924845146	0.367603327896	0.291220464281	0.418209369568	0.318881559592	0.318628485282	0.444595787867	0.355348093104	0.388074098819	0.347329615793	0.282260111281	0.391668571237	0.303226986407	0.480114329964	0.392239972229	0.466258897558	0.417308008455	0.320326557421	0.411111330781	0.412486724401	0.424084829531	0.337682339874	0.390388427695
NAU107_vs._NAU107	0.352705855561	0.386721060081	0.300288188369	0.281097789752	0.489657992218	0.416632383129	0.322777762499	0.384621066494	0.372872494306	0.353463835201	0.357430064773	0.410841635816	0.342215595902	0.37209976946	0.378440700844	0.368133691702	0.442462796203	0.436401672912	0.404639052767	0.357170560764	0.396710863733	0.350414290366	0.394436549754	0.314376192468	0.365594072799	0.400888790521	0.485959492312	0.397239063612	0.37377609485	0.376646673434	0.317562397825	0.46972333565	0.489358423504	0.410811221098	0.442001578339	0.406623564158
NAU119_vs._NAU119	0.349302268678	0.470768276889	0.340345020771	0.402510656941	0.372831793878	0.36279253537	0.325182229828	0.355625889267	0.404434529284	0.399369565182	0.424269794284	0.383801410253	0.37437077112	0.394929706471	0.479628240586	0.406744280513	0.429594468253	0.389920644982	0.413658853015	0.360806160904	0.372649425103	0.343163780885	0.434643240305	0.380639632107	0.365997457951	0.403299096141	0.364014924833	0.365716318654
CUB011_vs._CUB011	0.319835636246	0.385210909636	0.33880634304	0.365377347654	0.320391137075	0.421571830025	0.461889102974	0.364958024595	0.345112991592	0.411027102994	0.399647138302	0.451167407112	0.487491884709	0.34799334581	0.2985233828	0.264491086294	0.430154077087	0.378259211116	0.380087374259	0.388372668942	0.501250944012	0.476842403542	0.285023002608	0.410455689307	0.375182152189	0.388233417235	0.365961535752	0.42096029635
NCS253_vs._NCS253	0.377617784427	0.461525283855	0.457237342739	0.450208114488	0.345325346239	0.424648154068	0.35439150121	0.407704026595	0.373222167212	0.367972021383	0.333534843583	0.326489446427	0.366509328299	0.281833934801	0.354582452706	0.484804643691	0.386447965835	0.349326131792	0.462947803528	0.43040527502	0.44960631408	0.386789574835	0.414241309306	0.441389528258	0.387601054446	0.441032495415	0.37956156475	0.40107474247	0.343973951517	0.400137792076	0.376121096929	0.312955523076	0.407515229463	0.33146477011	0.326448197127	0.284832225589
NAU105_vs._NAU105	0.39338295288	0.383724812917	0.398753862532	0.401149246682	0.397425932836	0.398446285633	0.417759138274	0.392781072893	0.447146267001	0.405016554252	0.386379053222	0.205597751316	0.27203661179	0.27032627213	0.336787153028	0.324649520127	0.298047064776	0.32405694628	0.280661275848	0.282720600487	0.339786122544
CUB009_vs._CUB009	0.353496451635	0.37420609153	0.292466266624	0.359330336096	0.422209587604	0.418386452964	0.354633098509	0.413061205744	0.328909267554	0.40150192247	0.353402133552	0.400424283969	0.425199922871	0.432807597973	0.320125964862	0.385647402555	0.348673202762	0.40720298655	0.40560645045	0.423937410453	0.297476918778	0.334780027984	0.409653820382	0.375121455044	0.400461513373	0.417894217118	0.417602706506	0.379007852765	0.433051268793	0.346683285192	0.37974366042	0.406888841453	0.401554329253	0.418050428283	0.372368009403	0.390922984439	0.376808450689	0.372833656346	0.369604516727	0.371631086533	0.406004603594	0.395527118043	0.379000818813	0.357895379003	0.409415903005
NAU134_vs._NAU134	0.311924139615	0.238241819108	0.299153902471	0.328070159935	0.424201925349	0.415127025862	0.305223272326	0.284142258097	0.27360382598	0.421827183194	0.435338034801	0.280929499175	0.347190586206	0.441889320156	0.429965671316	0.262533950717	0.389812010921	0.438021194911	0.42140101454	0.475140518172	0.462062703008
NCS263_vs._NCS263	0.29540745532	0.336667080846	0.476027717485	0.320346291652	0.448447449386	0.382178373885	0.333128792486	0.444831894743	0.322640671561	0.424004740613	0.363788068419	0.49584324581	0.348672725128	0.448684979825	0.390022579923	0.472806245224	0.40939134786	0.455561454899	0.428944597662	0.383926825092	0.291670603866
CUB029_vs._CUB029	0.343128828941	0.437690821614	0.495832879637	0.379593600878	0.384089861161	0.340607214862	0.266924066744	0.358497490806	0.461784534914	0.501543758837	0.424980204241	0.400747690245	0.414034466058	0.363013405743	0.378159096707	0.627119753725	0.348282323609	0.466848668804	0.349481480038	0.412681228629	0.359612520773	0.568693980076	0.538197085853	0.570658215017	0.502162097333	0.534717574028	0.399556004989	0.2249848145	0.325891579136	0.323659270381	0.404868310992	0.378357030016	0.396318260964	0.304889879753	0.307541989235	0.310243206236
NAU161_vs._NAU161	0.43803545277	0.435709591715	0.390306912063	0.397470776801	0.351369077966	0.32489040844	0.450621227177	0.408966753534	0.404495102221	0.477236475082	0.391383023411	0.386039075464	0.468706148168	0.441646865709	0.441171384929	0.282063284029	0.358809281018	0.339637617855	0.367284573776	0.316100298516	0.349664301892
CUB038_vs._CUB038	0.413777956034	0.379302049822	0.389172314111	0.460050621953	0.406797604592	0.782903200957	0.413916982874	0.368700551241	0.427445308333	0.386640482048	0.337153360987	0.379691891897	0.797769047858	0.469328438488	0.312493530584	0.365830908183	0.377180517456	0.395905444217	0.785878573034	0.344877663419	0.379863218539	0.326547284508	0.304423909337	0.778736944808	0.407267400961	0.329020849052	0.307303797082	0.794807317872	0.432781078694	0.355190565785	0.782437379189	0.383443193693	0.344670565498	0.797498591574	0.789794278216	0.435226188678
NCS214_vs._NCS214	0.464451537273	0.469417407703	0.509166251111	0.336966024859	0.397395505514	0.385437536259	0.387315398347	0.390791651949	0.44809463732	0.419521528136	0.344877393084	0.337745794079	0.359444550488	0.438163858235	0.418083203003	0.402654228503	0.351461623416	0.371330210143	0.439476614177	0.497068427891	0.478197665285	0.451354524111	0.345647814002	0.411458838823	0.3616728269	0.297026412572	0.32874353527	0.292114981761
CUB007_vs._CUB007	0.26846432079	0.336716628077	0.438400756828	0.323949988727	0.40777231921	0.383218460764	0.26452573166	0.272244810564	0.354985246064	0.494971910153	0.384846063412	0.410644128333	0.463667518836	0.337799444509	0.332329515515	0.496580971097	0.392428471658	0.434539651705	0.355208800175	0.37166602603	0.368377491949	0.458489835582	0.452075930555	0.448176693642	0.427636592518	0.425188935999	0.401551078451	0.377529422525	0.387616079496	0.379360848313	0.448935324593	0.432912214318	0.396432391015	0.402815275315	0.425320433718	0.293696814868
NCS212_vs._NCS212	0.294720371863	0.34746274898	0.440692784328	0.33962735985	0.381618945495	0.448044459445	0.401637489388	0.303311738709	0.427168067659	0.319763634465	0.35999347994	0.418793698035	0.394343272926	0.398813135558	0.396101307394	0.400024897596	0.475443139851	0.420064949937	0.410850733953	0.464561531443	0.435664377212	0.439571226786	0.391316175694	0.398655089326	0.373802638511	0.403359589801	0.35210493482	0.356378212015
NAU133_vs._NAU133	0.300466937095	0.301694970661	0.516314911502	0.313159653914	0.390307120648	0.42991629487	0.340333440205	0.49737366266	0.375306543687	0.407714486408	0.463356875667	0.403636139387	0.310692776305	0.335054039795	0.399749271391	0.423638743688	0.378136288265	0.488099811761	0.343002270979	0.449625630921	0.47662348015
NCS233_vs._NCS233	0.34621118044	0.53786495199	0.411693039648	0.435769407423	0.501179969968	0.402564101005	0.377259965232	0.51638659936	0.339493970443	0.357694395578	0.421366482194	0.313988390621	0.317723811361	0.453624822402	0.517885861253	0.454666861845	0.480667194813	0.488945433923	0.356176855797	0.402128389041	0.329586309335	0.370195844493	0.421331042543	0.326248217565	0.373595165967	0.40071408606	0.387296571629	0.26798692285
CUB036_vs._CUB036	0.431784477873	0.404031537822	0.35417303763	0.400963542999	0.426789212012	0.37054959014	0.538271020292	0.413078968867	0.353260339376	0.409616749628	0.382826213562	0.428451644812	0.515231174899	0.313029561683	0.366495989131	0.280464434675	0.359619636437	0.534990643041	0.326712224901	0.336794172135	0.272634303745	0.492785370113	0.38282013295	0.334632175224	0.547415005123	0.403137144011	0.503885396872	0.498687368737
NAU139_vs._NAU139	0.327449005154	0.430766089166	0.326418298766	0.258587640871	0.459130095559	0.347694074303	0.341455800601	0.353182813091	0.531695162852	0.360366267014	0.367834743067	0.459659678651	0.418919197377	0.404575115751	0.371286427892	0.443019289103	0.452018403433	0.480155244219	0.40686413391	0.537395027256	0.506570633129	0.333369063997	0.425013120693	0.350258516091	0.442873924721	0.39487477183	0.419116778992	0.34512526903	0.376143743103	0.347744686187	0.403448089398	0.537834003865	0.519068861145	0.430891976742	0.39213161777	0.367550924019
CUB015_vs._CUB015	0.501432685047	0.44119579559	0.457942637816	0.443733519913	0.439030152738	0.442804187451	0.410668088143	0.52027618005	0.557797388489	0.59604618389	0.546027081295	0.529112793758	0.552319927513	0.509919363233	0.535107764364	0.334462966022	0.301102722502	0.276041287724	0.316834177499	0.390786066796	0.398285645542	0.346185130532	0.271600929233	0.317901181917	0.418989090065	0.335035082017	0.243210986852	0.303963957993	0.358980448859	0.384536913843	0.281590802778	0.363889833166	0.340904421951	0.413002440088	0.397939082197	0.454106241403
NAU130_vs._NAU130	0.404134336618	0.379315869306	0.409461578223	0.361987202686	0.400910792912	0.384808661911	0.426680582232	0.471594020739	0.457609892479	0.450652049931	0.390377774261	0.421980902775	0.456515955627	0.467671046461	0.53698704915	0.494901561785	0.35042368514	0.383927215121	0.288713017751	0.401549908647	0.35911955124	0.432099012981	0.465563326659	0.448675417366	0.470654948352	0.494936602658	0.380562838626	0.385262812454	0.365398933383	0.441235144541	0.373436664853	0.339510878205	0.423814506259	0.405014549542	0.364980607797	0.396169027562
NCS210_vs._NCS210	0.289142214649	0.329584477023	0.450739054019	0.39581718325	0.404305915112	0.434090482062	0.542415983322	0.284029344872	0.350170524146	0.349647256632	0.284877725562	0.38175389907	0.475905076233	0.40552851127	0.376162565913	0.365438635812	0.39840708281	0.538696087197	0.463383269505	0.366560860291	0.433859947253	0.50584759587	0.392579106319	0.45787081717	0.539903377107	0.406986949857	0.474433287175	0.536398922297
CUB032_vs._CUB032	0.275859371806	0.424518684526	0.458085467361	0.517835810128	0.477923930409	0.39862026695	0.371199923708	0.387623004885	0.436841935556	0.474724309472	0.411551107171	0.36321451488	0.265036553188	0.405171400127	0.412063179266	0.370698687984	0.517893217402	0.30177396649	0.395411221577	0.300673537463	0.537988960577	0.398049898579	0.442190636653	0.60731021187	0.477137707547	0.539988270015	0.378187420799	0.389070744396
NAU154_vs._NAU154	0.407706592741	0.425376787967	0.421511213771	0.434035758211	0.405821362084	0.39851361983	0.410790718564	0.421683854542	0.402316268712	0.402195683342	0.433501711375	0.363403265437	0.483029771476	0.456278254945	0.416788813662	0.418537278877	0.446762641059	0.409731031722	0.475991883997	0.452374811728	0.461931175694	0.358843070327	0.392872677641	0.457376081306	0.394592460676	0.365124882181	0.368805997337	0.365556879166	0.3220556917	0.352387754007	0.459503493103	0.437194433898	0.369011766271	0.364068580371	0.441236133252	0.442847694169
NAU136_vs._NAU136	0.455626905448	0.420254653835	0.32874947281	0.379050747503	0.66524300849	0.35174170406	0.367876630824	0.477960283976	0.389865540616	0.405266812546	0.706984921025	0.453287390472	0.407311775242	0.418619201968	0.417510628825	0.659010851063	0.433519696412	0.473933894741	0.334681800944	0.678088560625	0.322787364664	0.373878234499	0.718276641659	0.286726345003	0.362115383535	0.688239366512	0.706235508203	0.384678621617
NAU156_vs._NAU156	0.366028763826	0.34963342104	0.450008391596	0.400228776983	0.324416021181	0.442718115567	0.385137129774	0.433810285399	0.413686075019	0.373136083111	0.510787043072	0.420947299742	0.457285220857	0.355693733029	0.419068417835	0.501017422539	0.441773700994	0.417090625512	0.448029566955	0.488169070122	0.44786147278
NAU137_vs._NAU137	0.360234151454	0.518813651819	0.384018515759	0.424801137153	0.614273482522	0.5088564616	0.453916300393	0.418499916814	0.402531256307	0.540350468428	0.502646367273	0.367563463339	0.400735302262	0.429626914217	0.3433586149	0.416105953285	0.448622609144	0.339009747887	0.531128070668	0.348698557364	0.455544697583
CUB042_vs._CUB042	0.416464083775	0.468768694666	0.475145250151	0.470662736905	0.46966298317	0.481094277591	0.47720339227	0.474993072411	0.530812214362	0.448084978468	0.431922720592	0.384054544557	0.375364910672	0.45575611477	0.466863647508	0.465866367866	0.491653571729	0.444057104364	0.457551634549	0.430762181436	0.457723330552	0.365267000153	0.363482358583	0.459765725108	0.263299189874	0.348176975441	0.388454904554	0.439943608531	0.342955302366	0.353925731173	0.264834097437	0.318622147002	0.442170503179	0.365471701046	0.415709459801	0.365608688278	0.416119324687	0.35619267403	0.380224333064	0.449101435759	0.339617266389	0.42310935435	0.458442200762	0.437127285147	0.362258296009
CUB033_vs._CUB033	0.441054443886	0.490027061994	0.481845278979	0.52433643375	0.619950056684	0.542614072909	0.521185764854	0.509234234766	0.509385706535	0.306944362557	0.277743303096	0.352660331797	0.594951423627	0.404527100589	0.432868518778	0.421781722882	0.354390861326	0.314230574027	0.35232387483	0.62093578267	0.411933204173	0.426428481715	0.368099508685	0.400337437334	0.26651828252	0.649631169373	0.376812789967	0.447104582764	0.400067779177	0.432658705761	0.649010907695	0.348648373813	0.432505924512	0.421187558457	0.438263581725	0.615752407032	0.594627146477	0.644497807969	0.607642170306	0.460542068644	0.477668917306	0.408962915353	0.440193179919	0.361195724039	0.409377200394
NAU164_vs._NAU164	0.492994427969	0.441716132734	0.443753280937	0.458826142809	0.440020458067	0.415570524075	0.461176225443	0.425900355582	0.344864750231	0.438999468169	0.501287260545	0.275149080501	0.440530702165	0.392504363753	0.387385246669	0.45243189678	0.410233110118	0.388387658964	0.348254191449	0.447599519727	0.400770889252
NAU129_vs._NAU129	0.378118403364	0.517391341484	0.426190111713	0.351481811927	0.449180807058	0.452213553237	0.281001318575	0.463443323926	0.47231805153	0.44057027618	0.401771874356	0.511474795928	0.471218712238	0.420772920169	0.518437807898	0.497698337675	0.499352330715	0.515731680223	0.51125507085	0.511923042912	0.555089815571	0.377431214284	0.399866438284	0.439826812408	0.392817281891	0.485301370384	0.462382007332	0.412228577743	0.362911810481	0.446956100395	0.35893358804	0.418026984762	0.396202202872	0.432153154745	0.401148163181	0.47177702359
NAU123_vs._NAU123	0.378387745635	0.329802569068	0.418828815653	0.44581791405	0.38240032117	0.499397193013	0.41521533612	0.531391806761	0.319477844703	0.483923056667	0.375675542065	0.399694425626	0.543797103449	0.477340113661	0.547194877755	0.504479254173	0.401433868815	0.402648095016	0.544302414895	0.520590139325	0.55618224946	0.469803925434	0.48244515435	0.46874478902	0.351098526318	0.412403157897	0.42529863885	0.513982602988	0.484493081451	0.506107552443	0.447421054436	0.476587256836	0.53620855414	0.481159805564	0.477160265645	0.405991646189
CUB016_vs._CUB016	0.364979928519	0.482701752756	0.481484964951	0.518684005321	0.492387222452	0.691408274438	0.508056725966	0.472391847762	0.514951480126	0.51933261537	0.532252173653	0.515067097813	0.619408516628	0.516566866267	0.462111902017	0.462266335092	0.454016806765	0.401209903476	0.697523461	0.399945285097	0.508998112176	0.354965152466	0.420089582014	0.672984628649	0.411225956128	0.492945847941	0.362065443311	0.700984837317	0.384455902627	0.454468329698	0.701601688033	0.370941723462	0.437777307239	0.694019742712	0.69694685915	0.440674931466
CUB061_vs._CUB061	0.679381664639	0.560749569276	0.437542375519	0.410603188506	0.503356873705	0.421335688191	0.497061949977	0.705548889976	0.680825654883	0.606607995671	0.706037281586	0.625329146314	0.515073670417	0.47800981954	0.632291080761	0.433541589956	0.487866001821	0.331810482788	0.501356858465	0.468858721455	0.532023524922
NCS236_vs._NCS236	0.403830557347	0.587866492994	0.492286258401	0.620142716482	0.49185306297	0.508204171656	0.401944495457	0.37262272322	0.569099268408	0.442928942914	0.592912057558	0.43167533066	0.530984711796	0.394043561221	0.364818036687	0.526423238663	0.515841852868	0.555717486462	0.498860880713	0.552513506325	0.564793607028	0.514635979455	0.492209792404	0.524872615121	0.482573909116	0.444061707774	0.527004210122	0.524234589968	0.57791452273	0.600273063787	0.515411169385	0.439000835763	0.428636408161	0.499802657492	0.499681728378	0.336772155674
NAU117_vs._NAU117	0.331482868043	0.50707108862	0.520562414523	0.506643191909	0.34372768851	0.597574703504	0.314570071363	0.482782359165	0.549800122902	0.545442367688	0.376296230877	0.621587639106	0.33176788396	0.359984062687	0.578448047703	0.443815611123	0.610759207162	0.503644620679	0.582319288514	0.445969025945	0.607001478641	0.535194517892	0.450349793956	0.538302746974	0.524498795249	0.538597947078	0.337505261756	0.601343602738
