NAU132_vs._NAU132	0.731464962612	0.371086268726	0.370296464595	0.334633259563	0.380352275704	0.3565490145	0.369547790053	0.466189898679	0.690353415311	0.703163948036	0.720953202984	0.686445610239	0.717788691418	0.702048365669	0.66269546318	0.370649203684	0.36175601489	0.389786430162	0.376628149826	0.382398678664	0.443227739616	0.347504302742	0.373909944433	0.32648182654	0.344377562451	0.413491565043	0.365315719269	0.322392397742	0.367936381766	0.422680520291	0.357619736256	0.376522574369	0.39299979652	0.385631595328	0.452497980308	0.424825427673
NAU101_vs._NAU101	0.473279157909	0.487907830378	0.561041601726	0.592109351257	0.595834878838	0.52396033618	0.522631751515	0.539402107434	0.459271418806	0.575158445111	0.635916647355	0.641189547197	0.54574342808	0.542743609403	0.539582676997	0.514994503504	0.536248695453	0.541062513519	0.470723504111	0.502350492274	0.511210476788	0.526311957929	0.495931914131	0.512031369293	0.483080951121	0.527681444084	0.48681356524	0.503855186241	0.541813610087	0.521749124231	0.513853034287	0.537312749191	0.544531554958	0.5137167016	0.515080136656	0.4809234121
CUB052_vs._CUB052	0.541653987737	0.553135925804	0.544638188254	0.497703166405	0.568606473205	0.623309270923	0.550557291773	0.566787651377	0.550607810268	0.532172231003	0.525736982514	0.487904593793	0.513949004306	0.574605226263	0.534619993931	0.523002376458	0.574711692043	0.518821042945	0.515864726919	0.532799472516	0.589298429871	0.489216876195	0.520353633788	0.58369885982	0.474723380826	0.528755815686	0.594907642704	0.503846701799	0.520379418305	0.551528164224	0.509023699252	0.58903828813	0.489033387826	0.499135146878	0.508947624864	0.566408736182	0.505550909362	0.527409708824	0.577667152166	0.554575025128	0.571364402105	0.616684465952	0.490247881846	0.549912043634	0.562050270846
NAU133_vs._NAU133	0.459736613141	0.523072383002	0.497364294133	0.672807659265	0.567310803192	0.490258358416	0.619551076865	0.489830443323	0.47702989298	0.634352952798	0.577332444858	0.450989759102	0.6001330698	0.496042728691	0.622940327494	0.562227662495	0.469783433094	0.603924355918	0.546581667966	0.495456261917	0.439124209154	0.54093420294	0.535811297731	0.576006901133	0.539156654667	0.504494220975	0.520461064569	0.537942808104
CUB050_vs._CUB050	0.598924972875	0.577633586318	0.574168660826	0.562454287553	0.571198293684	0.587385893495	0.603080003741	0.6425499971	0.530733034822	0.514083573406	0.527010938498	0.589885830042	0.542247150856	0.53437494619	0.57392690019	0.469728740438	0.508285479566	0.537229734106	0.503454448244	0.514380700944	0.554416161475	0.46172125568	0.534594794608	0.484927691386	0.506686107175	0.546388758232	0.53466278121	0.505020858466	0.524768860775	0.554095743062	0.518270695563	0.558730866355	0.58397381458	0.511637538397	0.553227620042	0.557642033314
NCS210_vs._NCS210	0.503002637519	0.566775161444	0.618690844489	0.593883346255	0.627528508405	0.57413774178	0.619075906434	0.495863263515	0.541181229313	0.530706076422	0.571774385963	0.514766695441	0.593107022064	0.516233392943	0.534437817587	0.546671459106	0.451892921956	0.56266393643	0.486162819019	0.564444698374	0.481736546338	0.628207212793	0.53582134681	0.505192258321	0.62605473739	0.537434334266	0.648940345436	0.569807050159
CUB042_vs._CUB042	0.518603295127	0.518180529961	0.556330220498	0.577054263342	0.509644802907	0.538359464976	0.517615708058	0.52938689792	0.538685056596	0.537374874352	0.524701850152	0.58409586932	0.556153767663	0.536712643933	0.558331578412	0.489708609253	0.571283640668	0.562141906571	0.576889351114	0.56978609794	0.550952575981	0.576600391916	0.548257791114	0.595891351755	0.560481322787	0.603253732778	0.539921306504	0.609389243439	0.546235236479	0.630604338997	0.593556076399	0.576046846295	0.606913887915	0.594627580109	0.609895106606	0.568269067074	0.514245924618	0.554939548525	0.499302417707	0.596343204925	0.537977278913	0.610356805227	0.563385995859	0.494516552667	0.560999032537
CUB026_vs._CUB026	0.54706256391	0.550288096173	0.60790198089	0.680906526653	0.597882717155	0.637517459475	0.56071304106	0.512024757202	0.525583848705	0.614413416139	0.500340745734	0.565146545504	0.524945955301	0.508879462954	0.611639564875	0.527760997968	0.549181026573	0.528292835813	0.607753121922	0.54510206238	0.563905481989	0.538440549591	0.610703321494	0.624292806608	0.661918936356	0.584001475768	0.57936801945	0.613231388402
NAU164_vs._NAU164	0.648606380336	0.534435344333	0.577089290561	0.540694278566	0.53973817821	0.549442659784	0.650984863229	0.656672768684	0.64283302268	0.618833421225	0.685129735233	0.57984138339	0.500094250542	0.505784016427	0.513210822979	0.577601016262	0.582519627535	0.56525201	0.499536067349	0.507510243831	0.561825027757
CUB048_vs._CUB048	0.611289402486	0.576536298599	0.576760175168	0.680826594167	0.584650727407	0.596868614907	0.567907059835	0.614546847284	0.682318023447	0.573851062926	0.560821915932	0.590876660577	0.540278988623	0.572286740265	0.567967770799	0.53709477864	0.609526654244	0.497456608019	0.65006476907	0.520731574613	0.508827885109	0.532823990542	0.537417735627	0.636927688846	0.633659355799	0.524242029043	0.539232375386	0.513737825046	0.546806446852	0.627244420675	0.569169442904	0.610032711412	0.630659614869	0.566356910313	0.5454879317	0.537564371157	0.53398642975	0.505946739035	0.583870886628	0.542073626546	0.529361095796	0.612480567367	0.51579157729	0.633455218184	0.571966052143
NCS243_vs._NCS243	0.57748348055	0.584582168849	0.671100614304	0.587899523682	0.567459021324	0.541515188934	0.597945077979	0.577032846817	0.613297367152	0.556692578053	0.537214896723	0.565722984265	0.539047530912	0.63092944531	0.588767238997	0.535076488596	0.561828408538	0.5505185451	0.591359101387	0.601800958998	0.637500490645	0.606093649648	0.496570274813	0.572526963333	0.55405703205	0.533735731023	0.517629251823	0.543689853193
NAU106_vs._NAU106	0.551931624791	0.606833904267	0.60376668241	0.559612280735	0.600070258735	0.555077661585	0.563507912817	0.597748293316	0.573370343208	0.545125299171	0.58851001396	0.527662164332	0.565479119028	0.558749864553	0.593630288551	0.564434375808	0.595127129513	0.597533999024	0.59277669085	0.571730733798	0.568184521454	0.597848971726	0.585056107162	0.520755634269	0.55272563195	0.571182371203	0.607199150645	0.562838977108
NAU160_vs._NAU160	0.55432770191	0.551539748065	0.574145646661	0.566397913955	0.585409308352	0.619191510128	0.556646076593	0.628125124977	0.608457097355	0.580129945787	0.649576442883	0.584448772581	0.523071518217	0.538092065301	0.587371532609	0.545406541806	0.560584153986	0.57939219383	0.554313899039	0.540993948812	0.586940728623
NAU149_vs._NAU149	0.600551009223	0.644321009719	0.599567762681	0.557145046295	0.5847031315	0.569532525773	0.636549558125	0.563265501598	0.55828692965	0.564395107516	0.528893827945	0.558458080698	0.579115602871	0.59146672075	0.54973791858	0.584115025229	0.563675365543	0.581664980603	0.619799295002	0.58900250586	0.580355563489	0.506574087399	0.537082977933	0.595436576698	0.605373099879	0.56136790399	0.52476402243	0.556001425253	0.573615540736	0.526262148167	0.579715568538	0.583119798847	0.567593801978	0.599443608194	0.555992286256	0.598894192283
CUB000_vs._CUB000	0.615987995297	0.576832302333	0.621436365402	0.575787460595	0.597807406342	0.546623870233	0.596698394995	0.561641743036	0.558214183575	0.625079458546	0.678165684237	0.586848708551	0.660517785941	0.60042069793	0.601568249759	0.538551860132	0.567571008912	0.621304424311	0.58370171179	0.59741477471	0.586972492005	0.6093488958	0.5423285138	0.55376371129	0.543337110112	0.505214064668	0.555746843322	0.613381290149	0.586353541118	0.620564581851	0.572432867614	0.514438215646	0.56588170495	0.513502100428	0.548137035281	0.538045007755	0.591827286722	0.593615772468	0.607916925403	0.562812701102	0.531104558739	0.564964383408	0.56663204527	0.584601265693	0.542511635075
CUB027_vs._CUB027	0.564169478183	0.661326666064	0.58856731775	0.613551958517	0.574489883476	0.641583389849	0.564544169298	0.613526607066	0.60992201029	0.575600961275	0.608809460478	0.562770901959	0.582912260234	0.589106642825	0.606102977482	0.603210112162	0.586747826178	0.618335109982	0.598277268647	0.623282229477	0.597400832487	0.531977332053	0.542396888543	0.547253512597	0.558597226465	0.576172803066	0.564255450689	0.555372569636	0.53981431739	0.538816389768	0.562369973661	0.531585195799	0.579351337691	0.579248328493	0.593493064609	0.551896952341
CUB012_vs._CUB012	0.579180624892	0.604865628633	0.526665881283	0.566558136035	0.572509928016	0.609328120915	0.538154474892	0.56275005642	0.601383466229	0.552584382415	0.573856996905	0.603069306558	0.68279560792	0.670078278393	0.637792879683	0.636533740101	0.636199861999	0.599327455539	0.590566709309	0.652893796942	0.672538109308	0.628518826712	0.623697172838	0.615129142729	0.558873210497	0.536426721846	0.571798996384	0.492637169301	0.532520966863	0.5889537996	0.578026570661	0.600396592497	0.579477947072	0.551678526786	0.580094443927	0.545783613366	0.553853944168	0.539644065866	0.615769148605	0.600128593992	0.561131326313	0.637243048649	0.484305765364	0.602029485936	0.57669611181
CUB019_vs._CUB019	0.54942795644	0.619089260344	0.567435216259	0.663021864239	0.653075309223	0.671808382093	0.577262820392	0.595599177004	0.558894787033	0.553638101589	0.59623367524	0.582509360927	0.631787503312	0.541695241952	0.526561545427	0.587222657311	0.568441639793	0.591276972873	0.66113123193	0.584320728204	0.573050844901	0.593482070847	0.575829575032	0.640927837077	0.588774401695	0.541226729679	0.553207998966	0.628352199813	0.610323391901	0.610230158673	0.630082829915	0.586659940669	0.582153477624	0.627120474496	0.645469649734	0.535646467088
NAU110_vs._NAU110	0.627558171257	0.567278002652	0.611608131626	0.573179022166	0.61102328246	0.564817632863	0.605972396768	0.619023048361	0.632560898241	0.656408612073	0.634109047272	0.635369388792	0.626935741361	0.633004669561	0.647092754851	0.506779363959	0.514114015878	0.51182530771	0.545017747009	0.518817827898	0.633209237919	0.559156120981	0.471127225883	0.575323526948	0.529839103674	0.670840254878	0.549286791904	0.513032804426	0.540160344099	0.616195718953	0.572536575239	0.507890127334	0.668003191727	0.551182169053	0.620467283724	0.620688245278
CUB056_vs._CUB056	0.567374573408	0.580407274203	0.577424831182	0.571368803728	0.605432859593	0.620461920633	0.634021933587	0.51343140933	0.575983414304	0.524260380517	0.5837235414	0.596361349718	0.583382172072	0.59222380321	0.529886397189	0.593675570564	0.587525949114	0.577537933364	0.611245822779	0.601843467068	0.593122052205	0.602798034381	0.623732683732	0.605762115676	0.612307208117	0.613296869615	0.593542208329	0.603783185427
CUB053_vs._CUB053	0.536039310993	0.611597058043	0.559968766091	0.578957550804	0.615341380332	0.582020833705	0.637224601835	0.606814920952	0.643619652434	0.471330794652	0.577980263437	0.611500339923	0.577113701497	0.653867784494	0.559795658982	0.612985682322	0.610781324686	0.58969369359	0.609056185448	0.6396262444	0.643213713947	0.562854419609	0.595667822795	0.545159144018	0.655256268642	0.508387187151	0.585278067573	0.536028088193	0.585571733211	0.570761208989	0.596163693189	0.591631134039	0.625892765239	0.622511781792	0.606216878355	0.637258405646
CUB040_vs._CUB040	0.566489627023	0.574030468185	0.549209737458	0.568837740938	0.552468252504	0.732900287892	0.571413715563	0.668721576058	0.564468234186	0.613521889984	0.610191017638	0.553447558301	0.591728309276	0.655526606042	0.558317815625	0.596880579239	0.557252752031	0.578389422264	0.607014452426	0.548879283961	0.735704534756	0.614810909559	0.671213884952	0.602520546973	0.585722930012	0.607205522253	0.749040143683	0.609295971979	0.695845893063	0.592294734244	0.534459286888	0.680829176933	0.525826228328	0.621948986555	0.584818307166	0.717952101968	0.530098107389	0.611173062971	0.588122590049	0.706944429823	0.695221266655	0.685763188032	0.561159178719	0.589664415181	0.642508953121
NCS248_vs._NCS248	0.600723549811	0.623887640441	0.589373265465	0.591718613716	0.610222754011	0.625216979394	0.572395310355	0.629926157001	0.598660624524	0.597124811882	0.584726751038	0.591651397298	0.60049326599	0.599871456608	0.653089514967	0.609711766795	0.594768825916	0.565311708271	0.615162160446	0.575269052106	0.628080351397	0.583740846101	0.5936033208	0.62633700224	0.59429873573	0.647048106103	0.602844363872	0.592517424604	0.566492947304	0.609045467755	0.615273488079	0.588134137514	0.661656110366	0.59172709051	0.618002148777	0.58360876114
NCS212_vs._NCS212	0.64690470955	0.645588099778	0.647910552941	0.590654609773	0.648442032632	0.66782530335	0.704867630564	0.557661708813	0.595243807253	0.604104807665	0.621602202932	0.653663473899	0.605343862584	0.523495226328	0.545922620059	0.523070006523	0.614436811689	0.573624275045	0.587548630456	0.577311801118	0.58762947203	0.595419493773	0.582094947416	0.597286178229	0.629047067531	0.650200494646	0.569949715012	0.634770089938
CUB037_vs._CUB037	0.605406443701	0.598974833101	0.589717327143	0.681420823421	0.593514376218	0.629439527989	0.619729618698	0.598864434936	0.60006259319	0.636331167893	0.666198312419	0.574132956554	0.634623119995	0.614998535765	0.586642980461	0.550394476156	0.723551272453	0.543900366861	0.605962114867	0.533142523763	0.555413873925	0.737784073316	0.532609432631	0.617232587862	0.562189862228	0.589412642357	0.708469826423	0.733649578757	0.762521056883	0.677016807203	0.628494166285	0.558992598911	0.591656180307	0.631064242744	0.595074424919	0.588591901419
All_within_PersonalID	0.648481794786	0.650292105445	0.632549925939	0.653075283783	0.66022982532	0.668577540651	0.622374826405	0.64177182902	0.60052822138	0.580519983453	0.64984343717	0.636781890085	0.586744454405	0.61636660545	0.589478387517	0.634944229254	0.654834618926	0.639319269326	0.601740694818	0.618105189302	0.619173604672	0.581388053874	0.619898551412	0.663972220278	0.589775527433	0.652793639923	0.644429676289	0.655336403351	0.635996402079	0.708703433059	0.585413068128	0.659440809953	0.578203125381	0.605230484158	0.682086949127	0.667761541138	0.724950005157	0.550526193751	0.685206972391	0.567277918858	0.605102872333	0.694326154851	0.673452801269	0.699561148461	0.544510413667	0.697714450093	0.63727368882	0.56609441344	0.675543647628	0.631425176349	0.568009805087	0.597423462232	0.65064533133	0.618497059854	0.656830251663	0.637009843211	0.54018066493	0.623559051552	0.576205333659	0.677903256968	0.615865227708	0.637139142304	0.604912644901	0.631444835496	0.604942971027	0.551837562388	0.621484831576	0.585333465104	0.607134564108	0.707772570885	0.641447600513	0.561532181088	0.617042757402	0.568045091653	0.580745328363	0.696140144093	0.59824438323	0.602539638959	0.575946308417	0.599554664162	0.639715967314	0.594118056389	0.631051709842	0.598356666274	0.723608817754	0.629761935498	0.618500869528	0.714552858487	0.597850143068	0.712431920079	0.613865578857	0.694696279144	0.614220353571	0.64090247321	0.656719690214	0.660404131226	0.624834616364	0.641917932804	0.642770534172	0.640295294838	0.647495418321	0.6360266996	0.57645366355	0.557575801668	0.583631498682	0.601332547912	0.588849087529	0.628640987161	0.592670732251	0.588782586362	0.644888428726	0.619940614984	0.594711541294	0.576262707802	0.620539323437	0.650286083442	0.565317894498	0.620755644051	0.58550946763	0.588875705384	0.607401049109	0.654540584257	0.616380996833	0.605239899175	0.60421485944	0.607319971091	0.63159680119	0.588480755515	0.56317438284	0.608536231557	0.594986853221	0.554775915727	0.587402470562	0.619050223827	0.573881749717	0.584703292889	0.617438685561	0.605406443701	0.598974833101	0.589717327143	0.681420823421	0.593514376218	0.629439527989	0.619729618698	0.598864434936	0.60006259319	0.636331167893	0.666198312419	0.574132956554	0.634623119995	0.614998535765	0.586642980461	0.550394476156	0.723551272453	0.543900366861	0.605962114867	0.533142523763	0.555413873925	0.737784073316	0.532609432631	0.617232587862	0.562189862228	0.589412642357	0.708469826423	0.733649578757	0.762521056883	0.677016807203	0.628494166285	0.558992598911	0.591656180307	0.631064242744	0.595074424919	0.588591901419	0.590326178415	0.599861647829	0.641423236331	0.701249885704	0.628134433841	0.614504288989	0.616765722508	0.638115472584	0.609192484128	0.540155279318	0.551729842239	0.638485953136	0.613267077291	0.59778375331	0.573990804558	0.635344720146	0.549152545428	0.588501805527	0.657859480034	0.620822950093	0.602409380381	0.545989664755	0.623239900331	0.561074429822	0.590122122754	0.614536681545	0.623067736195	0.597880976911	0.6832558226	0.566706085862	0.694984382263	0.698549530138	0.696597671286	0.712278945315	0.654440810568	0.584706169843	0.56604559683	0.658748788463	0.552733657975	0.571712591998	0.665634741254	0.606744046383	0.650917940712	0.577565881309	0.641308207748	0.655647027147	0.635435987083	0.73632558492	0.655791755357	0.691930138938	0.701907048116	0.653062282743	0.64187999613	0.646033065959	0.545477078541	0.676533037592	0.551399344778	0.495890200129	0.679150133082	0.640048683777	0.684328636544	0.690753094631	0.652207277798	0.626825473473	0.715132948846	0.660782386193	0.666874121314	0.608693691083	0.564603422114	0.521750251215	0.680794425152	0.638927958247	0.578556743604	0.615987995297	0.576832302333	0.621436365402	0.575787460595	0.597807406342	0.546623870233	0.596698394995	0.561641743036	0.558214183575	0.625079458546	0.678165684237	0.586848708551	0.660517785941	0.60042069793	0.601568249759	0.538551860132	0.567571008912	0.621304424311	0.58370171179	0.59741477471	0.586972492005	0.6093488958	0.5423285138	0.55376371129	0.543337110112	0.505214064668	0.555746843322	0.613381290149	0.586353541118	0.620564581851	0.572432867614	0.514438215646	0.56588170495	0.513502100428	0.548137035281	0.538045007755	0.591827286722	0.593615772468	0.607916925403	0.562812701102	0.531104558739	0.564964383408	0.56663204527	0.584601265693	0.542511635075	0.631826392752	0.741487471775	0.657447073527	0.660060774531	0.639015216323	0.713492537882	0.788175768179	0.660556768575	0.749841310162	0.676288777094	0.618151925507	0.618541085105	0.524367920877	0.67985634701	0.779022370671	0.651055730564	0.729167191409	0.71601780462	0.780254016832	0.670197735674	0.755901108953	0.775386328536	0.717727865006	0.747275474892	0.698940094642	0.580894373402	0.630955681427	0.706782577767	0.635156776116	0.658088096173	0.648237150247	0.728266300328	0.82144122282	0.721476030365	0.758678436653	0.646574195427	0.734164918455	0.62999107719	0.682746130267	0.68147472738	0.660098477206	0.639503530701	0.67226745666	0.622624736481	0.63794134916	0.611894785337	0.629282360552	0.585159513374	0.671831203292	0.605916600975	0.627239365692	0.634878827576	0.623154811543	0.639327827925	0.621279844275	0.714988018158	0.642796267535	0.652286570365	0.598434994108	0.602851035606	0.571042389086	0.586818361761	0.584406488393	0.571904002058	0.607741627979	0.609223502329	0.610444930239	0.60009452846	0.594253060708	0.612420426052	0.600611510984	0.651591631918	0.618089274269	0.667695799956	0.664995890023	0.600519965216	0.619099295878	0.619861654053	0.638694781896	0.616493423566	0.595044429887	0.559827019602	0.614148327309	0.669177125113	0.712011125342	0.72906861799	0.718491360269	0.654443314	0.691570962956	0.610615865844	0.626713326832	0.652146771199	0.673117526813	0.683102193528	0.633943415665	0.632355968306	0.624940436156	0.66272518875	0.657692066181	0.6713999843	0.62586136211	0.626328566585	0.624696486711	0.598296010035	0.631660465811	0.616497931591	0.596626752704	0.573602328417	0.630087516162	0.641887043166	0.597817051599	0.605575649562	0.662551488513	0.579207858293	0.648579375735	0.586741705675	0.605851878098	0.601599264132	0.557956997012	0.554046558515	0.633433304115	0.590097886411	0.674124416218	0.613176039224	0.683604573371	0.607192800102	0.69506604982	0.62769006113	0.594331971665	0.643768675465	0.625309258664	0.67016767049	0.577856253264	0.622464537088	0.580859488087	0.668549070249	0.615849553539	0.683100979992	0.712044268861	0.677791855794	0.764593175776	0.705192707363	0.758458601556	0.563866585965	0.560902629698	0.569886834218	0.59687829317	0.586088729234	0.563019856586	0.622716379943	0.585089087171	0.582884019576	0.588120721532	0.579180624892	0.604865628633	0.526665881283	0.566558136035	0.572509928016	0.609328120915	0.538154474892	0.56275005642	0.601383466229	0.552584382415	0.573856996905	0.603069306558	0.68279560792	0.670078278393	0.637792879683	0.636533740101	0.636199861999	0.599327455539	0.590566709309	0.652893796942	0.672538109308	0.628518826712	0.623697172838	0.615129142729	0.558873210497	0.536426721846	0.571798996384	0.492637169301	0.532520966863	0.5889537996	0.578026570661	0.600396592497	0.579477947072	0.551678526786	0.580094443927	0.545783613366	0.553853944168	0.539644065866	0.615769148605	0.600128593992	0.561131326313	0.637243048649	0.484305765364	0.602029485936	0.57669611181	0.574610579825	0.619431350504	0.619020191284	0.611204706688	0.63949795241	0.627906958471	0.56643229255	0.547684838403	0.577030703451	0.586437283186	0.623193565857	0.618520071517	0.599717472437	0.631318452896	0.630799954132	0.61500986544	0.589502264513	0.613521471551	0.596486372395	0.621486611067	0.63018463636	0.678347799715	0.730774353244	0.661615326231	0.661336795913	0.650244713979	0.648712113142	0.67607717422	0.602822043028	0.670159803271	0.633722099668	0.593062032985	0.62671115707	0.659473229445	0.677876768074	0.626965804877	0.638897316423	0.638925920559	0.687470455905	0.595867187221	0.646364999091	0.628545126212	0.631704628453	0.622761331677	0.578542563366	0.609086484738	0.601531568531	0.595457982736	0.644417868595	0.569611260967	0.614978597625	0.626684375774	0.630118419094	0.594624408162	0.637769462079	0.753813408792	0.622850662447	0.604945282527	0.660840520162	0.649070802354	0.584053420287	0.622012457811	0.772742089299	0.603837799709	0.589224335021	0.571493118347	0.583723879333	0.596783518589	0.709891277973	0.598616520432	0.620969115437	0.641327181492	0.626451553624	0.750984512433	0.656104807155	0.603249988158	0.614168449271	0.634321188819	0.584634692573	0.609369127867	0.708340554131	0.596727688448	0.70431718699	0.611856052371	0.679805751909	0.669498833441	0.605172213203	0.611147087413	0.634106604099	0.662727282936	0.606109615392	0.661551391234	0.652675274546	0.627873113512	0.651646326793	0.6239935763	0.591065351355	0.637606998792	0.642128938419	0.622821874389	0.615574688005	0.642644959082	0.63270314246	0.605520103403	0.613163946724	0.640276346141	0.664143274508	0.673504053678	0.637849566926	0.639610194151	0.63649063553	0.632686610634	0.64480532175	0.704872307651	0.617678850477	0.629930086554	0.605854546229	0.589922434518	0.604446772049	0.627115446955	0.615659633253	0.643850682584	0.619683232008	0.610793230452	0.64074788616	0.670068656465	0.650231879229	0.630222509914	0.625229403041	0.575248203963	0.65809065255	0.674215747916	0.555306072839	0.599554123641	0.639783372419	0.639211577456	0.60564856268	0.642934429043	0.619010657359	0.654133561733	0.6719113764	0.641026143016	0.54942795644	0.619089260344	0.567435216259	0.663021864239	0.653075309223	0.671808382093	0.577262820392	0.595599177004	0.558894787033	0.553638101589	0.59623367524	0.582509360927	0.631787503312	0.541695241952	0.526561545427	0.587222657311	0.568441639793	0.591276972873	0.66113123193	0.584320728204	0.573050844901	0.593482070847	0.575829575032	0.640927837077	0.588774401695	0.541226729679	0.553207998966	0.628352199813	0.610323391901	0.610230158673	0.630082829915	0.586659940669	0.582153477624	0.627120474496	0.645469649734	0.535646467088	0.627558171257	0.567278002652	0.611608131626	0.573179022166	0.61102328246	0.564817632863	0.605972396768	0.619023048361	0.632560898241	0.656408612073	0.634109047272	0.635369388792	0.626935741361	0.633004669561	0.647092754851	0.506779363959	0.514114015878	0.51182530771	0.545017747009	0.518817827898	0.633209237919	0.559156120981	0.471127225883	0.575323526948	0.529839103674	0.670840254878	0.549286791904	0.513032804426	0.540160344099	0.616195718953	0.572536575239	0.507890127334	0.668003191727	0.551182169053	0.620467283724	0.620688245278	0.473279157909	0.487907830378	0.561041601726	0.592109351257	0.595834878838	0.52396033618	0.522631751515	0.539402107434	0.459271418806	0.575158445111	0.635916647355	0.641189547197	0.54574342808	0.542743609403	0.539582676997	0.514994503504	0.536248695453	0.541062513519	0.470723504111	0.502350492274	0.511210476788	0.526311957929	0.495931914131	0.512031369293	0.483080951121	0.527681444084	0.48681356524	0.503855186241	0.541813610087	0.521749124231	0.513853034287	0.537312749191	0.544531554958	0.5137167016	0.515080136656	0.4809234121	0.551931624791	0.606833904267	0.60376668241	0.559612280735	0.600070258735	0.555077661585	0.563507912817	0.597748293316	0.573370343208	0.545125299171	0.58851001396	0.527662164332	0.565479119028	0.558749864553	0.593630288551	0.564434375808	0.595127129513	0.597533999024	0.59277669085	0.571730733798	0.568184521454	0.597848971726	0.585056107162	0.520755634269	0.55272563195	0.571182371203	0.607199150645	0.562838977108	0.62850625451	0.68170477781	0.634013464993	0.642845298157	0.650942454886	0.650214774372	0.649080513092	0.578034115998	0.576929775232	0.620475714636	0.607272614468	0.623175648655	0.571586088477	0.583417223534	0.615632622853	0.535370133787	0.565741891672	0.566546971555	0.527107838888	0.534941913787	0.54083155431	0.570324786906	0.590214551731	0.590060690641	0.572231921842	0.606712564821	0.591654412198	0.58649752505	0.572990197994	0.611766521981	0.603982181525	0.615984103535	0.612453880771	0.58186476529	0.612179664262	0.580958481904	0.62872849129	0.595440702531	0.593293449746	0.57425630574	0.666029755028	0.609573621171	0.630651968477	0.622812798823	0.620466904296	0.609985989898	0.641860125397	0.632057582636	0.63644301976	0.648606380336	0.534435344333	0.577089290561	0.540694278566	0.53973817821	0.549442659784	0.650984863229	0.656672768684	0.64283302268	0.618833421225	0.685129735233	0.57984138339	0.500094250542	0.505784016427	0.513210822979	0.577601016262	0.582519627535	0.56525201	0.499536067349	0.507510243831	0.561825027757	0.55432770191	0.551539748065	0.574145646661	0.566397913955	0.585409308352	0.619191510128	0.556646076593	0.628125124977	0.608457097355	0.580129945787	0.649576442883	0.584448772581	0.523071518217	0.538092065301	0.587371532609	0.545406541806	0.560584153986	0.57939219383	0.554313899039	0.540993948812	0.586940728623	0.671642955835	0.666023545574	0.629254987106	0.680808072087	0.67631928255	0.636427300963	0.637098022384	0.594899818729	0.645959925962	0.6075586984	0.61858887428	0.609902363987	0.65943201815	0.596869790616	0.588867822616	0.657380937946	0.611469194887	0.603682219311	0.620309737633	0.627445420287	0.496220793023	0.644808325572	0.571306676409	0.709219372528	0.588860651889	0.58008845551	0.752758999172	0.588274385514	0.612166801522	0.680081049936	0.688906698724	0.62798677045	0.628541763582	0.734698127022	0.656810057347	0.660704123155	0.718986483376	0.584893209255	0.565110518849	0.774737240352	0.570773684906	0.599294810047	0.652505460839	0.683607600092	0.565999542006	0.674463449651	0.672530067334	0.586762466242	0.698086775517	0.594092600782	0.586751140592	0.736230840106	0.566306841843	0.604486534105	0.723944353259	0.725173030599	0.623780074752	0.654923438197	0.598978308934	0.626408891348	0.625232458177	0.611290720562	0.645339688825	0.610770825757	0.618333100844	0.607399550274	0.657713750445	0.668434247984	0.611312030979	0.680560159234	0.627221714485	0.626108654972	0.643012622668	0.642913359348	0.583887354075	0.66601727869	0.596954159672	0.625297802984	0.633751795206	0.666375433587	0.627450759144	0.643129241404	0.653053985339	0.634627316655	0.619183330219	0.633837236762	0.603250564872	0.623746245506	0.568915949457	0.565804294102	0.630265638247	0.614910186008	0.570774951792	0.651746207332	0.633516092936	0.6097994012	0.630954271385	0.654786573984	0.641952217246	0.573760961485	0.570562349086	0.612910274449	0.631022868729	0.607760766255	0.556097086508	0.591108360831	0.592737083512	0.601377533296	0.582080689221	0.606136261803	0.612695475652	0.630296544783	0.626178582273	0.585148062399	0.65158594841	0.6335786398	0.625379039408	0.604151354962	0.603456456244	0.751834644186	0.651492489072	0.626526068687	0.679920827082	0.585510305843	0.61017831211	0.615163801536	0.666396850732	0.592627231012	0.611177666829	0.672530553069	0.642687804469	0.613122253238	0.774226866131	0.651632285307	0.654548518297	0.569368211677	0.578049299983	0.721330052193	0.569034966666	0.542692333832	0.573930208872	0.71885307188	0.609313217546	0.571017324677	0.727948075687	0.616281629695	0.597528684659	0.723418090292	0.685020808902	0.603934668568	0.645287672454	0.635186855651	0.666895777017	0.6340875344	0.612066649451	0.651175369192	0.639723118606	0.709127059464	0.663729319428	0.554356301116	0.639118214216	0.635634626	0.544957544923	0.681201082961	0.548967265486	0.647639391241	0.610985622148	0.603696717564	0.67478379395	0.615544228994	0.698695803774	0.639490217529	0.63390762339	0.568147803505	0.693272987784	0.570000079984	0.579129630836	0.60882603081	0.606741979512	0.664689101373	0.592873110331	0.624955529481	0.68237814676	0.664103320547	0.566435370987	0.695343897494	0.6787005794	0.648030009278	0.62176247035	0.635092768697	0.621630800093	0.62422609089	0.634740001481	0.607472897911	0.61578981593	0.60545217465	0.623244428682	0.664281100578	0.646492741795	0.609085446358	0.622378668989	0.624243345902	0.623233045343	0.636062687041	0.591234119499	0.628354006168	0.645441331787	0.624164103139	0.647097737438	0.651973826714	0.611054476566	0.611523847908	0.566432690512	0.593429076926	0.566489627023	0.574030468185	0.549209737458	0.568837740938	0.552468252504	0.732900287892	0.571413715563	0.668721576058	0.564468234186	0.613521889984	0.610191017638	0.553447558301	0.591728309276	0.655526606042	0.558317815625	0.596880579239	0.557252752031	0.578389422264	0.607014452426	0.548879283961	0.735704534756	0.614810909559	0.671213884952	0.602520546973	0.585722930012	0.607205522253	0.749040143683	0.609295971979	0.695845893063	0.592294734244	0.534459286888	0.680829176933	0.525826228328	0.621948986555	0.584818307166	0.717952101968	0.530098107389	0.611173062971	0.588122590049	0.706944429823	0.695221266655	0.685763188032	0.561159178719	0.589664415181	0.642508953121	0.518603295127	0.518180529961	0.556330220498	0.577054263342	0.509644802907	0.538359464976	0.517615708058	0.52938689792	0.538685056596	0.537374874352	0.524701850152	0.58409586932	0.556153767663	0.536712643933	0.558331578412	0.489708609253	0.571283640668	0.562141906571	0.576889351114	0.56978609794	0.550952575981	0.576600391916	0.548257791114	0.595891351755	0.560481322787	0.603253732778	0.539921306504	0.609389243439	0.546235236479	0.630604338997	0.593556076399	0.576046846295	0.606913887915	0.594627580109	0.609895106606	0.568269067074	0.514245924618	0.554939548525	0.499302417707	0.596343204925	0.537977278913	0.610356805227	0.563385995859	0.494516552667	0.560999032537	0.676872052029	0.615842684089	0.595209572825	0.613222894032	0.599449101211	0.609082032102	0.640249761056	0.632926414076	0.626746371435	0.694731365314	0.673072083433	0.733594079536	0.7380084323	0.727360540489	0.733927024315	0.571782931071	0.592108542586	0.637327320591	0.652895783582	0.619150080879	0.645458956271	0.562979591681	0.583299162054	0.579768590594	0.548421391012	0.592824755448	0.618519544458	0.590026989186	0.609602764634	0.603973261469	0.600619088747	0.592661515475	0.612072227658	0.608957569462	0.607515253197	0.571118136292	0.611289402486	0.576536298599	0.576760175168	0.680826594167	0.584650727407	0.596868614907	0.567907059835	0.614546847284	0.682318023447	0.573851062926	0.560821915932	0.590876660577	0.540278988623	0.572286740265	0.567967770799	0.53709477864	0.609526654244	0.497456608019	0.65006476907	0.520731574613	0.508827885109	0.532823990542	0.537417735627	0.636927688846	0.633659355799	0.524242029043	0.539232375386	0.513737825046	0.546806446852	0.627244420675	0.569169442904	0.610032711412	0.630659614869	0.566356910313	0.5454879317	0.537564371157	0.53398642975	0.505946739035	0.583870886628	0.542073626546	0.529361095796	0.612480567367	0.51579157729	0.633455218184	0.571966052143	0.647795454408	0.666514688506	0.673289836677	0.644119890216	0.732837922184	0.666490142319	0.631157050469	0.661735741461	0.630814497133	0.720321928481	0.640408854938	0.643923555509	0.638031026764	0.700327527012	0.648724687548	0.64677266156	0.676392994266	0.662705366691	0.68741731864	0.649666561724	0.71173669256	0.64690470955	0.645588099778	0.647910552941	0.590654609773	0.648442032632	0.66782530335	0.704867630564	0.557661708813	0.595243807253	0.604104807665	0.621602202932	0.653663473899	0.605343862584	0.523495226328	0.545922620059	0.523070006523	0.614436811689	0.573624275045	0.587548630456	0.577311801118	0.58762947203	0.595419493773	0.582094947416	0.597286178229	0.629047067531	0.650200494646	0.569949715012	0.634770089938	0.503002637519	0.566775161444	0.618690844489	0.593883346255	0.627528508405	0.57413774178	0.619075906434	0.495863263515	0.541181229313	0.530706076422	0.571774385963	0.514766695441	0.593107022064	0.516233392943	0.534437817587	0.546671459106	0.451892921956	0.56266393643	0.486162819019	0.564444698374	0.481736546338	0.628207212793	0.53582134681	0.505192258321	0.62605473739	0.537434334266	0.648940345436	0.569807050159	0.606745783227	0.602620652803	0.632280770675	0.650476192966	0.697869075607	0.704872986945	0.696529088714	0.595258618835	0.608402303996	0.574891520381	0.620966778061	0.620914410908	0.611328952874	0.623126738539	0.640930800869	0.689452123226	0.701602684779	0.693918873665	0.653304993566	0.698650444543	0.698436677191	0.680367799922	0.58973010383	0.586541720227	0.594038531365	0.579351233547	0.578798914911	0.584359215423	0.600551009223	0.644321009719	0.599567762681	0.557145046295	0.5847031315	0.569532525773	0.636549558125	0.563265501598	0.55828692965	0.564395107516	0.528893827945	0.558458080698	0.579115602871	0.59146672075	0.54973791858	0.584115025229	0.563675365543	0.581664980603	0.619799295002	0.58900250586	0.580355563489	0.506574087399	0.537082977933	0.595436576698	0.605373099879	0.56136790399	0.52476402243	0.556001425253	0.573615540736	0.526262148167	0.579715568538	0.583119798847	0.567593801978	0.599443608194	0.555992286256	0.598894192283	0.658737893473	0.646277233715	0.623516138986	0.650871174028	0.679351065027	0.696877899885	0.672776018439	0.622894138043	0.651677765364	0.660554877483	0.664000620796	0.622962951735	0.650423152001	0.675105151712	0.673707415383	0.598509353558	0.645247834667	0.633177950866	0.607312235085	0.630169366774	0.642182405107	0.603504706192	0.560206338934	0.577360265664	0.639858893076	0.545564057044	0.599764223959	0.639097209415	0.616193180291	0.612993991674	0.612429244271	0.64248783847	0.592979170586	0.658435974641	0.558661060688	0.617401376142	0.693907307864	0.577299583063	0.569413378573	0.634389052625	0.661363753119	0.555802223058	0.567374573408	0.580407274203	0.577424831182	0.571368803728	0.605432859593	0.620461920633	0.634021933587	0.51343140933	0.575983414304	0.524260380517	0.5837235414	0.596361349718	0.583382172072	0.59222380321	0.529886397189	0.593675570564	0.587525949114	0.577537933364	0.611245822779	0.601843467068	0.593122052205	0.602798034381	0.623732683732	0.605762115676	0.612307208117	0.613296869615	0.593542208329	0.603783185427	0.536039310993	0.611597058043	0.559968766091	0.578957550804	0.615341380332	0.582020833705	0.637224601835	0.606814920952	0.643619652434	0.471330794652	0.577980263437	0.611500339923	0.577113701497	0.653867784494	0.559795658982	0.612985682322	0.610781324686	0.58969369359	0.609056185448	0.6396262444	0.643213713947	0.562854419609	0.595667822795	0.545159144018	0.655256268642	0.508387187151	0.585278067573	0.536028088193	0.585571733211	0.570761208989	0.596163693189	0.591631134039	0.625892765239	0.622511781792	0.606216878355	0.637258405646	0.541653987737	0.553135925804	0.544638188254	0.497703166405	0.568606473205	0.623309270923	0.550557291773	0.566787651377	0.550607810268	0.532172231003	0.525736982514	0.487904593793	0.513949004306	0.574605226263	0.534619993931	0.523002376458	0.574711692043	0.518821042945	0.515864726919	0.532799472516	0.589298429871	0.489216876195	0.520353633788	0.58369885982	0.474723380826	0.528755815686	0.594907642704	0.503846701799	0.520379418305	0.551528164224	0.509023699252	0.58903828813	0.489033387826	0.499135146878	0.508947624864	0.566408736182	0.505550909362	0.527409708824	0.577667152166	0.554575025128	0.571364402105	0.616684465952	0.490247881846	0.549912043634	0.562050270846	0.598924972875	0.577633586318	0.574168660826	0.562454287553	0.571198293684	0.587385893495	0.603080003741	0.6425499971	0.530733034822	0.514083573406	0.527010938498	0.589885830042	0.542247150856	0.53437494619	0.57392690019	0.469728740438	0.508285479566	0.537229734106	0.503454448244	0.514380700944	0.554416161475	0.46172125568	0.534594794608	0.484927691386	0.506686107175	0.546388758232	0.53466278121	0.505020858466	0.524768860775	0.554095743062	0.518270695563	0.558730866355	0.58397381458	0.511637538397	0.553227620042	0.557642033314	0.591747093445	0.560804175105	0.509869705898	0.670740448529	0.641174289719	0.660702929594	0.645940067573	0.603542876893	0.567947811065	0.552566872993	0.602585365104	0.597975750605	0.600885261303	0.610330045248	0.60799046445	0.509730332842	0.650285504729	0.588599924312	0.629661971607	0.641624080093	0.621495618738	0.647109278822	0.588909188828	0.65153107527	0.647789165605	0.57073244776	0.630410340883	0.657594937853	0.658516045752	0.663665104219	0.612484861558	0.612958927661	0.61626795914	0.606531783764	0.659110173088	0.641340658673	0.678623446397	0.595711208585	0.636322607506	0.609198668601	0.588463703288	0.624316838888	0.639748136437	0.730685764487	0.6219938745	0.689389753245	0.632823597102	0.591215803034	0.561228484086	0.560810067218	0.592700258062	0.640776176764	0.605437239348	0.682504236793	0.58237770465	0.55468479196	0.627231526701	0.635490181775	0.566427247512	0.635421099011	0.607747194534	0.643863834607	0.641173261248	0.596320206271	0.607405870407	0.623248740604	0.600085335057	0.588118620432	0.715237144057	0.619976072624	0.60321560818	0.557966566637	0.625549407499	0.632049300674	0.549356167267	0.578022047963	0.614644471626	0.640051524968	0.603704531814	0.607912249569	0.618860672901	0.589927133033	0.721928577592	0.622403970223	0.63658670412	0.600723549811	0.623887640441	0.589373265465	0.591718613716	0.610222754011	0.625216979394	0.572395310355	0.629926157001	0.598660624524	0.597124811882	0.584726751038	0.591651397298	0.60049326599	0.599871456608	0.653089514967	0.609711766795	0.594768825916	0.565311708271	0.615162160446	0.575269052106	0.628080351397	0.583740846101	0.5936033208	0.62633700224	0.59429873573	0.647048106103	0.602844363872	0.592517424604	0.566492947304	0.609045467755	0.615273488079	0.588134137514	0.661656110366	0.59172709051	0.618002148777	0.58360876114	0.731464962612	0.371086268726	0.370296464595	0.334633259563	0.380352275704	0.3565490145	0.369547790053	0.466189898679	0.690353415311	0.703163948036	0.720953202984	0.686445610239	0.717788691418	0.702048365669	0.66269546318	0.370649203684	0.36175601489	0.389786430162	0.376628149826	0.382398678664	0.443227739616	0.347504302742	0.373909944433	0.32648182654	0.344377562451	0.413491565043	0.365315719269	0.322392397742	0.367936381766	0.422680520291	0.357619736256	0.376522574369	0.39299979652	0.385631595328	0.452497980308	0.424825427673	0.459736613141	0.523072383002	0.497364294133	0.672807659265	0.567310803192	0.490258358416	0.619551076865	0.489830443323	0.47702989298	0.634352952798	0.577332444858	0.450989759102	0.6001330698	0.496042728691	0.622940327494	0.562227662495	0.469783433094	0.603924355918	0.546581667966	0.495456261917	0.439124209154	0.54093420294	0.535811297731	0.576006901133	0.539156654667	0.504494220975	0.520461064569	0.537942808104	0.57748348055	0.584582168849	0.671100614304	0.587899523682	0.567459021324	0.541515188934	0.597945077979	0.577032846817	0.613297367152	0.556692578053	0.537214896723	0.565722984265	0.539047530912	0.63092944531	0.588767238997	0.535076488596	0.561828408538	0.5505185451	0.591359101387	0.601800958998	0.637500490645	0.606093649648	0.496570274813	0.572526963333	0.55405703205	0.533735731023	0.517629251823	0.543689853193	0.644889458365	0.632302529542	0.660113955098	0.62081307205	0.656569630885	0.716486100177	0.579043832876	0.612990516215	0.61882583836	0.631198810426	0.653638448144	0.573166814324	0.601988388182	0.611145369442	0.640726980806	0.613109048585	0.639327818464	0.629929568347	0.636433163617	0.662602944339	0.67902502854	0.688073872671	0.663755264598	0.686876037201	0.639900278217	0.663600632566	0.67147827915	0.677791235686	0.698191400852	0.665696031951	0.671855987292	0.652609468732	0.659634276923	0.627957660048	0.6098677985	0.607213046308	0.605470729869	0.650060357764	0.640454223405	0.604248534708	0.533370025119	0.589448654773	0.628086835665	0.637627095956	0.638834098913	0.612080799428	0.638421250596	0.640147491466	0.598397055058	0.623744447441	0.569662911203	0.633104325486	0.597822873645	0.66812117994	0.587433976596	0.639205649335	0.62900758037	0.632693205156	0.639594114818	0.592056736239	0.600208710748	0.577128877787	0.579753262892	0.700026171535	0.649356014509	0.653771051824	0.747556943095	0.697931163155	0.66867274964	0.690325552198	0.735233065436	0.586182069562	0.564298309809	0.635420535999	0.562560967771	0.541212220502	0.609955309387	0.661055614174	0.589192386961	0.646178396072	0.6008506772	0.560591768547	0.604565942061	0.630683155384	0.647562427663	0.586463638773	0.568795295784	0.617476322317	0.665650420757	0.622640537126	0.63845099367	0.623221260276	0.645598825661	0.566392898083	0.578476406371	0.624217878566	0.617507828669	0.656006163787	0.616473364395	0.54706256391	0.550288096173	0.60790198089	0.680906526653	0.597882717155	0.637517459475	0.56071304106	0.512024757202	0.525583848705	0.614413416139	0.500340745734	0.565146545504	0.524945955301	0.508879462954	0.611639564875	0.527760997968	0.549181026573	0.528292835813	0.607753121922	0.54510206238	0.563905481989	0.538440549591	0.610703321494	0.624292806608	0.661918936356	0.584001475768	0.57936801945	0.613231388402	0.564169478183	0.661326666064	0.58856731775	0.613551958517	0.574489883476	0.641583389849	0.564544169298	0.613526607066	0.60992201029	0.575600961275	0.608809460478	0.562770901959	0.582912260234	0.589106642825	0.606102977482	0.603210112162	0.586747826178	0.618335109982	0.598277268647	0.623282229477	0.597400832487	0.531977332053	0.542396888543	0.547253512597	0.558597226465	0.576172803066	0.564255450689	0.555372569636	0.53981431739	0.538816389768	0.562369973661	0.531585195799	0.579351337691	0.579248328493	0.593493064609	0.551896952341
NAU105_vs._NAU105	0.62850625451	0.68170477781	0.634013464993	0.642845298157	0.650942454886	0.650214774372	0.649080513092	0.578034115998	0.576929775232	0.620475714636	0.607272614468	0.623175648655	0.571586088477	0.583417223534	0.615632622853	0.535370133787	0.565741891672	0.566546971555	0.527107838888	0.534941913787	0.54083155431
CUB033_vs._CUB033	0.614220353571	0.64090247321	0.656719690214	0.660404131226	0.624834616364	0.641917932804	0.642770534172	0.640295294838	0.647495418321	0.6360266996	0.57645366355	0.557575801668	0.583631498682	0.601332547912	0.588849087529	0.628640987161	0.592670732251	0.588782586362	0.644888428726	0.619940614984	0.594711541294	0.576262707802	0.620539323437	0.650286083442	0.565317894498	0.620755644051	0.58550946763	0.588875705384	0.607401049109	0.654540584257	0.616380996833	0.605239899175	0.60421485944	0.607319971091	0.63159680119	0.588480755515	0.56317438284	0.608536231557	0.594986853221	0.554775915727	0.587402470562	0.619050223827	0.573881749717	0.584703292889	0.617438685561
NAU109_vs._NAU109	0.570324786906	0.590214551731	0.590060690641	0.572231921842	0.606712564821	0.591654412198	0.58649752505	0.572990197994	0.611766521981	0.603982181525	0.615984103535	0.612453880771	0.58186476529	0.612179664262	0.580958481904	0.62872849129	0.595440702531	0.593293449746	0.57425630574	0.666029755028	0.609573621171	0.630651968477	0.622812798823	0.620466904296	0.609985989898	0.641860125397	0.632057582636	0.63644301976
NAU154_vs._NAU154	0.651746207332	0.633516092936	0.6097994012	0.630954271385	0.654786573984	0.641952217246	0.573760961485	0.570562349086	0.612910274449	0.631022868729	0.607760766255	0.556097086508	0.591108360831	0.592737083512	0.601377533296	0.582080689221	0.606136261803	0.612695475652	0.630296544783	0.626178582273	0.585148062399
CUB038_vs._CUB038	0.604942971027	0.551837562388	0.621484831576	0.585333465104	0.607134564108	0.707772570885	0.641447600513	0.561532181088	0.617042757402	0.568045091653	0.580745328363	0.696140144093	0.59824438323	0.602539638959	0.575946308417	0.599554664162	0.639715967314	0.594118056389	0.631051709842	0.598356666274	0.723608817754	0.629761935498	0.618500869528	0.714552858487	0.597850143068	0.712431920079	0.613865578857	0.694696279144
CUB044_vs._CUB044	0.676872052029	0.615842684089	0.595209572825	0.613222894032	0.599449101211	0.609082032102	0.640249761056	0.632926414076	0.626746371435	0.694731365314	0.673072083433	0.733594079536	0.7380084323	0.727360540489	0.733927024315	0.571782931071	0.592108542586	0.637327320591	0.652895783582	0.619150080879	0.645458956271	0.562979591681	0.583299162054	0.579768590594	0.548421391012	0.592824755448	0.618519544458	0.590026989186	0.609602764634	0.603973261469	0.600619088747	0.592661515475	0.612072227658	0.608957569462	0.607515253197	0.571118136292
NAU147_vs._NAU147	0.603504706192	0.560206338934	0.577360265664	0.639858893076	0.545564057044	0.599764223959	0.639097209415	0.616193180291	0.612993991674	0.612429244271	0.64248783847	0.592979170586	0.658435974641	0.558661060688	0.617401376142	0.693907307864	0.577299583063	0.569413378573	0.634389052625	0.661363753119	0.555802223058
CUB008_vs._CUB008	0.611894785337	0.629282360552	0.585159513374	0.671831203292	0.605916600975	0.627239365692	0.634878827576	0.623154811543	0.639327827925	0.621279844275	0.714988018158	0.642796267535	0.652286570365	0.598434994108	0.602851035606	0.571042389086	0.586818361761	0.584406488393	0.571904002058	0.607741627979	0.609223502329	0.610444930239	0.60009452846	0.594253060708	0.612420426052	0.600611510984	0.651591631918	0.618089274269	0.667695799956	0.664995890023	0.600519965216	0.619099295878	0.619861654053	0.638694781896	0.616493423566	0.595044429887
CUB004_vs._CUB004	0.590326178415	0.599861647829	0.641423236331	0.701249885704	0.628134433841	0.614504288989	0.616765722508	0.638115472584	0.609192484128	0.540155279318	0.551729842239	0.638485953136	0.613267077291	0.59778375331	0.573990804558	0.635344720146	0.549152545428	0.588501805527	0.657859480034	0.620822950093	0.602409380381	0.545989664755	0.623239900331	0.561074429822	0.590122122754	0.614536681545	0.623067736195	0.597880976911	0.6832558226	0.566706085862	0.694984382263	0.698549530138	0.696597671286	0.712278945315	0.654440810568	0.584706169843	0.56604559683	0.658748788463	0.552733657975	0.571712591998	0.665634741254	0.606744046383	0.650917940712	0.577565881309	0.641308207748
NCS253_vs._NCS253	0.601599264132	0.557956997012	0.554046558515	0.633433304115	0.590097886411	0.674124416218	0.613176039224	0.683604573371	0.607192800102	0.69506604982	0.62769006113	0.594331971665	0.643768675465	0.625309258664	0.67016767049	0.577856253264	0.622464537088	0.580859488087	0.668549070249	0.615849553539	0.683100979992	0.712044268861	0.677791855794	0.764593175776	0.705192707363	0.758458601556	0.563866585965	0.560902629698	0.569886834218	0.59687829317	0.586088729234	0.563019856586	0.622716379943	0.585089087171	0.582884019576	0.588120721532
NCS233_vs._NCS233	0.591747093445	0.560804175105	0.509869705898	0.670740448529	0.641174289719	0.660702929594	0.645940067573	0.603542876893	0.567947811065	0.552566872993	0.602585365104	0.597975750605	0.600885261303	0.610330045248	0.60799046445	0.509730332842	0.650285504729	0.588599924312	0.629661971607	0.641624080093	0.621495618738	0.647109278822	0.588909188828	0.65153107527	0.647789165605	0.57073244776	0.630410340883	0.657594937853	0.658516045752	0.663665104219	0.612484861558	0.612958927661	0.61626795914	0.606531783764	0.659110173088	0.641340658673
CUB011_vs._CUB011	0.574610579825	0.619431350504	0.619020191284	0.611204706688	0.63949795241	0.627906958471	0.56643229255	0.547684838403	0.577030703451	0.586437283186	0.623193565857	0.618520071517	0.599717472437	0.631318452896	0.630799954132	0.61500986544	0.589502264513	0.613521471551	0.596486372395	0.621486611067	0.63018463636
NCS234_vs._NCS234	0.635490181775	0.566427247512	0.635421099011	0.607747194534	0.643863834607	0.641173261248	0.596320206271	0.607405870407	0.623248740604	0.600085335057	0.588118620432	0.715237144057	0.619976072624	0.60321560818	0.557966566637	0.625549407499	0.632049300674	0.549356167267	0.578022047963	0.614644471626	0.640051524968	0.603704531814	0.607912249569	0.618860672901	0.589927133033	0.721928577592	0.622403970223	0.63658670412
NAU155_vs._NAU155	0.65158594841	0.6335786398	0.625379039408	0.604151354962	0.603456456244	0.751834644186	0.651492489072	0.626526068687	0.679920827082	0.585510305843	0.61017831211	0.615163801536	0.666396850732	0.592627231012	0.611177666829	0.672530553069	0.642687804469	0.613122253238	0.774226866131	0.651632285307	0.654548518297	0.569368211677	0.578049299983	0.721330052193	0.569034966666	0.542692333832	0.573930208872	0.71885307188	0.609313217546	0.571017324677	0.727948075687	0.616281629695	0.597528684659	0.723418090292	0.685020808902	0.603934668568
CUB017_vs._CUB017	0.569611260967	0.614978597625	0.626684375774	0.630118419094	0.594624408162	0.637769462079	0.753813408792	0.622850662447	0.604945282527	0.660840520162	0.649070802354	0.584053420287	0.622012457811	0.772742089299	0.603837799709	0.589224335021	0.571493118347	0.583723879333	0.596783518589	0.709891277973	0.598616520432	0.620969115437	0.641327181492	0.626451553624	0.750984512433	0.656104807155	0.603249988158	0.614168449271	0.634321188819	0.584634692573	0.609369127867	0.708340554131	0.596727688448	0.70431718699	0.611856052371	0.679805751909
CUB051_vs._CUB051	0.678623446397	0.595711208585	0.636322607506	0.609198668601	0.588463703288	0.624316838888	0.639748136437	0.730685764487	0.6219938745	0.689389753245	0.632823597102	0.591215803034	0.561228484086	0.560810067218	0.592700258062	0.640776176764	0.605437239348	0.682504236793	0.58237770465	0.55468479196	0.627231526701
NCS214_vs._NCS214	0.606745783227	0.602620652803	0.632280770675	0.650476192966	0.697869075607	0.704872986945	0.696529088714	0.595258618835	0.608402303996	0.574891520381	0.620966778061	0.620914410908	0.611328952874	0.623126738539	0.640930800869	0.689452123226	0.701602684779	0.693918873665	0.653304993566	0.698650444543	0.698436677191	0.680367799922	0.58973010383	0.586541720227	0.594038531365	0.579351233547	0.578798914911	0.584359215423
NCS263_vs._NCS263	0.6787005794	0.648030009278	0.62176247035	0.635092768697	0.621630800093	0.62422609089	0.634740001481	0.607472897911	0.61578981593	0.60545217465	0.623244428682	0.664281100578	0.646492741795	0.609085446358	0.622378668989	0.624243345902	0.623233045343	0.636062687041	0.591234119499	0.628354006168	0.645441331787	0.624164103139	0.647097737438	0.651973826714	0.611054476566	0.611523847908	0.566432690512	0.593429076926
CUB029_vs._CUB029	0.700026171535	0.649356014509	0.653771051824	0.747556943095	0.697931163155	0.66867274964	0.690325552198	0.735233065436	0.586182069562	0.564298309809	0.635420535999	0.562560967771	0.541212220502	0.609955309387	0.661055614174	0.589192386961	0.646178396072	0.6008506772	0.560591768547	0.604565942061	0.630683155384	0.647562427663	0.586463638773	0.568795295784	0.617476322317	0.665650420757	0.622640537126	0.63845099367	0.623221260276	0.645598825661	0.566392898083	0.578476406371	0.624217878566	0.617507828669	0.656006163787	0.616473364395
NAU150_vs._NAU150	0.654923438197	0.598978308934	0.626408891348	0.625232458177	0.611290720562	0.645339688825	0.610770825757	0.618333100844	0.607399550274	0.657713750445	0.668434247984	0.611312030979	0.680560159234	0.627221714485	0.626108654972	0.643012622668	0.642913359348	0.583887354075	0.66601727869	0.596954159672	0.625297802984	0.633751795206	0.666375433587	0.627450759144	0.643129241404	0.653053985339	0.634627316655	0.619183330219	0.633837236762	0.603250564872	0.623746245506	0.568915949457	0.565804294102	0.630265638247	0.614910186008	0.570774951792
NCS204_vs._NCS204	0.671642955835	0.666023545574	0.629254987106	0.680808072087	0.67631928255	0.636427300963	0.637098022384	0.594899818729	0.645959925962	0.6075586984	0.61858887428	0.609902363987	0.65943201815	0.596869790616	0.588867822616	0.657380937946	0.611469194887	0.603682219311	0.620309737633	0.627445420287	0.496220793023
CUB028_vs._CUB028	0.628086835665	0.637627095956	0.638834098913	0.612080799428	0.638421250596	0.640147491466	0.598397055058	0.623744447441	0.569662911203	0.633104325486	0.597822873645	0.66812117994	0.587433976596	0.639205649335	0.62900758037	0.632693205156	0.639594114818	0.592056736239	0.600208710748	0.577128877787	0.579753262892
CUB009_vs._CUB009	0.559827019602	0.614148327309	0.669177125113	0.712011125342	0.72906861799	0.718491360269	0.654443314	0.691570962956	0.610615865844	0.626713326832	0.652146771199	0.673117526813	0.683102193528	0.633943415665	0.632355968306	0.624940436156	0.66272518875	0.657692066181	0.6713999843	0.62586136211	0.626328566585	0.624696486711	0.598296010035	0.631660465811	0.616497931591	0.596626752704	0.573602328417	0.630087516162	0.641887043166	0.597817051599	0.605575649562	0.662551488513	0.579207858293	0.648579375735	0.586741705675	0.605851878098
NAU136_vs._NAU136	0.644889458365	0.632302529542	0.660113955098	0.62081307205	0.656569630885	0.716486100177	0.579043832876	0.612990516215	0.61882583836	0.631198810426	0.653638448144	0.573166814324	0.601988388182	0.611145369442	0.640726980806	0.613109048585	0.639327818464	0.629929568347	0.636433163617	0.662602944339	0.67902502854
CUB016_vs._CUB016	0.669498833441	0.605172213203	0.611147087413	0.634106604099	0.662727282936	0.606109615392	0.661551391234	0.652675274546	0.627873113512	0.651646326793	0.6239935763	0.591065351355	0.637606998792	0.642128938419	0.622821874389	0.615574688005	0.642644959082	0.63270314246	0.605520103403	0.613163946724	0.640276346141
NAU123_vs._NAU123	0.635996402079	0.708703433059	0.585413068128	0.659440809953	0.578203125381	0.605230484158	0.682086949127	0.667761541138	0.724950005157	0.550526193751	0.685206972391	0.567277918858	0.605102872333	0.694326154851	0.673452801269	0.699561148461	0.544510413667	0.697714450093	0.63727368882	0.56609441344	0.675543647628	0.631425176349	0.568009805087	0.597423462232	0.65064533133	0.618497059854	0.656830251663	0.637009843211	0.54018066493	0.623559051552	0.576205333659	0.677903256968	0.615865227708	0.637139142304	0.604912644901	0.631444835496
NAU157_vs._NAU157	0.645287672454	0.635186855651	0.666895777017	0.6340875344	0.612066649451	0.651175369192	0.639723118606	0.709127059464	0.663729319428	0.554356301116	0.639118214216	0.635634626	0.544957544923	0.681201082961	0.548967265486	0.647639391241	0.610985622148	0.603696717564	0.67478379395	0.615544228994	0.698695803774	0.639490217529	0.63390762339	0.568147803505	0.693272987784	0.570000079984	0.579129630836	0.60882603081	0.606741979512	0.664689101373	0.592873110331	0.624955529481	0.68237814676	0.664103320547	0.566435370987	0.695343897494
NAU121_vs._NAU121	0.648481794786	0.650292105445	0.632549925939	0.653075283783	0.66022982532	0.668577540651	0.622374826405	0.64177182902	0.60052822138	0.580519983453	0.64984343717	0.636781890085	0.586744454405	0.61636660545	0.589478387517	0.634944229254	0.654834618926	0.639319269326	0.601740694818	0.618105189302	0.619173604672	0.581388053874	0.619898551412	0.663972220278	0.589775527433	0.652793639923	0.644429676289	0.655336403351
NCS203_vs._NCS203	0.644808325572	0.571306676409	0.709219372528	0.588860651889	0.58008845551	0.752758999172	0.588274385514	0.612166801522	0.680081049936	0.688906698724	0.62798677045	0.628541763582	0.734698127022	0.656810057347	0.660704123155	0.718986483376	0.584893209255	0.565110518849	0.774737240352	0.570773684906	0.599294810047	0.652505460839	0.683607600092	0.565999542006	0.674463449651	0.672530067334	0.586762466242	0.698086775517	0.594092600782	0.586751140592	0.736230840106	0.566306841843	0.604486534105	0.723944353259	0.725173030599	0.623780074752
CUB015_vs._CUB015	0.664143274508	0.673504053678	0.637849566926	0.639610194151	0.63649063553	0.632686610634	0.64480532175	0.704872307651	0.617678850477	0.629930086554	0.605854546229	0.589922434518	0.604446772049	0.627115446955	0.615659633253	0.643850682584	0.619683232008	0.610793230452	0.64074788616	0.670068656465	0.650231879229	0.630222509914	0.625229403041	0.575248203963	0.65809065255	0.674215747916	0.555306072839	0.599554123641	0.639783372419	0.639211577456	0.60564856268	0.642934429043	0.619010657359	0.654133561733	0.6719113764	0.641026143016
CUB010_vs._CUB010	0.678347799715	0.730774353244	0.661615326231	0.661336795913	0.650244713979	0.648712113142	0.67607717422	0.602822043028	0.670159803271	0.633722099668	0.593062032985	0.62671115707	0.659473229445	0.677876768074	0.626965804877	0.638897316423	0.638925920559	0.687470455905	0.595867187221	0.646364999091	0.628545126212	0.631704628453	0.622761331677	0.578542563366	0.609086484738	0.601531568531	0.595457982736	0.644417868595
NAU148_vs._NAU148	0.658737893473	0.646277233715	0.623516138986	0.650871174028	0.679351065027	0.696877899885	0.672776018439	0.622894138043	0.651677765364	0.660554877483	0.664000620796	0.622962951735	0.650423152001	0.675105151712	0.673707415383	0.598509353558	0.645247834667	0.633177950866	0.607312235085	0.630169366774	0.642182405107
NAU134_vs._NAU134	0.688073872671	0.663755264598	0.686876037201	0.639900278217	0.663600632566	0.67147827915	0.677791235686	0.698191400852	0.665696031951	0.671855987292	0.652609468732	0.659634276923	0.627957660048	0.6098677985	0.607213046308	0.605470729869	0.650060357764	0.640454223405	0.604248534708	0.533370025119	0.589448654773
CUB007_vs._CUB007	0.655647027147	0.635435987083	0.73632558492	0.655791755357	0.691930138938	0.701907048116	0.653062282743	0.64187999613	0.646033065959	0.545477078541	0.676533037592	0.551399344778	0.495890200129	0.679150133082	0.640048683777	0.684328636544	0.690753094631	0.652207277798	0.626825473473	0.715132948846	0.660782386193	0.666874121314	0.608693691083	0.564603422114	0.521750251215	0.680794425152	0.638927958247	0.578556743604
NCS213_vs._NCS213	0.647795454408	0.666514688506	0.673289836677	0.644119890216	0.732837922184	0.666490142319	0.631157050469	0.661735741461	0.630814497133	0.720321928481	0.640408854938	0.643923555509	0.638031026764	0.700327527012	0.648724687548	0.64677266156	0.676392994266	0.662705366691	0.68741731864	0.649666561724	0.71173669256
CUB003_vs._CUB003	0.631826392752	0.741487471775	0.657447073527	0.660060774531	0.639015216323	0.713492537882	0.788175768179	0.660556768575	0.749841310162	0.676288777094	0.618151925507	0.618541085105	0.524367920877	0.67985634701	0.779022370671	0.651055730564	0.729167191409	0.71601780462	0.780254016832	0.670197735674	0.755901108953	0.775386328536	0.717727865006	0.747275474892	0.698940094642	0.580894373402	0.630955681427	0.706782577767	0.635156776116	0.658088096173	0.648237150247	0.728266300328	0.82144122282	0.721476030365	0.758678436653	0.646574195427	0.734164918455	0.62999107719	0.682746130267	0.68147472738	0.660098477206	0.639503530701	0.67226745666	0.622624736481	0.63794134916
