CUB004_vs._CUB004	0.511447299215	0.532010308693	0.500850475816	0.519483857709	0.499012848372	0.479230450244	0.48919825027	0.48941172761	0.45806757473	0.498953225408	0.470306345564	0.539375956475	0.487481345049	0.507506276121	0.544723444573	0.533071848419	0.542528392778	0.522017151115	0.476268332252	0.473090315317	0.507412477599	0.457669966091	0.512491470868	0.505848281811	0.467974220837	0.495011849983	0.484078206633	0.469078786767
NAU133_vs._NAU133	0.545411277268	0.533169819401	0.50944170983	0.514337194754	0.513869668415	0.559003766783	0.506366715393	0.495779093392	0.508880366107	0.491085176819	0.515923616317	0.518348605172	0.522996018229	0.50033191652	0.509385629033	0.475087887555	0.510634856098	0.503736035048	0.486030287467	0.483487817257	0.494075855537	0.481841169836	0.456934928449	0.43972523365	0.46831288088	0.437466219594	0.454164447202	0.514166773128	0.442712026781	0.447751753217	0.519647820853	0.4406411752	0.460585345659	0.523200849604	0.501158513414	0.455645412105
CUB052_vs._CUB052	0.510268449329	0.49069270137	0.505258578379	0.510216064816	0.511005328371	0.559258199755	0.505624983466	0.49654460031	0.527865188698	0.47290821589	0.507369224295	0.530638312245	0.50978404422	0.535710756146	0.477914341424	0.491778656204	0.519953904629	0.46594825579	0.497092466756	0.512556915773	0.540201767305	0.485496916577	0.492399600416	0.50720991656	0.500970737465	0.545994660881	0.54510444256	0.484690810921	0.510115579192	0.507546101314	0.523743654454	0.57380942677	0.487928311093	0.509614849603	0.52259385057	0.533480043244	0.521676878764	0.494639127668	0.520164778096	0.518969066772	0.550171445357	0.562255844826	0.481792182401	0.50516463474	0.504154920008
NAU101_vs._NAU101	0.489243722347	0.494512799762	0.514615079537	0.514553384749	0.50820165367	0.541302772685	0.554294863602	0.518087695713	0.52856976736	0.517202835169	0.508974788	0.527334456506	0.543001824952	0.514931973972	0.479500065864	0.508793083488	0.529804525931	0.533809943057	0.554157129762	0.555246142162	0.512328633937	0.516120194765	0.499158866846	0.498700924111	0.483439397589	0.49745915584	0.469611647263	0.519025192534	0.508081637166	0.478351746848	0.465983513735	0.490324377287	0.511596946337	0.505728719811	0.479877435548	0.507347024938
CUB050_vs._CUB050	0.56624610946	0.576751195293	0.592384586781	0.594509383843	0.588760273144	0.606804328509	0.557419690497	0.569669836596	0.513407556398	0.530748329772	0.519146936235	0.523287920967	0.520031547204	0.539653401508	0.518799300569	0.514366982843	0.515148893329	0.502693088823	0.518847237953	0.54093838469	0.521420248199	0.483458479722	0.493888202552	0.517377258454	0.566865320305	0.506208689688	0.473177831702	0.50793966123	0.550436192342	0.486963319965	0.499464319616	0.540819886396	0.517192600064	0.560276447043	0.509323750135	0.51912646846
CUB048_vs._CUB048	0.539914885068	0.523749452011	0.536702403367	0.535941290022	0.546635428723	0.554425010386	0.530660783639	0.554352916008	0.591388551148	0.498648748749	0.504934994778	0.538379297768	0.501338783859	0.566423136483	0.491605510257	0.52013936205	0.590192754618	0.501065429598	0.502731942276	0.506778822766	0.556577993978	0.472989117705	0.515744003638	0.561492114455	0.502469217528	0.506657270676	0.525720915101	0.501242354756	0.508919190732	0.563961013707	0.535089881494	0.561335986101	0.535781255658	0.525993936117	0.531301509082	0.540728528425	0.517890353363	0.527145829664	0.637755290268	0.520212537423	0.53817223604	0.606513911069	0.500400498303	0.595477324897	0.577967923908
NAU105_vs._NAU105	0.599432510123	0.576718078447	0.553508433977	0.568630980681	0.57521688659	0.59087837557	0.536003280671	0.51000671456	0.510844596645	0.552266993512	0.549638961077	0.498748862602	0.507742886006	0.550011057961	0.506562588724	0.478741441148	0.531781549655	0.52541370067	0.534455097328	0.495629084876	0.509021894427
CUB000_vs._CUB000	0.539584815346	0.599913541671	0.55334480604	0.534499200534	0.534453636148	0.591990711689	0.556936335886	0.555950814956	0.568188662053	0.530588812764	0.537405540525	0.528446710799	0.557153582232	0.49679231298	0.502330354453	0.561277138463	0.592412410681	0.570501343575	0.596517483564	0.577833253792	0.548727460772	0.506575452054	0.493984871184	0.525291877389	0.530576054335	0.515023503391	0.493363835278	0.554801370995	0.525571465434	0.505342006667	0.507126889112	0.538024879497	0.527276869174	0.576220926791	0.57378849829	0.494494033989
CUB042_vs._CUB042	0.526434920314	0.565862838562	0.584251755992	0.530108754449	0.530613849206	0.523762997221	0.560158433089	0.535539202362	0.553463956522	0.557775453601	0.528413137368	0.510921370458	0.524516448539	0.548885535237	0.54001734063	0.543399757444	0.586431052957	0.541465937501	0.556016474438	0.62161543929	0.604390215703	0.605255187242	0.531538126594	0.545488040907	0.639204260203	0.602465715243	0.546418489493	0.533816240011	0.519734004285	0.506607037343	0.496990650865	0.540123196188	0.526741598565	0.542636280259	0.523474191855	0.467752143711
CUB061_vs._CUB061	0.540972127772	0.518949689419	0.539738247473	0.575240682667	0.578944827706	0.56116634029	0.539237390233	0.526968844805	0.579542750623	0.563169699301	0.560887502021	0.54172983516	0.549417738928	0.511652344155	0.534930890614	0.571141414243	0.538325498762	0.550073390976	0.537857622708	0.533989119057	0.532350769904
NAU161_vs._NAU161	0.498233162775	0.531575067913	0.530537665645	0.558733329007	0.586955710734	0.556035759459	0.556500437836	0.524285304926	0.554992870398	0.556022924673	0.550666117276	0.552419534475	0.544876848151	0.558900157986	0.541274694384	0.488580193472	0.542829612143	0.538938771317	0.474564307293	0.509101057117	0.475477691635
NAU110_vs._NAU110	0.567413171003	0.537707269139	0.529594091286	0.563373481684	0.556808900597	0.555353277231	0.58670460806	0.551804660292	0.52850674435	0.535929571995	0.5432549616	0.554272590417	0.539663070256	0.559023207001	0.552802132756	0.483522550272	0.520308824148	0.515072233707	0.505132317813	0.559573512304	0.555096054175	0.502643010043	0.510877558216	0.50187392447	0.545215180492	0.542397611856	0.527903172631	0.522349902354	0.549791492464	0.540362393183	0.498544572318	0.580408426595	0.560533747131	0.55923768398	0.544455277063	0.550974125348
NCS243_vs._NCS243	0.569321830721	0.592603616804	0.55839226499	0.582277750069	0.576332470704	0.626190602611	0.580461718768	0.529006800127	0.543890182569	0.501482589136	0.546243045478	0.57636378501	0.541776740575	0.517481480864	0.54071535273	0.450203941223	0.591356277503	0.515128139074	0.54031370302	0.498980273264	0.587979645777	0.546810944457	0.544578213414	0.580238884962	0.558293230916	0.580240621148	0.517438162783	0.548646055595
NAU149_vs._NAU149	0.6301780639	0.645296316762	0.605698951259	0.629111185164	0.616633043548	0.588294850237	0.599006026066	0.617305366458	0.559472560783	0.550465151401	0.563282166195	0.514641799292	0.612035906779	0.540060714608	0.575332564092	0.534761959695	0.506462636535	0.538892021386	0.592941346295	0.504850870712	0.551453736686	0.530482761211	0.492036766531	0.549458366401	0.493945143567	0.536840663985	0.549652916729	0.581023708584	0.523852201333	0.533991356294	0.535969557393	0.517232131945	0.553413502646	0.541702691713	0.52177915061	0.521690694155
NCS210_vs._NCS210	0.547908644279	0.529201838264	0.558381119223	0.557474009107	0.597535264177	0.557253094773	0.6335699396	0.539707444861	0.536671424516	0.529273009573	0.554474667398	0.523951579416	0.619193994796	0.53681367374	0.541688414896	0.557817266354	0.534294658318	0.63293883788	0.559801975298	0.533914623701	0.502699450798	0.656336438693	0.547529126255	0.536037665813	0.640288530474	0.5319323764	0.663586652288	0.657936692844
NAU136_vs._NAU136	0.595663572905	0.551538274769	0.575999530741	0.600779746664	0.568266472033	0.576518662317	0.572828662986	0.543293213689	0.551646015347	0.529051253698	0.565981068177	0.554948526371	0.564014385434	0.526785947483	0.53288459619	0.554582344118	0.528780110346	0.543069834767	0.526924480615	0.560618345306	0.550148594338	0.537040690335	0.558751129738	0.529107284894	0.518776945251	0.550054369026	0.518625318279	0.567492336058
CUB017_vs._CUB017	0.586659006224	0.63209277093	0.572427401506	0.633535961909	0.610372872402	0.649851688302	0.60250195239	0.593564824665	0.577945268882	0.532919054379	0.55498035486	0.55452097697	0.57171337041	0.550486274458	0.532862551572	0.541142483583	0.556148459568	0.579011776531	0.536680828992	0.564811369345	0.564871944152	0.533253808316	0.528688040153	0.531436128813	0.541111660616	0.547925766468	0.534374417674	0.556285489816	0.570142922987	0.543226636195	0.584906871926	0.558484551837	0.535067234208	0.57162036706	0.57062124367	0.511675833481
NAU132_vs._NAU132	0.624613699427	0.561101723117	0.556211225339	0.583301258264	0.586541357422	0.567275740805	0.578005166808	0.573142232228	0.572821149845	0.552698664188	0.602599303897	0.599937114454	0.608988660892	0.529808039947	0.570182917347	0.525064437521	0.529609479682	0.557816366308	0.512536302011	0.563388790441	0.550853706821	0.516423904022	0.551888172631	0.515173761338	0.536303727345	0.526289592813	0.550149593653	0.534232910927	0.587368853058	0.534226389396	0.558580251452	0.572037043626	0.556290329569	0.582497347109	0.560028426549	0.547569926996
NAU109_vs._NAU109	0.562796653461	0.563046130455	0.54618338179	0.553225023267	0.573435816934	0.610963059874	0.51633861987	0.550668382102	0.594685135414	0.584532919019	0.576479378384	0.597484199973	0.575686741235	0.577941761182	0.556772765062	0.57952323437	0.535760698794	0.546861511373	0.56079633334	0.564817390426	0.50918310811	0.539931587892	0.573799778938	0.589601641808	0.540374846352	0.565444184299	0.539014616152	0.572199301059	0.519591491229	0.526959934003	0.548315509381	0.534503291753	0.540234228231	0.559951177001	0.556403666287	0.532393377825
CUB007_vs._CUB007	0.626489382526	0.549324105873	0.619225920426	0.637142163606	0.572980938565	0.569119283922	0.589162472118	0.543923541574	0.579714425673	0.57417573438	0.605024317111	0.602468379396	0.555713272177	0.581854073598	0.531749909974	0.526561592272	0.589067989092	0.5132518254	0.510238903892	0.486907164579	0.496130059585	0.614952351345	0.52986434518	0.553988538709	0.565256250327	0.531378903684	0.619949914553	0.60065795141	0.616657239664	0.590995268299	0.527194597272	0.555166519216	0.516102109737	0.546686640081	0.470909554305	0.505733564855
NAU107_vs._NAU107	0.698427920958	0.633957141308	0.630468815655	0.646908654525	0.656420198959	0.65866204261	0.648163044562	0.671532494687	0.598040050245	0.585399448238	0.61753052783	0.617589166175	0.628530938918	0.61933664397	0.615925803534	0.539581959943	0.561983870549	0.505456373538	0.535995383877	0.554997786435	0.562101116175	0.551964009517	0.548304895622	0.561219393874	0.568892043206	0.556598744293	0.527741525117	0.564917094283	0.55848649157	0.553631181234	0.499718840578	0.562498096951	0.556929103067	0.589897075538	0.544314483896	0.538777173554
NAU160_vs._NAU160	0.695400526195	0.63371494931	0.651707250286	0.607750603718	0.610799422212	0.607256323801	0.614467108574	0.522571816209	0.538450368015	0.53894774508	0.599385292562	0.586885198127	0.594960904544	0.536894742	0.532880114064	0.539529507316	0.531849140579	0.558743007405	0.541366026416	0.571063194068	0.55919351228	0.578304842598	0.523375588691	0.568931450499	0.533226142309	0.541358947479	0.556658148122	0.571164494176
NAU106_vs._NAU106	0.612402667959	0.60502310357	0.616881060183	0.620732654667	0.612483603469	0.616867277171	0.614866465124	0.6128994366	0.558496494426	0.555672080416	0.593751961001	0.554164955897	0.557785719754	0.535709360578	0.503622901628	0.545130148403	0.622550320217	0.56722410328	0.518437064654	0.564953402825	0.58135029203	0.545653639844	0.524848808791	0.572760209978	0.543038196411	0.591916304341	0.533316255581	0.570440019772
CUB037_vs._CUB037	0.535722302019	0.569548378208	0.57967602658	0.572200546796	0.53317985893	0.582263530156	0.600944437235	0.560840406052	0.568207380379	0.559736900078	0.571759394182	0.55481605185	0.549787866085	0.587888071012	0.569258878048	0.590171252456	0.587545239828	0.561969512287	0.588473702766	0.576319396377	0.564537721211	0.56769655926	0.546017546639	0.566283345545	0.595682843088	0.55775840444	0.54322922287	0.580144863019	0.584369667336	0.556624160705	0.580702220296	0.571169728876	0.543690829107	0.573856134541	0.563147151078	0.568437073514
NAU123_vs._NAU123	0.569550534514	0.594968751433	0.573145791842	0.567523572484	0.563636851455	0.592653365427	0.59146965539	0.626166911727	0.563122795298	0.586286662186	0.52407509096	0.569980163637	0.535601448958	0.560099617674	0.613305239458	0.559550466785	0.585300870004	0.548796074335	0.566339500275	0.562498521439	0.618668426125	0.547300416111	0.552699174768	0.550143726196	0.581246697807	0.589280826861	0.559843131468	0.519393004941	0.576805026174	0.624350149569	0.558312143157	0.550840112687	0.586877745479	0.577363069671	0.600518309063	0.568269202509
CUB027_vs._CUB027	0.578819394888	0.530527860529	0.562482979689	0.560645955844	0.575886313726	0.704148261312	0.631680296774	0.600851388475	0.546697683645	0.554982684752	0.541278693123	0.58654793349	0.6638581076	0.598910268204	0.564220489387	0.506212967444	0.551029351295	0.537833782858	0.645229859886	0.591764688058	0.556669653446	0.513143382668	0.520742921691	0.626493123582	0.554013532972	0.574391671699	0.534665225606	0.644955133261	0.570276713838	0.521622795413	0.595778025068	0.568471048239	0.538906115201	0.603737707624	0.633539257363	0.579568054409
NAU130_vs._NAU130	0.590948347552	0.631478181784	0.56546666249	0.540808059111	0.571660845772	0.592181181134	0.572943118747	0.608676924328	0.572178078227	0.521332993187	0.575313270394	0.565996133502	0.573649015605	0.589873466098	0.575294607181	0.559220677345	0.598073057995	0.595972826441	0.537024145249	0.582102131642	0.535356140017	0.578659325033	0.540971034639	0.561027215219	0.55056878913	0.569470817642	0.554971421001	0.536047354778
NAU159_vs._NAU159	0.566188916	0.554300121153	0.567286768841	0.55993793048	0.570001700609	0.563358158902	0.61395095734	0.594735827718	0.602155200783	0.62860566301	0.600026632088	0.582915738847	0.597518862408	0.610962132768	0.552100383393	0.586115895647	0.610448926604	0.566481320595	0.567202112961	0.559144440925	0.573079215026
CUB033_vs._CUB033	0.554414559998	0.543143906872	0.593015237371	0.600429352803	0.563404031838	0.572387109684	0.615364405432	0.592213211866	0.642567070805	0.514407918264	0.608405280288	0.561590262747	0.50366367665	0.51730828724	0.583246543678	0.548152799029	0.605325339039	0.533245207165	0.490296032445	0.508295856699	0.515577909812	0.581488183028	0.508734845881	0.630062669763	0.4247961368	0.566568614385	0.560783842182	0.606102270728	0.633949168108	0.708996524922	0.531819566654	0.536924795009	0.610607956493	0.610826333549	0.69059145546	0.522002569316	0.579912751582	0.534468487222	0.595519908864	0.583548068944	0.543629154501	0.636857941444	0.606425035168	0.649112011125	0.57309314339
CUB026_vs._CUB026	0.705486795432	0.727561104206	0.67356610169	0.680821615632	0.695331148307	0.626647017872	0.64280806217	0.574058769792	0.537292196382	0.549218814955	0.53412376438	0.621549061228	0.574275313334	0.521798721672	0.572064408814	0.523321876836	0.609519052844	0.603395427795	0.566553632299	0.532538453664	0.587930039088	0.582335483611	0.534581796398	0.555835052528	0.552433301647	0.631908955485	0.539347536743	0.557814661989
CUB012_vs._CUB012	0.570349674973	0.550017852842	0.56794774797	0.575849748327	0.575661388055	0.567053628659	0.581468134847	0.580561359145	0.639445904656	0.560896835051	0.529605481082	0.573446460919	0.598052644031	0.552525817207	0.589157815821	0.54821872396	0.611727041534	0.564701455734	0.579102404939	0.569938988457	0.588844145977	0.628472066062	0.574069296391	0.573607995193	0.560928538332	0.569105647008	0.496006626333	0.549393330223	0.535861195179	0.579324164645	0.635836938494	0.566612421758	0.617173305186	0.58461795046	0.61415454059	0.619776193472	0.652060664367	0.620822589711	0.591007156544	0.53936468739	0.568473782323	0.627348164956	0.601418388615	0.704091158776	0.60368970786
NAU144_vs._NAU144	0.573101219923	0.575503351171	0.59155788896	0.592548922535	0.634290686138	0.605198579243	0.586322683658	0.551670808529	0.580198061542	0.576290434229	0.629322302987	0.561623171992	0.546342059726	0.532048995433	0.568478870882	0.615572480355	0.579124308134	0.564263997826	0.571193715005	0.611634983452	0.562373584744	0.564954482406	0.553680410299	0.54378236125	0.560367235007	0.580210902593	0.597864668354	0.596310383815
NAU164_vs._NAU164	0.594512908201	0.501886156536	0.634098183319	0.51304665717	0.483059982323	0.56353106438	0.602403435021	0.595210962014	0.584247385153	0.582678432373	0.576118729837	0.605178140057	0.48150166135	0.489051362728	0.550080971892	0.607510572802	0.63605831243	0.599005046946	0.512651695565	0.554319026561	0.550767826018
CUB053_vs._CUB053	0.595475950808	0.591046513754	0.561381299197	0.555934229809	0.633386847635	0.633184847936	0.669934754425	0.594711811089	0.764184604448	0.536095448368	0.473730202775	0.488252443764	0.596707371693	0.571817627801	0.532327497458	0.476806917032	0.745244061932	0.475812653966	0.54965455596	0.529285830829	0.527606369986	0.602643490421	0.47852477915	0.702671005604	0.514036188419	0.576360640332	0.555201014943	0.59976335703	0.445544386942	0.760337195257	0.618719635592	0.614046213565	0.564717863112	0.539695266553	0.766078598558	0.525812988966	0.669324577226	0.523643752357	0.673899179967	0.606719887217	0.521236430618	0.674463994379	0.578418333964	0.744753889306	0.736743111953
All_within_PersonalID	0.593842925851	0.635734106971	0.681631665524	0.630417039381	0.644759892213	0.644440073257	0.630112070493	0.608512852609	0.613975135008	0.633306205929	0.539153969562	0.612548447665	0.598050753611	0.598913149937	0.585077032515	0.650176107903	0.635934018688	0.624551060469	0.635371960707	0.643041161348	0.643333681869	0.621775380168	0.6545504966	0.668648613514	0.601186533595	0.604277936629	0.630066362195	0.633400964878	0.588702187804	0.539672726215	0.602692527279	0.603340769663	0.617789676898	0.619281672807	0.648423553181	0.572768312679	0.589731900974	0.638098158309	0.56847357046	0.588290978061	0.627025363494	0.611635938587	0.620612551831	0.628910672419	0.621575355744	0.612903321268	0.605921015519	0.599836551627	0.611655873298	0.635852711829	0.631569437914	0.635125314992	0.628468789187	0.622530306958	0.647513078455	0.668211915652	0.630708031813	0.63689999917	0.611061801218	0.606691958683	0.633512595625	0.593014182922	0.623494329902	0.665041530938	0.634175046681	0.641164029436	0.60766354761	0.657458789024	0.647259907308	0.670377661761	0.618205621756	0.61911809647	0.569550534514	0.594968751433	0.573145791842	0.567523572484	0.563636851455	0.592653365427	0.59146965539	0.626166911727	0.563122795298	0.586286662186	0.52407509096	0.569980163637	0.535601448958	0.560099617674	0.613305239458	0.559550466785	0.585300870004	0.548796074335	0.566339500275	0.562498521439	0.618668426125	0.547300416111	0.552699174768	0.550143726196	0.581246697807	0.589280826861	0.559843131468	0.519393004941	0.576805026174	0.624350149569	0.558312143157	0.550840112687	0.586877745479	0.577363069671	0.600518309063	0.568269202509	0.627525324736	0.674040008357	0.610486412445	0.661284547676	0.618293133759	0.712065766735	0.642257245551	0.697855719629	0.626300699895	0.571852791157	0.635792576524	0.54925744659	0.625805615543	0.607440140167	0.645708443613	0.615337522456	0.667820778627	0.590068048907	0.726815364359	0.638670456817	0.718504936452	0.564192894894	0.556246955845	0.620978445521	0.53666051081	0.587792800434	0.604292130957	0.599500042423	0.538235908389	0.602860925497	0.64536635898	0.605933267371	0.614802747382	0.596730285425	0.611339660291	0.590218922177	0.561029901357	0.562010338498	0.563592200968	0.607223997866	0.64907856891	0.659699470756	0.62646988107	0.541969802445	0.550159737477	0.560842208358	0.607158587809	0.670340504628	0.609125567988	0.553036894961	0.49632274734	0.54252110002	0.683165223464	0.563531484182	0.568578301831	0.607641862772	0.636296824159	0.601564855246	0.552479031064	0.696517397084	0.582310600808	0.736246386499	0.583767850964	0.692708859639	0.554414559998	0.543143906872	0.593015237371	0.600429352803	0.563404031838	0.572387109684	0.615364405432	0.592213211866	0.642567070805	0.514407918264	0.608405280288	0.561590262747	0.50366367665	0.51730828724	0.583246543678	0.548152799029	0.605325339039	0.533245207165	0.490296032445	0.508295856699	0.515577909812	0.581488183028	0.508734845881	0.630062669763	0.4247961368	0.566568614385	0.560783842182	0.606102270728	0.633949168108	0.708996524922	0.531819566654	0.536924795009	0.610607956493	0.610826333549	0.69059145546	0.522002569316	0.579912751582	0.534468487222	0.595519908864	0.583548068944	0.543629154501	0.636857941444	0.606425035168	0.649112011125	0.57309314339	0.678963281462	0.656126371791	0.643476162977	0.667872823889	0.635638711824	0.657514588976	0.684377805062	0.577327834306	0.581855617124	0.566695981122	0.571595272924	0.536878126929	0.607841560932	0.571898450466	0.600369630128	0.596031567648	0.556502618433	0.618405517552	0.580335832773	0.565005694231	0.573373865611	0.619213735884	0.555838477563	0.558440618272	0.617491286577	0.552796765058	0.591813122702	0.604102190878	0.535722302019	0.569548378208	0.57967602658	0.572200546796	0.53317985893	0.582263530156	0.600944437235	0.560840406052	0.568207380379	0.559736900078	0.571759394182	0.55481605185	0.549787866085	0.587888071012	0.569258878048	0.590171252456	0.587545239828	0.561969512287	0.588473702766	0.576319396377	0.564537721211	0.56769655926	0.546017546639	0.566283345545	0.595682843088	0.55775840444	0.54322922287	0.580144863019	0.584369667336	0.556624160705	0.580702220296	0.571169728876	0.543690829107	0.573856134541	0.563147151078	0.568437073514	0.636135623944	0.624078625084	0.593989435455	0.648135846521	0.62529140853	0.649415881303	0.637977415939	0.588915243327	0.652301886838	0.648395442214	0.565884338598	0.676428730935	0.598236527039	0.629762478347	0.619517064789	0.569996835872	0.642162716672	0.550354594314	0.597657813436	0.600668488503	0.582755654215	0.568235878936	0.584316829822	0.604190593966	0.599561399606	0.597230931365	0.552791038159	0.594325260312	0.511447299215	0.532010308693	0.500850475816	0.519483857709	0.499012848372	0.479230450244	0.48919825027	0.48941172761	0.45806757473	0.498953225408	0.470306345564	0.539375956475	0.487481345049	0.507506276121	0.544723444573	0.533071848419	0.542528392778	0.522017151115	0.476268332252	0.473090315317	0.507412477599	0.457669966091	0.512491470868	0.505848281811	0.467974220837	0.495011849983	0.484078206633	0.469078786767	0.626489382526	0.549324105873	0.619225920426	0.637142163606	0.572980938565	0.569119283922	0.589162472118	0.543923541574	0.579714425673	0.57417573438	0.605024317111	0.602468379396	0.555713272177	0.581854073598	0.531749909974	0.526561592272	0.589067989092	0.5132518254	0.510238903892	0.486907164579	0.496130059585	0.614952351345	0.52986434518	0.553988538709	0.565256250327	0.531378903684	0.619949914553	0.60065795141	0.616657239664	0.590995268299	0.527194597272	0.555166519216	0.516102109737	0.546686640081	0.470909554305	0.505733564855	0.539584815346	0.599913541671	0.55334480604	0.534499200534	0.534453636148	0.591990711689	0.556936335886	0.555950814956	0.568188662053	0.530588812764	0.537405540525	0.528446710799	0.557153582232	0.49679231298	0.502330354453	0.561277138463	0.592412410681	0.570501343575	0.596517483564	0.577833253792	0.548727460772	0.506575452054	0.493984871184	0.525291877389	0.530576054335	0.515023503391	0.493363835278	0.554801370995	0.525571465434	0.505342006667	0.507126889112	0.538024879497	0.527276869174	0.576220926791	0.57378849829	0.494494033989	0.521659687139	0.581119648287	0.616808853371	0.57511969836	0.575275351348	0.714819014871	0.655837673201	0.718532533131	0.694582115532	0.568799458575	0.607891611398	0.554749710825	0.547756645722	0.720993704326	0.667148320318	0.727973335515	0.688139231944	0.594901005623	0.570753951175	0.563188578794	0.67710391573	0.625207035388	0.681215343722	0.661977124379	0.590758979206	0.582338319483	0.666246192012	0.621456067042	0.713903456156	0.661900223905	0.531587671829	0.681534502489	0.630855355258	0.708897541807	0.639257745924	0.669239308438	0.618246925418	0.687828470504	0.632694994933	0.635955675839	0.65989683189	0.646443357338	0.640497989011	0.621809509416	0.631222633107	0.604417564223	0.638926411781	0.649943403453	0.660561458849	0.660812787669	0.664366168772	0.652512693886	0.642283197505	0.643487449875	0.573733082256	0.546073872428	0.602875033237	0.585105909655	0.587241347135	0.585202048544	0.585308370508	0.585355214575	0.5101155972	0.548095899792	0.532201212483	0.594420257912	0.561968595638	0.588857987424	0.633739902412	0.542483948347	0.555082385036	0.589641224842	0.530193604779	0.573922518714	0.603897807392	0.577135761865	0.591726740488	0.594434790802	0.570259282861	0.638298410427	0.580956590503	0.557505823942	0.562471807859	0.618110885074	0.605612787353	0.58575824181	0.611025804224	0.550306492782	0.575955580745	0.606286700765	0.528268552285	0.593855693406	0.72443693089	0.653284447434	0.693565674933	0.630328568856	0.643971345849	0.623300105496	0.559353553749	0.701176268974	0.619624503371	0.671089867846	0.61399914967	0.632702703717	0.613933815408	0.661054394107	0.604770854744	0.608154706978	0.576895189239	0.59601507981	0.578509678707	0.634021266633	0.61494465813	0.599262980714	0.588788493222	0.625881149774	0.607488555273	0.569211846891	0.576024181326	0.590323934509	0.572078198761	0.572750553247	0.585361532352	0.561025329747	0.549501643556	0.548996229611	0.651578492571	0.685047781411	0.653256400445	0.676047184554	0.658683378722	0.674572764597	0.682767514883	0.628050198199	0.605465539286	0.601504606398	0.604156673708	0.59276188052	0.611653084026	0.656955284024	0.611773694857	0.625737246922	0.632148020623	0.636644054474	0.633393315043	0.641560983422	0.613379765764	0.655182873114	0.599905216983	0.605549658748	0.617029798484	0.6106384136	0.588434766846	0.580242645081	0.543726950168	0.558908319129	0.528225734314	0.598036094221	0.602838125616	0.619956396484	0.62077962595	0.560745279008	0.55577916312	0.575929308757	0.620821864213	0.621912940848	0.627826874245	0.525989048102	0.595401121111	0.609414205505	0.635972185486	0.619853209467	0.598884694544	0.607538076718	0.619793366934	0.63550109917	0.533225677513	0.52457928577	0.561323225982	0.532620172396	0.576815044708	0.579220461407	0.570349674973	0.550017852842	0.56794774797	0.575849748327	0.575661388055	0.567053628659	0.581468134847	0.580561359145	0.639445904656	0.560896835051	0.529605481082	0.573446460919	0.598052644031	0.552525817207	0.589157815821	0.54821872396	0.611727041534	0.564701455734	0.579102404939	0.569938988457	0.588844145977	0.628472066062	0.574069296391	0.573607995193	0.560928538332	0.569105647008	0.496006626333	0.549393330223	0.535861195179	0.579324164645	0.635836938494	0.566612421758	0.617173305186	0.58461795046	0.61415454059	0.619776193472	0.652060664367	0.620822589711	0.591007156544	0.53936468739	0.568473782323	0.627348164956	0.601418388615	0.704091158776	0.60368970786	0.602460179555	0.611766081725	0.564355831771	0.607786181317	0.628141932442	0.650942854166	0.660259423	0.628539673769	0.653078917051	0.670283968385	0.69991376238	0.56989604251	0.593733688376	0.60013406758	0.562260859965	0.580802525725	0.585152221817	0.581573766512	0.586860301823	0.582192772282	0.609529367334	0.621667687999	0.642176774208	0.581505812606	0.577509076649	0.59254672981	0.624896671883	0.624737997526	0.598940588735	0.616861169894	0.647014269602	0.575624924179	0.585583683572	0.576098087288	0.593329389613	0.649797486832	0.58985007182	0.624693709819	0.66403542447	0.61481845378	0.564879043189	0.620906657762	0.628067444932	0.592682240469	0.658870962357	0.57014929837	0.570508900066	0.611183669157	0.634099672185	0.60520139915	0.584549054463	0.578750336296	0.581468048864	0.628660513829	0.565845004106	0.578672737053	0.559340856955	0.614407972812	0.544520860647	0.591592720959	0.606930480081	0.545427838835	0.532698440384	0.609744072115	0.573194426255	0.588591458124	0.586659006224	0.63209277093	0.572427401506	0.633535961909	0.610372872402	0.649851688302	0.60250195239	0.593564824665	0.577945268882	0.532919054379	0.55498035486	0.55452097697	0.57171337041	0.550486274458	0.532862551572	0.541142483583	0.556148459568	0.579011776531	0.536680828992	0.564811369345	0.564871944152	0.533253808316	0.528688040153	0.531436128813	0.541111660616	0.547925766468	0.534374417674	0.556285489816	0.570142922987	0.543226636195	0.584906871926	0.558484551837	0.535067234208	0.57162036706	0.57062124367	0.511675833481	0.722413672671	0.66182679813	0.645035261294	0.626409615566	0.673146411083	0.772620900384	0.684554242627	0.632129526475	0.640595730589	0.66918029762	0.605527579761	0.660732703651	0.629697778373	0.590516333803	0.647860582773	0.611147973748	0.688400303796	0.617318823061	0.608084480089	0.556621128842	0.687038626432	0.631209232116	0.61163318193	0.739421327182	0.64447336248	0.661820935764	0.590534761481	0.669550650122	0.644133059234	0.634581514178	0.670881657393	0.694955877509	0.651796309475	0.631113413998	0.623157125751	0.685319645725	0.626087444497	0.639781621874	0.681494515486	0.615537767017	0.633973865494	0.622084438272	0.661403569295	0.615685979901	0.685878096747	0.619169605127	0.619882962865	0.589247769076	0.65688009648	0.63124702499	0.587987732149	0.606700719842	0.581828429896	0.635698651044	0.643826508345	0.665190166223	0.624281271186	0.633544260815	0.589601347086	0.581059660672	0.624989804123	0.563515745847	0.662947907385	0.602686917922	0.576100572408	0.59699417183	0.53740442485	0.557985610175	0.601288936535	0.691813245695	0.661671211412	0.608166849863	0.528732874754	0.535198363214	0.531686759716	0.573901104133	0.61305644584	0.588945773641	0.57747036643	0.549932888382	0.551682803735	0.562033191786	0.604216879211	0.582380384653	0.576783431946	0.533317894482	0.524617877306	0.633756596448	0.61235956986	0.585033122894	0.549590523548	0.650449043752	0.608891024515	0.584489304476	0.6393629728	0.62857867997	0.567223468548	0.589072525717	0.625801671926	0.594550465828	0.605838142112	0.630191832577	0.620232787808	0.625715870102	0.644199145668	0.647102571253	0.630774268939	0.618886626836	0.598616629131	0.619452955319	0.604248037979	0.618821628604	0.61261357198	0.582611714798	0.632218332568	0.617889087266	0.621087941213	0.6297904052	0.565928801619	0.581695866413	0.580966374881	0.592371687737	0.546490798707	0.584059554789	0.581334057517	0.586363634237	0.580070996534	0.620562250481	0.587358846281	0.607631750978	0.668230746681	0.70789490838	0.728647876679	0.668471708475	0.741092791391	0.528530678914	0.591358358646	0.670360053221	0.689115903178	0.606780070823	0.696149017018	0.620497376673	0.676095074358	0.698091225186	0.610678940438	0.694108790661	0.548101880255	0.617620541295	0.537342937351	0.594649584855	0.572064015586	0.534431529032	0.541742600879	0.598418839918	0.557452564934	0.586943187983	0.567413171003	0.537707269139	0.529594091286	0.563373481684	0.556808900597	0.555353277231	0.58670460806	0.551804660292	0.52850674435	0.535929571995	0.5432549616	0.554272590417	0.539663070256	0.559023207001	0.552802132756	0.483522550272	0.520308824148	0.515072233707	0.505132317813	0.559573512304	0.555096054175	0.502643010043	0.510877558216	0.50187392447	0.545215180492	0.542397611856	0.527903172631	0.522349902354	0.549791492464	0.540362393183	0.498544572318	0.580408426595	0.560533747131	0.55923768398	0.544455277063	0.550974125348	0.540972127772	0.518949689419	0.539738247473	0.575240682667	0.578944827706	0.56116634029	0.539237390233	0.526968844805	0.579542750623	0.563169699301	0.560887502021	0.54172983516	0.549417738928	0.511652344155	0.534930890614	0.571141414243	0.538325498762	0.550073390976	0.537857622708	0.533989119057	0.532350769904	0.656866837143	0.61825260669	0.631427072229	0.644400843348	0.652064725973	0.648578229547	0.555889276128	0.579503944481	0.570725251583	0.638792097907	0.586143170563	0.520331950051	0.530454762497	0.606183009985	0.537298534614	0.549560215809	0.62627938315	0.552712945295	0.603434449245	0.519081466902	0.577436079221	0.489243722347	0.494512799762	0.514615079537	0.514553384749	0.50820165367	0.541302772685	0.554294863602	0.518087695713	0.52856976736	0.517202835169	0.508974788	0.527334456506	0.543001824952	0.514931973972	0.479500065864	0.508793083488	0.529804525931	0.533809943057	0.554157129762	0.555246142162	0.512328633937	0.516120194765	0.499158866846	0.498700924111	0.483439397589	0.49745915584	0.469611647263	0.519025192534	0.508081637166	0.478351746848	0.465983513735	0.490324377287	0.511596946337	0.505728719811	0.479877435548	0.507347024938	0.698427920958	0.633957141308	0.630468815655	0.646908654525	0.656420198959	0.65866204261	0.648163044562	0.671532494687	0.598040050245	0.585399448238	0.61753052783	0.617589166175	0.628530938918	0.61933664397	0.615925803534	0.539581959943	0.561983870549	0.505456373538	0.535995383877	0.554997786435	0.562101116175	0.551964009517	0.548304895622	0.561219393874	0.568892043206	0.556598744293	0.527741525117	0.564917094283	0.55848649157	0.553631181234	0.499718840578	0.562498096951	0.556929103067	0.589897075538	0.544314483896	0.538777173554	0.612402667959	0.60502310357	0.616881060183	0.620732654667	0.612483603469	0.616867277171	0.614866465124	0.6128994366	0.558496494426	0.555672080416	0.593751961001	0.554164955897	0.557785719754	0.535709360578	0.503622901628	0.545130148403	0.622550320217	0.56722410328	0.518437064654	0.564953402825	0.58135029203	0.545653639844	0.524848808791	0.572760209978	0.543038196411	0.591916304341	0.533316255581	0.570440019772	0.599432510123	0.576718078447	0.553508433977	0.568630980681	0.57521688659	0.59087837557	0.536003280671	0.51000671456	0.510844596645	0.552266993512	0.549638961077	0.498748862602	0.507742886006	0.550011057961	0.506562588724	0.478741441148	0.531781549655	0.52541370067	0.534455097328	0.495629084876	0.509021894427	0.562796653461	0.563046130455	0.54618338179	0.553225023267	0.573435816934	0.610963059874	0.51633861987	0.550668382102	0.594685135414	0.584532919019	0.576479378384	0.597484199973	0.575686741235	0.577941761182	0.556772765062	0.57952323437	0.535760698794	0.546861511373	0.56079633334	0.564817390426	0.50918310811	0.539931587892	0.573799778938	0.589601641808	0.540374846352	0.565444184299	0.539014616152	0.572199301059	0.519591491229	0.526959934003	0.548315509381	0.534503291753	0.540234228231	0.559951177001	0.556403666287	0.532393377825	0.581525454968	0.558438935888	0.587234661708	0.811854030246	0.587525455394	0.694378854105	0.580383098213	0.576710000091	0.860377566353	0.624306682192	0.703713716983	0.597536136294	0.830288276739	0.596002281803	0.70818654743	0.816182107554	0.59380414992	0.67007217623	0.794815257323	0.822297450985	0.670429979178	0.594512908201	0.501886156536	0.634098183319	0.51304665717	0.483059982323	0.56353106438	0.602403435021	0.595210962014	0.584247385153	0.582678432373	0.576118729837	0.605178140057	0.48150166135	0.489051362728	0.550080971892	0.607510572802	0.63605831243	0.599005046946	0.512651695565	0.554319026561	0.550767826018	0.498233162775	0.531575067913	0.530537665645	0.558733329007	0.586955710734	0.556035759459	0.556500437836	0.524285304926	0.554992870398	0.556022924673	0.550666117276	0.552419534475	0.544876848151	0.558900157986	0.541274694384	0.488580193472	0.542829612143	0.538938771317	0.474564307293	0.509101057117	0.475477691635	0.695400526195	0.63371494931	0.651707250286	0.607750603718	0.610799422212	0.607256323801	0.614467108574	0.522571816209	0.538450368015	0.53894774508	0.599385292562	0.586885198127	0.594960904544	0.536894742	0.532880114064	0.539529507316	0.531849140579	0.558743007405	0.541366026416	0.571063194068	0.55919351228	0.578304842598	0.523375588691	0.568931450499	0.533226142309	0.541358947479	0.556658148122	0.571164494176	0.604325660903	0.662605515878	0.614703522285	0.613266663141	0.603209437359	0.615607758293	0.626298101589	0.620480898617	0.643165449156	0.545891368954	0.595342159457	0.56203007012	0.613217392717	0.595070519222	0.573565117681	0.592860671345	0.556612441578	0.634581406139	0.618099314905	0.605896025088	0.591999655423	0.575826316299	0.555605158992	0.59148422129	0.565924141239	0.564791697035	0.593111549014	0.586695268278	0.593254749416	0.572185623384	0.578756829002	0.597676183212	0.570076258366	0.618218533032	0.596970260713	0.589647859285	0.573276943486	0.56283440019	0.584470674464	0.565383479481	0.59642287812	0.660389816294	0.571991738327	0.547820989623	0.565864957292	0.604989256067	0.636827372425	0.572053813302	0.709614097549	0.579271250407	0.597751957537	0.58727972567	0.62030952731	0.503838898567	0.701294693182	0.55158848874	0.553151298764	0.610992851768	0.616755712009	0.630243459747	0.569792853143	0.573552484364	0.617773933939	0.612397222443	0.608527366584	0.596963750802	0.729896701551	0.554890294583	0.543457665554	0.669330991037	0.666398388533	0.567280993422	0.691118529536	0.608445959115	0.635725878109	0.635584059899	0.555814680216	0.619453143888	0.657835267269	0.641042111753	0.637806130623	0.626142398497	0.640834185327	0.677927651452	0.61626776268	0.591357231536	0.586998796313	0.57639751223	0.636240883829	0.591650150267	0.604768332048	0.607683026279	0.648230351922	0.633157678586	0.555275125505	0.604562341439	0.600025521559	0.602547751856	0.623771855034	0.640381546611	0.613883687048	0.621669199566	0.607806915568	0.598841163841	0.622159746169	0.604831163002	0.653176306214	0.591696869104	0.568192787447	0.534642842017	0.561207516162	0.624291746049	0.60392605393	0.576610018992	0.592712955643	0.608279112428	0.664236031691	0.624647637543	0.53838753636	0.528208970773	0.588205638124	0.561027226079	0.550203709202	0.623231483428	0.587572056893	0.582810581982	0.569232329872	0.606177018285	0.606443379428	0.630477533315	0.602830006488	0.61720958884	0.613246494684	0.685181375774	0.623963015798	0.582559702477	0.527316893322	0.523609019304	0.554013000733	0.556630945517	0.652857843309	0.573152538968	0.579989821702	0.546432703847	0.541583820175	0.546347003389	0.643275781174	0.543695271181	0.590901598176	0.541081856526	0.571701599613	0.609113440221	0.55670319141	0.581386768097	0.571745519507	0.634231278636	0.565945698061	0.577983423569	0.672889122237	0.625968166943	0.610007297875	0.646591554804	0.631514195722	0.588211002292	0.689188779673	0.722255606567	0.688066369838	0.657940941502	0.584105932507	0.578346391471	0.655845747154	0.645052570011	0.69352997833	0.588953122034	0.567420464204	0.597531712404	0.651282717535	0.558350708087	0.621889323624	0.698535376709	0.682440902377	0.694652499611	0.693726285593	0.700919404215	0.668842110507	0.562362478993	0.607027113411	0.693853312805	0.570170672079	0.640376594476	0.569070676883	0.628999336052	0.554904817504	0.600623064426	0.581557396711	0.546131342258	0.588009635404	0.632474308547	0.6065478394	0.598076131513	0.584763394039	0.639190235621	0.675855270336	0.669621925849	0.59163323911	0.662310202789	0.599885176867	0.64414074435	0.626766527068	0.624241817202	0.610866581935	0.597649905963	0.618867280882	0.590356357799	0.515489795236	0.616738054425	0.614061312323	0.653031765886	0.590854209241	0.624430246652	0.615828815032	0.621394561276	0.626973289473	0.562456713786	0.625636412096	0.665847080579	0.604393171585	0.637320983546	0.605283384451	0.674605083552	0.631935600323	0.572822385701	0.626418567136	0.634949012222	0.620811866648	0.617875284623	0.566239449526	0.568354167595	0.56027846999	0.582100126201	0.619979145867	0.612560333357	0.608738725308	0.579436279654	0.618019283005	0.566188916	0.554300121153	0.567286768841	0.55993793048	0.570001700609	0.563358158902	0.61395095734	0.594735827718	0.602155200783	0.62860566301	0.600026632088	0.582915738847	0.597518862408	0.610962132768	0.552100383393	0.586115895647	0.610448926604	0.566481320595	0.567202112961	0.559144440925	0.573079215026	0.603203477314	0.612362002496	0.583731956802	0.637189356901	0.580007378508	0.653430076779	0.597882933977	0.59751400982	0.562564380261	0.576445175243	0.670418591744	0.636884375522	0.622994615043	0.598638273689	0.644568915231	0.606177529785	0.601737542818	0.650172664738	0.574088139757	0.63946440906	0.627984857784	0.560392136527	0.593816116619	0.53324131431	0.53877389003	0.57154894364	0.663761688051	0.520141796518	0.604300645352	0.584386192508	0.560013410777	0.577264274347	0.5645326741	0.590337605167	0.649968302119	0.578758798196	0.595299827215	0.59522294462	0.572781070813	0.569700693499	0.593433517864	0.68797801654	0.5662390654	0.607896819267	0.581529078084	0.575894886182	0.594730801622	0.6754339817	0.575691556912	0.606467625448	0.603214674801	0.522151240866	0.685617820213	0.548715427581	0.619123783979	0.545606122155	0.650228346332	0.568049842666	0.617734987035	0.57204625044	0.650626137316	0.603142843216	0.68086964285	0.593854223988	0.599528327956	0.616062510038	0.526434920314	0.565862838562	0.584251755992	0.530108754449	0.530613849206	0.523762997221	0.560158433089	0.535539202362	0.553463956522	0.557775453601	0.528413137368	0.510921370458	0.524516448539	0.548885535237	0.54001734063	0.543399757444	0.586431052957	0.541465937501	0.556016474438	0.62161543929	0.604390215703	0.605255187242	0.531538126594	0.545488040907	0.639204260203	0.602465715243	0.546418489493	0.533816240011	0.519734004285	0.506607037343	0.496990650865	0.540123196188	0.526741598565	0.542636280259	0.523474191855	0.467752143711	0.570703653024	0.591946990483	0.519978130476	0.590758729551	0.525196352138	0.580206634508	0.693649313354	0.589186072303	0.662874934325	0.598197653326	0.54493736045	0.553886796131	0.561411789879	0.593766874444	0.707468346309	0.638446464778	0.614468061253	0.528076701536	0.633277215434	0.603611673301	0.539969354535	0.657611115151	0.567527191045	0.636017663983	0.576287959286	0.563495098595	0.571725362903	0.677846865505	0.61381280037	0.638006971689	0.521619890613	0.582908290406	0.758717582591	0.66484981229	0.654494509055	0.525130611088	0.708315383459	0.607828716038	0.616556710243	0.668200122469	0.586616891472	0.621189826089	0.633220966934	0.725697210922	0.627098078033	0.539914885068	0.523749452011	0.536702403367	0.535941290022	0.546635428723	0.554425010386	0.530660783639	0.554352916008	0.591388551148	0.498648748749	0.504934994778	0.538379297768	0.501338783859	0.566423136483	0.491605510257	0.52013936205	0.590192754618	0.501065429598	0.502731942276	0.506778822766	0.556577993978	0.472989117705	0.515744003638	0.561492114455	0.502469217528	0.506657270676	0.525720915101	0.501242354756	0.508919190732	0.563961013707	0.535089881494	0.561335986101	0.535781255658	0.525993936117	0.531301509082	0.540728528425	0.517890353363	0.527145829664	0.637755290268	0.520212537423	0.53817223604	0.606513911069	0.500400498303	0.595477324897	0.577967923908	0.614324533544	0.583631967185	0.655034293467	0.621682122137	0.591684978615	0.576531816834	0.593385753502	0.59605165882	0.607727888142	0.561341359934	0.58388162884	0.60919086303	0.583294497114	0.541491419475	0.558624082756	0.595678859186	0.590585380557	0.625147978705	0.564909108697	0.563776950744	0.556451661365	0.605718728868	0.631885446493	0.635800535572	0.61850849301	0.653365502371	0.620716372825	0.673555890983	0.607464858789	0.592382566173	0.59903785681	0.655373205347	0.57728037721	0.624703473711	0.61083362496	0.618146147217	0.658227562191	0.623937791871	0.635251199857	0.595231928629	0.661702707215	0.602771286691	0.644727235809	0.632264322478	0.591410883465	0.661776351153	0.61862625018	0.710841494014	0.663146638601	0.623586065628	0.717867756458	0.646686915186	0.652108712047	0.672313527414	0.633595283575	0.642930792534	0.621458265877	0.587538970333	0.605973617661	0.597507005232	0.586635157092	0.579825298117	0.630424938243	0.588209888528	0.626251977978	0.63059824959	0.605365543904	0.581394513339	0.587989115776	0.570058233996	0.597122335559	0.544223672751	0.530707683741	0.551109878125	0.576391526621	0.537386526071	0.579424088538	0.547908644279	0.529201838264	0.558381119223	0.557474009107	0.597535264177	0.557253094773	0.6335699396	0.539707444861	0.536671424516	0.529273009573	0.554474667398	0.523951579416	0.619193994796	0.53681367374	0.541688414896	0.557817266354	0.534294658318	0.63293883788	0.559801975298	0.533914623701	0.502699450798	0.656336438693	0.547529126255	0.536037665813	0.640288530474	0.5319323764	0.663586652288	0.657936692844	0.613631278985	0.679039619426	0.727861622031	0.754209377827	0.80356071417	0.779965606768	0.599586024498	0.603317486826	0.641997352464	0.705148355694	0.669152685841	0.583968943337	0.621501121258	0.656364247097	0.654520172845	0.559196906337	0.591293449586	0.597819756977	0.564378091038	0.593806643499	0.587204186362	0.6301780639	0.645296316762	0.605698951259	0.629111185164	0.616633043548	0.588294850237	0.599006026066	0.617305366458	0.559472560783	0.550465151401	0.563282166195	0.514641799292	0.612035906779	0.540060714608	0.575332564092	0.534761959695	0.506462636535	0.538892021386	0.592941346295	0.504850870712	0.551453736686	0.530482761211	0.492036766531	0.549458366401	0.493945143567	0.536840663985	0.549652916729	0.581023708584	0.523852201333	0.533991356294	0.535969557393	0.517232131945	0.553413502646	0.541702691713	0.52177915061	0.521690694155	0.639991201735	0.635405707606	0.618316662874	0.64992183067	0.638182541056	0.64838763639	0.665024705547	0.683458361511	0.656395102092	0.727711062863	0.704509630703	0.729519651095	0.714848932288	0.601666455065	0.594543247505	0.587825853169	0.613846195595	0.628056751945	0.617915105059	0.603079343092	0.610882794003	0.614161332154	0.604521342997	0.601357769012	0.609534918733	0.602995799673	0.56449819816	0.594324948111	0.58176397003	0.595365060131	0.692101479527	0.530801248663	0.566325074375	0.545018134773	0.624970577191	0.633501999549	0.611557939243	0.627317400952	0.553175023566	0.696982081102	0.594912852068	0.626986861915	0.606660490084	0.687352466814	0.694813378496	0.627222657979	0.546530263877	0.534567715798	0.55295292704	0.573101219923	0.575503351171	0.59155788896	0.592548922535	0.634290686138	0.605198579243	0.586322683658	0.551670808529	0.580198061542	0.576290434229	0.629322302987	0.561623171992	0.546342059726	0.532048995433	0.568478870882	0.615572480355	0.579124308134	0.564263997826	0.571193715005	0.611634983452	0.562373584744	0.564954482406	0.553680410299	0.54378236125	0.560367235007	0.580210902593	0.597864668354	0.596310383815	0.593935801642	0.585012346664	0.588578288007	0.562402563231	0.617560687581	0.661482808803	0.713678278523	0.5791309661	0.548712516311	0.561534536053	0.600355945192	0.635301299256	0.658348170465	0.561624487804	0.541166346381	0.605283641006	0.623268069041	0.661002860159	0.553080189945	0.586499942995	0.600437483038	0.63207500292	0.56477710764	0.582810871651	0.648888967118	0.578518885595	0.619580420643	0.593070132681	0.595475950808	0.591046513754	0.561381299197	0.555934229809	0.633386847635	0.633184847936	0.669934754425	0.594711811089	0.764184604448	0.536095448368	0.473730202775	0.488252443764	0.596707371693	0.571817627801	0.532327497458	0.476806917032	0.745244061932	0.475812653966	0.54965455596	0.529285830829	0.527606369986	0.602643490421	0.47852477915	0.702671005604	0.514036188419	0.576360640332	0.555201014943	0.59976335703	0.445544386942	0.760337195257	0.618719635592	0.614046213565	0.564717863112	0.539695266553	0.766078598558	0.525812988966	0.669324577226	0.523643752357	0.673899179967	0.606719887217	0.521236430618	0.674463994379	0.578418333964	0.744753889306	0.736743111953	0.510268449329	0.49069270137	0.505258578379	0.510216064816	0.511005328371	0.559258199755	0.505624983466	0.49654460031	0.527865188698	0.47290821589	0.507369224295	0.530638312245	0.50978404422	0.535710756146	0.477914341424	0.491778656204	0.519953904629	0.46594825579	0.497092466756	0.512556915773	0.540201767305	0.485496916577	0.492399600416	0.50720991656	0.500970737465	0.545994660881	0.54510444256	0.484690810921	0.510115579192	0.507546101314	0.523743654454	0.57380942677	0.487928311093	0.509614849603	0.52259385057	0.533480043244	0.521676878764	0.494639127668	0.520164778096	0.518969066772	0.550171445357	0.562255844826	0.481792182401	0.50516463474	0.504154920008	0.56624610946	0.576751195293	0.592384586781	0.594509383843	0.588760273144	0.606804328509	0.557419690497	0.569669836596	0.513407556398	0.530748329772	0.519146936235	0.523287920967	0.520031547204	0.539653401508	0.518799300569	0.514366982843	0.515148893329	0.502693088823	0.518847237953	0.54093838469	0.521420248199	0.483458479722	0.493888202552	0.517377258454	0.566865320305	0.506208689688	0.473177831702	0.50793966123	0.550436192342	0.486963319965	0.499464319616	0.540819886396	0.517192600064	0.560276447043	0.509323750135	0.51912646846	0.589230511526	0.546576130144	0.571543469039	0.585615314506	0.631931682188	0.654092912294	0.589455171616	0.626559565584	0.563183200242	0.54823123971	0.600019421903	0.627507005101	0.633376468987	0.577845118567	0.599415021073	0.518585009143	0.563218633592	0.623698867561	0.64288563215	0.583410093409	0.622326170959	0.555255270444	0.62302283428	0.645155154784	0.557399944136	0.613016284322	0.593548133048	0.598263976586	0.576552237104	0.63313663333	0.608583907928	0.626966359624	0.621815796146	0.638302292131	0.639076493722	0.614103633412	0.587334521881	0.570581278344	0.654055634342	0.607296760159	0.568612612306	0.649400033015	0.5456302857	0.616620510337	0.568226426465	0.582691020238	0.608991172434	0.62856917994	0.594832293394	0.579703827397	0.639559016598	0.648548024623	0.652180315304	0.63005453849	0.571977890513	0.60476431246	0.623314760848	0.588611284819	0.625691862358	0.706804855373	0.577633353779	0.588263455867	0.747953548979	0.602609250777	0.557232706899	0.565853374062	0.778495723875	0.553294881032	0.581379593722	0.699830841812	0.632138945266	0.535291755709	0.796486009042	0.600120643683	0.548260463064	0.606437293531	0.681316942404	0.557824153219	0.745850599173	0.790190388471	0.835641572175	0.660824562389	0.744418256011	0.581390748006	0.691318386994	0.621348994265	0.56091435454	0.688745253989	0.659301685677	0.541308467353	0.747186237966	0.646756677559	0.590627624086	0.582042640276	0.623819171236	0.572655045807	0.596086953517	0.588882388023	0.615564528971	0.560166960459	0.57925657455	0.605063186199	0.597076266058	0.577108842784	0.600908665998	0.601133966819	0.588212478593	0.606779067841	0.588479144291	0.59466906626	0.571590033493	0.596279467521	0.586930555073	0.608245406238	0.571914125279	0.592181376187	0.578180383069	0.600640974128	0.577901429259	0.559996667623	0.591862313645	0.562550510714	0.601979599409	0.587546904861	0.548335003811	0.590206475435	0.601772618366	0.592206211941	0.586383168679	0.591555639463	0.611876652668	0.591664557189	0.592224195837	0.599194333846	0.610999279003	0.588511883378	0.608681467763	0.58804184789	0.60200554911	0.586774481243	0.586495705131	0.606685572221	0.580865238249	0.593465431586	0.625434545529	0.579313018873	0.583366897861	0.569361351061	0.569029082811	0.657506784589	0.584655530722	0.598936331864	0.607589676417	0.604151989197	0.611042928965	0.587144618484	0.565489795135	0.555512919671	0.627476632037	0.586572288493	0.569550192153	0.629030196073	0.580048790304	0.627510499212	0.60578403219	0.592442713816	0.759345962727	0.604485400817	0.792355235808	0.706082631391	0.639405717715	0.779952451737	0.651989528533	0.804357138714	0.714734049574	0.545344065575	0.67172759933	0.589326571339	0.615699439013	0.81067711047	0.687331103942	0.644184731338	0.693109931834	0.643840757763	0.833673424382	0.750166724318	0.624613699427	0.561101723117	0.556211225339	0.583301258264	0.586541357422	0.567275740805	0.578005166808	0.573142232228	0.572821149845	0.552698664188	0.602599303897	0.599937114454	0.608988660892	0.529808039947	0.570182917347	0.525064437521	0.529609479682	0.557816366308	0.512536302011	0.563388790441	0.550853706821	0.516423904022	0.551888172631	0.515173761338	0.536303727345	0.526289592813	0.550149593653	0.534232910927	0.587368853058	0.534226389396	0.558580251452	0.572037043626	0.556290329569	0.582497347109	0.560028426549	0.547569926996	0.545411277268	0.533169819401	0.50944170983	0.514337194754	0.513869668415	0.559003766783	0.506366715393	0.495779093392	0.508880366107	0.491085176819	0.515923616317	0.518348605172	0.522996018229	0.50033191652	0.509385629033	0.475087887555	0.510634856098	0.503736035048	0.486030287467	0.483487817257	0.494075855537	0.481841169836	0.456934928449	0.43972523365	0.46831288088	0.437466219594	0.454164447202	0.514166773128	0.442712026781	0.447751753217	0.519647820853	0.4406411752	0.460585345659	0.523200849604	0.501158513414	0.455645412105	0.590948347552	0.631478181784	0.56546666249	0.540808059111	0.571660845772	0.592181181134	0.572943118747	0.608676924328	0.572178078227	0.521332993187	0.575313270394	0.565996133502	0.573649015605	0.589873466098	0.575294607181	0.559220677345	0.598073057995	0.595972826441	0.537024145249	0.582102131642	0.535356140017	0.578659325033	0.540971034639	0.561027215219	0.55056878913	0.569470817642	0.554971421001	0.536047354778	0.569321830721	0.592603616804	0.55839226499	0.582277750069	0.576332470704	0.626190602611	0.580461718768	0.529006800127	0.543890182569	0.501482589136	0.546243045478	0.57636378501	0.541776740575	0.517481480864	0.54071535273	0.450203941223	0.591356277503	0.515128139074	0.54031370302	0.498980273264	0.587979645777	0.546810944457	0.544578213414	0.580238884962	0.558293230916	0.580240621148	0.517438162783	0.548646055595	0.595663572905	0.551538274769	0.575999530741	0.600779746664	0.568266472033	0.576518662317	0.572828662986	0.543293213689	0.551646015347	0.529051253698	0.565981068177	0.554948526371	0.564014385434	0.526785947483	0.53288459619	0.554582344118	0.528780110346	0.543069834767	0.526924480615	0.560618345306	0.550148594338	0.537040690335	0.558751129738	0.529107284894	0.518776945251	0.550054369026	0.518625318279	0.567492336058	0.605779349864	0.606873962866	0.608348639378	0.637503016256	0.637060377905	0.604254695731	0.587354199408	0.571987285472	0.583405804695	0.59137068036	0.622782478924	0.60188163942	0.577094647487	0.59634426818	0.589386527682	0.598367681098	0.644190753089	0.610879314526	0.575663824668	0.59928935289	0.628889347103	0.688264148286	0.665630269196	0.643257900153	0.609500083183	0.631918835874	0.711515621345	0.664808581446	0.567801938576	0.569695228796	0.655190107849	0.60441782433	0.560448656508	0.557312171342	0.557947078692	0.640860654231	0.584253973698	0.592137024316	0.587037731658	0.600606612505	0.591023648129	0.569886840178	0.560911938148	0.57279755609	0.660841034732	0.63284908428	0.599510692468	0.584643475148	0.539461829817	0.640615013406	0.664866151598	0.626868699743	0.637912794124	0.637356038002	0.63151407083	0.602136315621	0.54289124155	0.594420515122	0.617428221289	0.633226904941	0.58693364189	0.567278348601	0.563051661584	0.62070554857	0.581562588519	0.575444994862	0.58741665874	0.556709753266	0.623625215466	0.600690095195	0.705486795432	0.727561104206	0.67356610169	0.680821615632	0.695331148307	0.626647017872	0.64280806217	0.574058769792	0.537292196382	0.549218814955	0.53412376438	0.621549061228	0.574275313334	0.521798721672	0.572064408814	0.523321876836	0.609519052844	0.603395427795	0.566553632299	0.532538453664	0.587930039088	0.582335483611	0.534581796398	0.555835052528	0.552433301647	0.631908955485	0.539347536743	0.557814661989	0.578819394888	0.530527860529	0.562482979689	0.560645955844	0.575886313726	0.704148261312	0.631680296774	0.600851388475	0.546697683645	0.554982684752	0.541278693123	0.58654793349	0.6638581076	0.598910268204	0.564220489387	0.506212967444	0.551029351295	0.537833782858	0.645229859886	0.591764688058	0.556669653446	0.513143382668	0.520742921691	0.626493123582	0.554013532972	0.574391671699	0.534665225606	0.644955133261	0.570276713838	0.521622795413	0.595778025068	0.568471048239	0.538906115201	0.603737707624	0.633539257363	0.579568054409
CUB019_vs._CUB019	0.576100572408	0.59699417183	0.53740442485	0.557985610175	0.601288936535	0.691813245695	0.661671211412	0.608166849863	0.528732874754	0.535198363214	0.531686759716	0.573901104133	0.61305644584	0.588945773641	0.57747036643	0.549932888382	0.551682803735	0.562033191786	0.604216879211	0.582380384653	0.576783431946	0.533317894482	0.524617877306	0.633756596448	0.61235956986	0.585033122894	0.549590523548	0.650449043752	0.608891024515	0.584489304476	0.6393629728	0.62857867997	0.567223468548	0.589072525717	0.625801671926	0.594550465828
NAU154_vs._NAU154	0.606443379428	0.630477533315	0.602830006488	0.61720958884	0.613246494684	0.685181375774	0.623963015798	0.582559702477	0.527316893322	0.523609019304	0.554013000733	0.556630945517	0.652857843309	0.573152538968	0.579989821702	0.546432703847	0.541583820175	0.546347003389	0.643275781174	0.543695271181	0.590901598176	0.541081856526	0.571701599613	0.609113440221	0.55670319141	0.581386768097	0.571745519507	0.634231278636	0.565945698061	0.577983423569	0.672889122237	0.625968166943	0.610007297875	0.646591554804	0.631514195722	0.588211002292
NAU102_vs._NAU102	0.656866837143	0.61825260669	0.631427072229	0.644400843348	0.652064725973	0.648578229547	0.555889276128	0.579503944481	0.570725251583	0.638792097907	0.586143170563	0.520331950051	0.530454762497	0.606183009985	0.537298534614	0.549560215809	0.62627938315	0.552712945295	0.603434449245	0.519081466902	0.577436079221
CUB008_vs._CUB008	0.604417564223	0.638926411781	0.649943403453	0.660561458849	0.660812787669	0.664366168772	0.652512693886	0.642283197505	0.643487449875	0.573733082256	0.546073872428	0.602875033237	0.585105909655	0.587241347135	0.585202048544	0.585308370508	0.585355214575	0.5101155972	0.548095899792	0.532201212483	0.594420257912	0.561968595638	0.588857987424	0.633739902412	0.542483948347	0.555082385036	0.589641224842	0.530193604779	0.573922518714	0.603897807392	0.577135761865	0.591726740488	0.594434790802	0.570259282861	0.638298410427	0.580956590503	0.557505823942	0.562471807859	0.618110885074	0.605612787353	0.58575824181	0.611025804224	0.550306492782	0.575955580745	0.606286700765
NCS248_vs._NCS248	0.582042640276	0.623819171236	0.572655045807	0.596086953517	0.588882388023	0.615564528971	0.560166960459	0.57925657455	0.605063186199	0.597076266058	0.577108842784	0.600908665998	0.601133966819	0.588212478593	0.606779067841	0.588479144291	0.59466906626	0.571590033493	0.596279467521	0.586930555073	0.608245406238	0.571914125279	0.592181376187	0.578180383069	0.600640974128	0.577901429259	0.559996667623	0.591862313645	0.562550510714	0.601979599409	0.587546904861	0.548335003811	0.590206475435	0.601772618366	0.592206211941	0.586383168679
CUB049_vs._CUB049	0.614324533544	0.583631967185	0.655034293467	0.621682122137	0.591684978615	0.576531816834	0.593385753502	0.59605165882	0.607727888142	0.561341359934	0.58388162884	0.60919086303	0.583294497114	0.541491419475	0.558624082756	0.595678859186	0.590585380557	0.625147978705	0.564909108697	0.563776950744	0.556451661365
NCS203_vs._NCS203	0.573276943486	0.56283440019	0.584470674464	0.565383479481	0.59642287812	0.660389816294	0.571991738327	0.547820989623	0.565864957292	0.604989256067	0.636827372425	0.572053813302	0.709614097549	0.579271250407	0.597751957537	0.58727972567	0.62030952731	0.503838898567	0.701294693182	0.55158848874	0.553151298764	0.610992851768	0.616755712009	0.630243459747	0.569792853143	0.573552484364	0.617773933939	0.612397222443	0.608527366584	0.596963750802	0.729896701551	0.554890294583	0.543457665554	0.669330991037	0.666398388533	0.567280993422
NAU139_vs._NAU139	0.591555639463	0.611876652668	0.591664557189	0.592224195837	0.599194333846	0.610999279003	0.588511883378	0.608681467763	0.58804184789	0.60200554911	0.586774481243	0.586495705131	0.606685572221	0.580865238249	0.593465431586	0.625434545529	0.579313018873	0.583366897861	0.569361351061	0.569029082811	0.657506784589	0.584655530722	0.598936331864	0.607589676417	0.604151989197	0.611042928965	0.587144618484	0.565489795135	0.555512919671	0.627476632037	0.586572288493	0.569550192153	0.629030196073	0.580048790304	0.627510499212	0.60578403219
CUB038_vs._CUB038	0.561029901357	0.562010338498	0.563592200968	0.607223997866	0.64907856891	0.659699470756	0.62646988107	0.541969802445	0.550159737477	0.560842208358	0.607158587809	0.670340504628	0.609125567988	0.553036894961	0.49632274734	0.54252110002	0.683165223464	0.563531484182	0.568578301831	0.607641862772	0.636296824159	0.601564855246	0.552479031064	0.696517397084	0.582310600808	0.736246386499	0.583767850964	0.692708859639
CUB010_vs._CUB010	0.621667687999	0.642176774208	0.581505812606	0.577509076649	0.59254672981	0.624896671883	0.624737997526	0.598940588735	0.616861169894	0.647014269602	0.575624924179	0.585583683572	0.576098087288	0.593329389613	0.649797486832	0.58985007182	0.624693709819	0.66403542447	0.61481845378	0.564879043189	0.620906657762	0.628067444932	0.592682240469	0.658870962357	0.57014929837	0.570508900066	0.611183669157	0.634099672185	0.60520139915	0.584549054463	0.578750336296	0.581468048864	0.628660513829	0.565845004106	0.578672737053	0.559340856955	0.614407972812	0.544520860647	0.591592720959	0.606930480081	0.545427838835	0.532698440384	0.609744072115	0.573194426255	0.588591458124
CUB040_vs._CUB040	0.560392136527	0.593816116619	0.53324131431	0.53877389003	0.57154894364	0.663761688051	0.520141796518	0.604300645352	0.584386192508	0.560013410777	0.577264274347	0.5645326741	0.590337605167	0.649968302119	0.578758798196	0.595299827215	0.59522294462	0.572781070813	0.569700693499	0.593433517864	0.68797801654	0.5662390654	0.607896819267	0.581529078084	0.575894886182	0.594730801622	0.6754339817	0.575691556912	0.606467625448	0.603214674801	0.522151240866	0.685617820213	0.548715427581	0.619123783979	0.545606122155	0.650228346332	0.568049842666	0.617734987035	0.57204625044	0.650626137316	0.603142843216	0.68086964285	0.593854223988	0.599528327956	0.616062510038
CUB056_vs._CUB056	0.593935801642	0.585012346664	0.588578288007	0.562402563231	0.617560687581	0.661482808803	0.713678278523	0.5791309661	0.548712516311	0.561534536053	0.600355945192	0.635301299256	0.658348170465	0.561624487804	0.541166346381	0.605283641006	0.623268069041	0.661002860159	0.553080189945	0.586499942995	0.600437483038	0.63207500292	0.56477710764	0.582810871651	0.648888967118	0.578518885595	0.619580420643	0.593070132681
CUB032_vs._CUB032	0.678963281462	0.656126371791	0.643476162977	0.667872823889	0.635638711824	0.657514588976	0.684377805062	0.577327834306	0.581855617124	0.566695981122	0.571595272924	0.536878126929	0.607841560932	0.571898450466	0.600369630128	0.596031567648	0.556502618433	0.618405517552	0.580335832773	0.565005694231	0.573373865611	0.619213735884	0.555838477563	0.558440618272	0.617491286577	0.552796765058	0.591813122702	0.604102190878
NCS204_vs._NCS204	0.604325660903	0.662605515878	0.614703522285	0.613266663141	0.603209437359	0.615607758293	0.626298101589	0.620480898617	0.643165449156	0.545891368954	0.595342159457	0.56203007012	0.613217392717	0.595070519222	0.573565117681	0.592860671345	0.556612441578	0.634581406139	0.618099314905	0.605896025088	0.591999655423	0.575826316299	0.555605158992	0.59148422129	0.565924141239	0.564791697035	0.593111549014	0.586695268278	0.593254749416	0.572185623384	0.578756829002	0.597676183212	0.570076258366	0.618218533032	0.596970260713	0.589647859285
NAU153_vs._NAU153	0.613883687048	0.621669199566	0.607806915568	0.598841163841	0.622159746169	0.604831163002	0.653176306214	0.591696869104	0.568192787447	0.534642842017	0.561207516162	0.624291746049	0.60392605393	0.576610018992	0.592712955643	0.608279112428	0.664236031691	0.624647637543	0.53838753636	0.528208970773	0.588205638124	0.561027226079	0.550203709202	0.623231483428	0.587572056893	0.582810581982	0.569232329872	0.606177018285
CUB028_vs._CUB028	0.688264148286	0.665630269196	0.643257900153	0.609500083183	0.631918835874	0.711515621345	0.664808581446	0.567801938576	0.569695228796	0.655190107849	0.60441782433	0.560448656508	0.557312171342	0.557947078692	0.640860654231	0.584253973698	0.592137024316	0.587037731658	0.600606612505	0.591023648129	0.569886840178	0.560911938148	0.57279755609	0.660841034732	0.63284908428	0.599510692468	0.584643475148	0.539461829817
NCS253_vs._NCS253	0.543726950168	0.558908319129	0.528225734314	0.598036094221	0.602838125616	0.619956396484	0.62077962595	0.560745279008	0.55577916312	0.575929308757	0.620821864213	0.621912940848	0.627826874245	0.525989048102	0.595401121111	0.609414205505	0.635972185486	0.619853209467	0.598884694544	0.607538076718	0.619793366934	0.63550109917	0.533225677513	0.52457928577	0.561323225982	0.532620172396	0.576815044708	0.579220461407
NCS212_vs._NCS212	0.623586065628	0.717867756458	0.646686915186	0.652108712047	0.672313527414	0.633595283575	0.642930792534	0.621458265877	0.587538970333	0.605973617661	0.597507005232	0.586635157092	0.579825298117	0.630424938243	0.588209888528	0.626251977978	0.63059824959	0.605365543904	0.581394513339	0.587989115776	0.570058233996	0.597122335559	0.544223672751	0.530707683741	0.551109878125	0.576391526621	0.537386526071	0.579424088538
CUB036_vs._CUB036	0.636135623944	0.624078625084	0.593989435455	0.648135846521	0.62529140853	0.649415881303	0.637977415939	0.588915243327	0.652301886838	0.648395442214	0.565884338598	0.676428730935	0.598236527039	0.629762478347	0.619517064789	0.569996835872	0.642162716672	0.550354594314	0.597657813436	0.600668488503	0.582755654215	0.568235878936	0.584316829822	0.604190593966	0.599561399606	0.597230931365	0.552791038159	0.594325260312
NAU134_vs._NAU134	0.605779349864	0.606873962866	0.608348639378	0.637503016256	0.637060377905	0.604254695731	0.587354199408	0.571987285472	0.583405804695	0.59137068036	0.622782478924	0.60188163942	0.577094647487	0.59634426818	0.589386527682	0.598367681098	0.644190753089	0.610879314526	0.575663824668	0.59928935289	0.628889347103
CUB029_vs._CUB029	0.640615013406	0.664866151598	0.626868699743	0.637912794124	0.637356038002	0.63151407083	0.602136315621	0.54289124155	0.594420515122	0.617428221289	0.633226904941	0.58693364189	0.567278348601	0.563051661584	0.62070554857	0.581562588519	0.575444994862	0.58741665874	0.556709753266	0.623625215466	0.600690095195
CUB011_vs._CUB011	0.602460179555	0.611766081725	0.564355831771	0.607786181317	0.628141932442	0.650942854166	0.660259423	0.628539673769	0.653078917051	0.670283968385	0.69991376238	0.56989604251	0.593733688376	0.60013406758	0.562260859965	0.580802525725	0.585152221817	0.581573766512	0.586860301823	0.582192772282	0.609529367334
CUB044_vs._CUB044	0.570703653024	0.591946990483	0.519978130476	0.590758729551	0.525196352138	0.580206634508	0.693649313354	0.589186072303	0.662874934325	0.598197653326	0.54493736045	0.553886796131	0.561411789879	0.593766874444	0.707468346309	0.638446464778	0.614468061253	0.528076701536	0.633277215434	0.603611673301	0.539969354535	0.657611115151	0.567527191045	0.636017663983	0.576287959286	0.563495098595	0.571725362903	0.677846865505	0.61381280037	0.638006971689	0.521619890613	0.582908290406	0.758717582591	0.66484981229	0.654494509055	0.525130611088	0.708315383459	0.607828716038	0.616556710243	0.668200122469	0.586616891472	0.621189826089	0.633220966934	0.725697210922	0.627098078033
NCS233_vs._NCS233	0.589230511526	0.546576130144	0.571543469039	0.585615314506	0.631931682188	0.654092912294	0.589455171616	0.626559565584	0.563183200242	0.54823123971	0.600019421903	0.627507005101	0.633376468987	0.577845118567	0.599415021073	0.518585009143	0.563218633592	0.623698867561	0.64288563215	0.583410093409	0.622326170959	0.555255270444	0.62302283428	0.645155154784	0.557399944136	0.613016284322	0.593548133048	0.598263976586	0.576552237104	0.63313663333	0.608583907928	0.626966359624	0.621815796146	0.638302292131	0.639076493722	0.614103633412
CUB009_vs._CUB009	0.528268552285	0.593855693406	0.72443693089	0.653284447434	0.693565674933	0.630328568856	0.643971345849	0.623300105496	0.559353553749	0.701176268974	0.619624503371	0.671089867846	0.61399914967	0.632702703717	0.613933815408	0.661054394107	0.604770854744	0.608154706978	0.576895189239	0.59601507981	0.578509678707	0.634021266633	0.61494465813	0.599262980714	0.588788493222	0.625881149774	0.607488555273	0.569211846891	0.576024181326	0.590323934509	0.572078198761	0.572750553247	0.585361532352	0.561025329747	0.549501643556	0.548996229611
NCS263_vs._NCS263	0.603203477314	0.612362002496	0.583731956802	0.637189356901	0.580007378508	0.653430076779	0.597882933977	0.59751400982	0.562564380261	0.576445175243	0.670418591744	0.636884375522	0.622994615043	0.598638273689	0.644568915231	0.606177529785	0.601737542818	0.650172664738	0.574088139757	0.63946440906	0.627984857784
NAU147_vs._NAU147	0.58176397003	0.595365060131	0.692101479527	0.530801248663	0.566325074375	0.545018134773	0.624970577191	0.633501999549	0.611557939243	0.627317400952	0.553175023566	0.696982081102	0.594912852068	0.626986861915	0.606660490084	0.687352466814	0.694813378496	0.627222657979	0.546530263877	0.534567715798	0.55295292704
CUB051_vs._CUB051	0.587334521881	0.570581278344	0.654055634342	0.607296760159	0.568612612306	0.649400033015	0.5456302857	0.616620510337	0.568226426465	0.582691020238	0.608991172434	0.62856917994	0.594832293394	0.579703827397	0.639559016598	0.648548024623	0.652180315304	0.63005453849	0.571977890513	0.60476431246	0.623314760848
NAU117_vs._NAU117	0.587358846281	0.607631750978	0.668230746681	0.70789490838	0.728647876679	0.668471708475	0.741092791391	0.528530678914	0.591358358646	0.670360053221	0.689115903178	0.606780070823	0.696149017018	0.620497376673	0.676095074358	0.698091225186	0.610678940438	0.694108790661	0.548101880255	0.617620541295	0.537342937351	0.594649584855	0.572064015586	0.534431529032	0.541742600879	0.598418839918	0.557452564934	0.586943187983
NAU124_vs._NAU124	0.627525324736	0.674040008357	0.610486412445	0.661284547676	0.618293133759	0.712065766735	0.642257245551	0.697855719629	0.626300699895	0.571852791157	0.635792576524	0.54925744659	0.625805615543	0.607440140167	0.645708443613	0.615337522456	0.667820778627	0.590068048907	0.726815364359	0.638670456817	0.718504936452	0.564192894894	0.556246955845	0.620978445521	0.53666051081	0.587792800434	0.604292130957	0.599500042423	0.538235908389	0.602860925497	0.64536635898	0.605933267371	0.614802747382	0.596730285425	0.611339660291	0.590218922177
NAU114_vs._NAU114	0.605838142112	0.630191832577	0.620232787808	0.625715870102	0.644199145668	0.647102571253	0.630774268939	0.618886626836	0.598616629131	0.619452955319	0.604248037979	0.618821628604	0.61261357198	0.582611714798	0.632218332568	0.617889087266	0.621087941213	0.6297904052	0.565928801619	0.581695866413	0.580966374881	0.592371687737	0.546490798707	0.584059554789	0.581334057517	0.586363634237	0.580070996534	0.620562250481
NAU157_vs._NAU157	0.584763394039	0.639190235621	0.675855270336	0.669621925849	0.59163323911	0.662310202789	0.599885176867	0.64414074435	0.626766527068	0.624241817202	0.610866581935	0.597649905963	0.618867280882	0.590356357799	0.515489795236	0.616738054425	0.614061312323	0.653031765886	0.590854209241	0.624430246652	0.615828815032	0.621394561276	0.626973289473	0.562456713786	0.625636412096	0.665847080579	0.604393171585	0.637320983546	0.605283384451	0.674605083552	0.631935600323	0.572822385701	0.626418567136	0.634949012222	0.620811866648	0.617875284623	0.566239449526	0.568354167595	0.56027846999	0.582100126201	0.619979145867	0.612560333357	0.608738725308	0.579436279654	0.618019283005
NAU148_vs._NAU148	0.639991201735	0.635405707606	0.618316662874	0.64992183067	0.638182541056	0.64838763639	0.665024705547	0.683458361511	0.656395102092	0.727711062863	0.704509630703	0.729519651095	0.714848932288	0.601666455065	0.594543247505	0.587825853169	0.613846195595	0.628056751945	0.617915105059	0.603079343092	0.610882794003	0.614161332154	0.604521342997	0.601357769012	0.609534918733	0.602995799673	0.56449819816	0.594324948111
NCS214_vs._NCS214	0.613631278985	0.679039619426	0.727861622031	0.754209377827	0.80356071417	0.779965606768	0.599586024498	0.603317486826	0.641997352464	0.705148355694	0.669152685841	0.583968943337	0.621501121258	0.656364247097	0.654520172845	0.559196906337	0.591293449586	0.597819756977	0.564378091038	0.593806643499	0.587204186362
NAU150_vs._NAU150	0.691118529536	0.608445959115	0.635725878109	0.635584059899	0.555814680216	0.619453143888	0.657835267269	0.641042111753	0.637806130623	0.626142398497	0.640834185327	0.677927651452	0.61626776268	0.591357231536	0.586998796313	0.57639751223	0.636240883829	0.591650150267	0.604768332048	0.607683026279	0.648230351922	0.633157678586	0.555275125505	0.604562341439	0.600025521559	0.602547751856	0.623771855034	0.640381546611
NAU129_vs._NAU129	0.593842925851	0.635734106971	0.681631665524	0.630417039381	0.644759892213	0.644440073257	0.630112070493	0.608512852609	0.613975135008	0.633306205929	0.539153969562	0.612548447665	0.598050753611	0.598913149937	0.585077032515	0.650176107903	0.635934018688	0.624551060469	0.635371960707	0.643041161348	0.643333681869	0.621775380168	0.6545504966	0.668648613514	0.601186533595	0.604277936629	0.630066362195	0.633400964878	0.588702187804	0.539672726215	0.602692527279	0.603340769663	0.617789676898	0.619281672807	0.648423553181	0.572768312679
NCS234_vs._NCS234	0.588611284819	0.625691862358	0.706804855373	0.577633353779	0.588263455867	0.747953548979	0.602609250777	0.557232706899	0.565853374062	0.778495723875	0.553294881032	0.581379593722	0.699830841812	0.632138945266	0.535291755709	0.796486009042	0.600120643683	0.548260463064	0.606437293531	0.681316942404	0.557824153219	0.745850599173	0.790190388471	0.835641572175	0.660824562389	0.744418256011	0.581390748006	0.691318386994	0.621348994265	0.56091435454	0.688745253989	0.659301685677	0.541308467353	0.747186237966	0.646756677559	0.590627624086
NCS213_vs._NCS213	0.605718728868	0.631885446493	0.635800535572	0.61850849301	0.653365502371	0.620716372825	0.673555890983	0.607464858789	0.592382566173	0.59903785681	0.655373205347	0.57728037721	0.624703473711	0.61083362496	0.618146147217	0.658227562191	0.623937791871	0.635251199857	0.595231928629	0.661702707215	0.602771286691	0.644727235809	0.632264322478	0.591410883465	0.661776351153	0.61862625018	0.710841494014	0.663146638601
NAU121_vs._NAU121	0.589731900974	0.638098158309	0.56847357046	0.588290978061	0.627025363494	0.611635938587	0.620612551831	0.628910672419	0.621575355744	0.612903321268	0.605921015519	0.599836551627	0.611655873298	0.635852711829	0.631569437914	0.635125314992	0.628468789187	0.622530306958	0.647513078455	0.668211915652	0.630708031813	0.63689999917	0.611061801218	0.606691958683	0.633512595625	0.593014182922	0.623494329902	0.665041530938	0.634175046681	0.641164029436	0.60766354761	0.657458789024	0.647259907308	0.670377661761	0.618205621756	0.61911809647
NAU155_vs._NAU155	0.689188779673	0.722255606567	0.688066369838	0.657940941502	0.584105932507	0.578346391471	0.655845747154	0.645052570011	0.69352997833	0.588953122034	0.567420464204	0.597531712404	0.651282717535	0.558350708087	0.621889323624	0.698535376709	0.682440902377	0.694652499611	0.693726285593	0.700919404215	0.668842110507	0.562362478993	0.607027113411	0.693853312805	0.570170672079	0.640376594476	0.569070676883	0.628999336052	0.554904817504	0.600623064426	0.581557396711	0.546131342258	0.588009635404	0.632474308547	0.6065478394	0.598076131513
NCS255_vs._NCS255	0.651578492571	0.685047781411	0.653256400445	0.676047184554	0.658683378722	0.674572764597	0.682767514883	0.628050198199	0.605465539286	0.601504606398	0.604156673708	0.59276188052	0.611653084026	0.656955284024	0.611773694857	0.625737246922	0.632148020623	0.636644054474	0.633393315043	0.641560983422	0.613379765764	0.655182873114	0.599905216983	0.605549658748	0.617029798484	0.6106384136	0.588434766846	0.580242645081
CUB015_vs._CUB015	0.644133059234	0.634581514178	0.670881657393	0.694955877509	0.651796309475	0.631113413998	0.623157125751	0.685319645725	0.626087444497	0.639781621874	0.681494515486	0.615537767017	0.633973865494	0.622084438272	0.661403569295	0.615685979901	0.685878096747	0.619169605127	0.619882962865	0.589247769076	0.65688009648	0.63124702499	0.587987732149	0.606700719842	0.581828429896	0.635698651044	0.643826508345	0.665190166223	0.624281271186	0.633544260815	0.589601347086	0.581059660672	0.624989804123	0.563515745847	0.662947907385	0.602686917922
CUB003_vs._CUB003	0.521659687139	0.581119648287	0.616808853371	0.57511969836	0.575275351348	0.714819014871	0.655837673201	0.718532533131	0.694582115532	0.568799458575	0.607891611398	0.554749710825	0.547756645722	0.720993704326	0.667148320318	0.727973335515	0.688139231944	0.594901005623	0.570753951175	0.563188578794	0.67710391573	0.625207035388	0.681215343722	0.661977124379	0.590758979206	0.582338319483	0.666246192012	0.621456067042	0.713903456156	0.661900223905	0.531587671829	0.681534502489	0.630855355258	0.708897541807	0.639257745924	0.669239308438	0.618246925418	0.687828470504	0.632694994933	0.635955675839	0.65989683189	0.646443357338	0.640497989011	0.621809509416	0.631222633107
CUB016_vs._CUB016	0.722413672671	0.66182679813	0.645035261294	0.626409615566	0.673146411083	0.772620900384	0.684554242627	0.632129526475	0.640595730589	0.66918029762	0.605527579761	0.660732703651	0.629697778373	0.590516333803	0.647860582773	0.611147973748	0.688400303796	0.617318823061	0.608084480089	0.556621128842	0.687038626432	0.631209232116	0.61163318193	0.739421327182	0.64447336248	0.661820935764	0.590534761481	0.669550650122
NAU108_vs._NAU108	0.581525454968	0.558438935888	0.587234661708	0.811854030246	0.587525455394	0.694378854105	0.580383098213	0.576710000091	0.860377566353	0.624306682192	0.703713716983	0.597536136294	0.830288276739	0.596002281803	0.70818654743	0.816182107554	0.59380414992	0.67007217623	0.794815257323	0.822297450985	0.670429979178
NCS237_vs._NCS237	0.592442713816	0.759345962727	0.604485400817	0.792355235808	0.706082631391	0.639405717715	0.779952451737	0.651989528533	0.804357138714	0.714734049574	0.545344065575	0.67172759933	0.589326571339	0.615699439013	0.81067711047	0.687331103942	0.644184731338	0.693109931834	0.643840757763	0.833673424382	0.750166724318
