Analysis of Variance Table

Response: Distances
           Df  Sum Sq   Mean Sq F value Pr(>F)    
Groups     60 0.33625 0.0056041  3.5052  2e-14 ***
Residuals 454 0.72585 0.0015988                   
---
Signif. codes:  0 ‘***’ 0.001 ‘**’ 0.01 ‘*’ 0.05 ‘.’ 0.1 ‘ ’ 1 

Permutation test for homogeneity of multivariate dispersions

No. of permutations: 999  

**** STRATA ****
Permutations are unstratified

**** SAMPLES ****
Permutation type: free 
Mirrored permutations for Samples?: No 

Response: Distances
           Df  Sum Sq   Mean Sq      F N.Perm Pr(>F)    
Groups     60 0.33625 0.0056041 3.5052    999  0.001 ***
Residuals 454 0.72585 0.0015988                         
---
Signif. codes:  0 ‘***’ 0.001 ‘**’ 0.01 ‘*’ 0.05 ‘.’ 0.1 ‘ ’ 1 

Pairwise comparisons:
(Observed p-value below diagonal, permuted p-value above diagonal)
           CUB000     CUB003     CUB004     CUB007     CUB008     CUB009
CUB000            1.0000e-03 1.3500e-01 1.1600e-01 5.6000e-02 2.0000e-03
CUB003 8.2201e-04            3.3000e-02 1.6100e-01 1.5000e-02 6.5000e-02
CUB004 1.3371e-01 3.4226e-02            7.2800e-01 9.9400e-01 4.7700e-01
CUB007 1.2011e-01 1.4755e-01 7.1497e-01            7.0400e-01 8.8700e-01
CUB008 5.2951e-02 1.8590e-02 9.9399e-01 6.7759e-01            3.1400e-01
CUB009 6.7662e-03 6.9147e-02 4.6463e-01 8.8030e-01 2.9558e-01           
CUB010 1.9208e-02 7.9805e-02 5.7316e-01 9.5351e-01 4.3583e-01 8.8664e-01
CUB011 4.9619e-01 6.8855e-03 3.7367e-01 3.0511e-01 1.9571e-01 3.1833e-02
CUB012 6.9512e-01 3.0126e-03 2.8422e-01 2.2302e-01 1.9356e-01 4.1923e-02
CUB015 1.3518e-02 5.2872e-02 5.8956e-01 9.9348e-01 4.4562e-01 7.9654e-01
CUB016 5.0090e-02 2.8865e-02 9.9945e-01 7.0496e-01 9.8987e-01 2.6749e-01
CUB017 6.6826e-02 1.0707e-01 6.5630e-01 9.8301e-01 6.0028e-01 8.8219e-01
CUB019 5.7697e-01 4.6715e-03 3.4843e-01 2.7146e-01 2.3779e-01 5.2006e-02
CUB026 6.2009e-01 2.6728e-03 1.2216e-01 1.2346e-01 7.2381e-02 1.9444e-02
CUB027 9.7895e-01 1.0558e-03 1.3467e-01 1.2637e-01 4.4814e-02 5.4395e-03
CUB028 2.3557e-01 1.4077e-02 6.1325e-01 4.5833e-01 4.6060e-01 9.6996e-02
CUB029 1.0283e-01 7.3566e-02 8.1222e-01 8.8206e-01 7.7636e-01 6.9265e-01
CUB033 9.0949e-02 7.8171e-03 7.6728e-01 5.1235e-01 6.8403e-01 1.4233e-01
CUB037 2.5635e-01 5.7469e-02 9.3336e-01 7.0360e-01 9.3037e-01 5.0076e-01
CUB038 1.9998e-01 5.6061e-02 9.6954e-01 7.2490e-01 9.6947e-01 4.9303e-01
CUB040 2.7695e-01 4.5769e-02 8.8497e-01 6.6032e-01 8.7805e-01 4.5724e-01
CUB042 2.6180e-01 1.0141e-04 2.0500e-02 2.9656e-02 2.3469e-03 2.0851e-04
CUB044 1.1312e-01 6.0080e-02 8.7317e-01 8.2842e-01 8.4517e-01 6.1475e-01
CUB048 8.1416e-01 1.4340e-03 1.3464e-01 1.2233e-01 7.9640e-02 1.7037e-02
CUB050 1.0385e-01 1.6328e-04 1.2853e-02 2.1201e-02 3.5491e-03 6.5951e-04
CUB051 3.0129e-01 3.3256e-02 7.4349e-01 5.6389e-01 6.8821e-01 2.7569e-01
CUB052 7.9208e-02 6.3471e-05 7.7847e-03 1.3890e-02 1.5879e-03 2.3555e-04
CUB053 5.9605e-01 3.8276e-03 3.2013e-01 2.5204e-01 2.0282e-01 3.9813e-02
CUB056 9.2855e-01 1.9437e-03 1.7307e-01 1.6063e-01 5.9470e-02 7.7842e-03
NAU101 1.1382e-02 1.9406e-05 1.6576e-03 5.0631e-03 9.1237e-05 1.2313e-05
NAU105 8.3918e-01 1.0598e-02 3.2825e-01 2.8179e-01 2.3737e-01 7.4263e-02
NAU106 4.9056e-01 4.8199e-04 5.3014e-02 6.7765e-02 5.3248e-03 4.7127e-04
NAU109 3.1478e-01 6.0498e-03 4.5606e-01 3.4378e-01 2.7818e-01 4.2483e-02
NAU110 9.5405e-01 5.8704e-03 2.6370e-01 2.2227e-01 2.0373e-01 6.4004e-02
NAU121 4.1829e-02 3.5035e-02 8.6751e-01 7.9463e-01 8.0238e-01 4.4961e-01
NAU123 1.3305e-02 4.7895e-02 6.0994e-01 9.8463e-01 4.6380e-01 7.5220e-01
NAU132 3.6788e-02 1.3864e-03 1.2590e-02 2.0256e-02 1.4398e-02 8.0887e-03
NAU133 9.9978e-02 4.1821e-04 1.7157e-02 2.7202e-02 7.6152e-03 2.0475e-03
NAU134 6.5213e-02 1.0034e-01 7.1606e-01 9.6401e-01 6.3828e-01 7.8669e-01
NAU136 8.8507e-02 5.0369e-02 9.3262e-01 7.7750e-01 9.0158e-01 4.7083e-01
NAU147 5.3997e-01 1.2507e-02 4.4632e-01 3.5819e-01 3.2633e-01 8.9995e-02
NAU148 1.3126e-02 9.3325e-02 5.3922e-01 9.2278e-01 3.5518e-01 9.3948e-01
NAU149 6.8509e-01 6.7130e-04 8.2913e-02 8.7474e-02 2.3590e-02 2.9857e-03
NAU150 2.4369e-02 2.7767e-02 8.0772e-01 8.1806e-01 7.1551e-01 4.6741e-01
NAU154 4.2440e-01 9.1072e-03 4.4067e-01 3.4915e-01 2.7208e-01 5.1884e-02
NAU155 8.4308e-02 1.4165e-01 6.4067e-01 9.4841e-01 5.9632e-01 9.4355e-01
NAU157 1.6107e-02 4.7333e-02 6.3362e-01 9.6767e-01 4.9910e-01 7.2872e-01
NAU160 3.9996e-01 9.4281e-04 5.7507e-02 7.5420e-02 9.7665e-03 1.3785e-03
NAU164 5.1335e-01 4.6063e-03 1.2304e-01 1.3025e-01 8.2291e-02 2.8033e-02
NCS203 3.8111e-02 2.1090e-01 4.3984e-01 7.5869e-01 3.7794e-01 7.9144e-01
NCS204 1.9869e-01 3.6115e-02 8.4664e-01 6.2827e-01 8.0749e-01 3.1568e-01
NCS210 2.5101e-01 9.1311e-04 4.2395e-02 5.4476e-02 2.0202e-02 5.1670e-03
NCS212 4.4061e-01 1.4257e-02 5.3414e-01 4.0790e-01 4.4655e-01 1.4283e-01
NCS213 3.9945e-03 2.5985e-01 2.3912e-01 5.7450e-01 1.0508e-01 4.2808e-01
NCS214 2.8886e-02 6.9049e-02 6.5485e-01 9.7847e-01 5.4056e-01 7.7416e-01
NCS233 1.4164e-01 1.9668e-02 8.4941e-01 5.9780e-01 8.1369e-01 2.7782e-01
NCS234 1.8820e-01 2.1701e-02 7.8335e-01 5.6613e-01 7.2533e-01 2.4127e-01
NCS243 5.4067e-01 1.2862e-03 8.4055e-02 9.2599e-02 3.3134e-02 6.4202e-03
NCS248 2.1376e-01 4.3361e-03 4.9224e-01 3.5160e-01 3.0907e-01 3.9137e-02
NCS253 6.9704e-02 5.6615e-02 7.9707e-01 8.7326e-01 7.4650e-01 6.5076e-01
NCS263 2.8723e-02 2.0505e-02 9.6131e-01 7.0770e-01 9.2575e-01 2.4944e-01
           CUB010     CUB011     CUB012     CUB015     CUB016     CUB017
CUB000 1.8000e-02 5.0100e-01 7.0600e-01 1.0000e-02 3.9000e-02 6.6000e-02
CUB003 8.7000e-02 4.0000e-03 3.0000e-03 3.8000e-02 3.0000e-02 1.1100e-01
CUB004 5.9600e-01 3.4600e-01 2.9000e-01 6.2400e-01 1.0000e+00 6.6200e-01
CUB007 9.5700e-01 3.1000e-01 2.1200e-01 9.9300e-01 7.0800e-01 9.8400e-01
CUB008 4.1400e-01 2.0200e-01 2.0200e-01 4.6600e-01 9.8900e-01 6.0100e-01
CUB009 8.8500e-01 2.4000e-02 3.5000e-02 8.0200e-01 2.7600e-01 8.7100e-01
CUB010            5.8000e-02 7.4000e-02 9.3400e-01 4.2800e-01 9.7000e-01
CUB011 7.6527e-02            8.1800e-01 4.5000e-02 1.3700e-01 1.9600e-01
CUB012 8.0079e-02 8.3730e-01            6.1000e-02 1.9400e-01 1.4000e-01
CUB015 9.2977e-01 6.0459e-02 6.7927e-02            4.4500e-01 9.8700e-01
CUB016 4.2476e-01 1.4888e-01 2.0531e-01 4.2732e-01            6.2800e-01
CUB017 9.6739e-01 2.1310e-01 1.5308e-01 9.8350e-01 6.2716e-01           
CUB019 9.8680e-02 9.5196e-01 8.8683e-01 8.4767e-02 2.4021e-01 1.9272e-01
CUB026 3.8750e-02 3.7148e-01 4.5980e-01 2.9474e-02 8.8008e-02 7.5823e-02
CUB027 1.6911e-02 4.6272e-01 6.7991e-01 1.1356e-02 3.6843e-02 6.9589e-02
CUB028 1.8418e-01 5.8027e-01 5.2016e-01 1.6568e-01 4.0407e-01 3.6236e-01
CUB029 7.9069e-01 2.9373e-01 2.1887e-01 8.2428e-01 7.9456e-01 8.4594e-01
CUB033 2.4839e-01 3.2440e-01 2.8958e-01 2.4118e-01 6.5461e-01 4.1975e-01
CUB037 5.9180e-01 5.3521e-01 4.2135e-01 6.0173e-01 9.3090e-01 6.5089e-01
CUB038 5.9327e-01 4.5969e-01 3.6542e-01 6.0520e-01 9.6575e-01 6.6956e-01
CUB040 5.4738e-01 5.6998e-01 4.4837e-01 5.5452e-01 8.8302e-01 6.0472e-01
CUB042 1.1003e-03 6.8005e-02 1.7529e-01 5.1926e-04 1.6614e-03 1.0839e-02
CUB044 7.1826e-01 3.1793e-01 2.4109e-01 7.4598e-01 8.5916e-01 7.8445e-01
CUB048 3.5769e-02 4.6464e-01 5.8627e-01 2.7639e-02 9.3902e-02 7.4245e-02
CUB050 2.1720e-03 4.9900e-02 7.7329e-02 1.1789e-03 5.0672e-03 8.3966e-03
CUB051 3.7449e-01 6.2251e-01 5.2450e-01 3.6666e-01 6.9055e-01 4.8786e-01
CUB052 9.2959e-04 3.2168e-02 5.7915e-02 4.6122e-04 2.1778e-03 4.8492e-03
CUB053 8.0803e-02 9.1356e-01 9.1673e-01 6.7645e-02 2.0022e-01 1.7391e-01
CUB056 2.3500e-02 5.3508e-01 7.6192e-01 1.6052e-02 4.4657e-02 9.3572e-02
NAU101 8.3729e-05 3.0567e-03 1.1702e-02 2.8644e-05 8.2938e-05 1.2503e-03
NAU105 1.2421e-01 7.8197e-01 9.1479e-01 1.0717e-01 2.5321e-01 2.0671e-01
NAU106 2.6672e-03 1.2533e-01 3.3642e-01 1.2636e-03 1.8341e-03 2.9304e-02
NAU109 9.7805e-02 7.6237e-01 6.4610e-01 8.1604e-02 2.2421e-01 2.4866e-01
NAU110 1.0522e-01 6.9716e-01 8.1204e-01 9.0973e-02 2.3200e-01 1.5946e-01
NAU121 5.9818e-01 1.4773e-01 1.5811e-01 6.2492e-01 7.9563e-01 7.3484e-01
NAU123 8.9261e-01 5.8996e-02 6.9529e-02 9.6047e-01 4.4051e-01 9.5728e-01
NAU132 1.3869e-02 5.5617e-02 3.0060e-02 9.4926e-03 2.9042e-02 1.2176e-02
NAU133 5.2320e-03 6.6037e-02 7.7250e-02 3.1534e-03 1.2349e-02 1.2401e-02
NAU134 8.8834e-01 1.9808e-01 1.6810e-01 9.3416e-01 6.4927e-01 9.3863e-01
NAU136 6.0027e-01 2.5683e-01 2.3731e-01 6.1916e-01 9.0624e-01 7.1921e-01
NAU147 1.5449e-01 9.6334e-01 8.2509e-01 1.3669e-01 3.2251e-01 2.7245e-01
NAU148 9.4520e-01 4.5111e-02 6.8847e-02 8.6369e-01 3.0420e-01 9.2960e-01
NAU149 9.8065e-03 2.8817e-01 4.6733e-01 6.1633e-03 2.0799e-02 4.4094e-02
NAU150 6.2485e-01 9.9790e-02 1.1466e-01 6.6058e-01 6.9977e-01 7.6036e-01
NAU154 1.0975e-01 8.8292e-01 7.4847e-01 9.1872e-02 2.2968e-01 2.5572e-01
NAU155 9.8425e-01 2.4443e-01 1.7064e-01 9.3664e-01 6.2826e-01 9.5955e-01
NAU157 8.6780e-01 7.0542e-02 7.7665e-02 9.3114e-01 4.8238e-01 9.3751e-01
NAU160 5.4800e-03 1.3620e-01 2.9223e-01 2.9492e-03 6.4204e-03 3.5245e-02
NAU164 5.0481e-02 3.4191e-01 3.9497e-01 3.9187e-02 1.0470e-01 8.3536e-02
NCS203 7.4188e-01 1.3705e-01 9.0025e-02 6.7748e-01 4.1552e-01 7.4431e-01
NCS204 4.2727e-01 4.7286e-01 4.0397e-01 4.2529e-01 8.0121e-01 5.5417e-01
NCS210 1.2145e-02 1.4784e-01 1.8630e-01 8.0457e-03 2.8210e-02 2.8048e-02
NCS212 2.1892e-01 8.3363e-01 7.0461e-01 2.0414e-01 4.5551e-01 3.2602e-01
NCS213 4.1670e-01 1.6833e-02 2.2610e-02 3.2859e-01 9.2458e-02 5.2254e-01
NCS214 8.9537e-01 1.0913e-01 1.0597e-01 9.5305e-01 5.3654e-01 9.5254e-01
NCS233 3.9074e-01 4.0363e-01 3.3254e-01 3.9157e-01 8.0737e-01 5.1997e-01
NCS234 3.4886e-01 4.7984e-01 4.0483e-01 3.4332e-01 7.1728e-01 4.8502e-01
NCS243 1.6546e-02 2.6814e-01 3.8734e-01 1.1172e-02 3.6456e-02 4.9944e-02
NCS248 9.5567e-02 6.1407e-01 5.3002e-01 8.0530e-02 2.4317e-01 2.5434e-01
NCS253 7.6289e-01 2.2914e-01 1.7822e-01 7.9961e-01 7.6117e-01 8.3279e-01
NCS263 4.1511e-01 9.4165e-02 1.5423e-01 4.2167e-01 9.1780e-01 6.2815e-01
           CUB019     CUB026     CUB027     CUB028     CUB029     CUB033
CUB000 5.9500e-01 6.5300e-01 9.8300e-01 2.3900e-01 9.1000e-02 9.2000e-02
CUB003 7.0000e-03 3.0000e-03 2.0000e-03 1.6000e-02 9.2000e-02 4.0000e-03
CUB004 3.4900e-01 1.2600e-01 1.3000e-01 6.3000e-01 8.0300e-01 7.8600e-01
CUB007 2.6900e-01 1.3100e-01 1.1300e-01 4.8100e-01 8.9100e-01 5.2300e-01
CUB008 2.5600e-01 8.7000e-02 5.2000e-02 4.7100e-01 7.9800e-01 6.8800e-01
CUB009 4.1000e-02 1.5000e-02 3.0000e-03 1.0000e-01 6.8900e-01 1.4300e-01
CUB010 7.7000e-02 3.9000e-02 1.0000e-02 1.8900e-01 7.9800e-01 2.4400e-01
CUB011 9.5500e-01 3.5700e-01 4.5800e-01 5.7900e-01 2.9200e-01 3.1700e-01
CUB012 8.8900e-01 4.7500e-01 6.7300e-01 5.2000e-01 2.2200e-01 2.9000e-01
CUB015 8.6000e-02 3.1000e-02 7.0000e-03 1.7500e-01 8.1000e-01 2.6000e-01
CUB016 2.6000e-01 8.0000e-02 3.0000e-02 4.2900e-01 7.8700e-01 6.6800e-01
CUB017 1.7300e-01 8.5000e-02 7.2000e-02 3.8800e-01 8.4400e-01 4.0800e-01
CUB019            4.0000e-01 5.6600e-01 6.1600e-01 2.6900e-01 3.5700e-01
CUB026 3.9701e-01            6.4600e-01 2.3400e-01 1.0300e-01 9.3000e-02
CUB027 5.6015e-01 6.3770e-01            2.1700e-01 1.0700e-01 6.5000e-02
CUB028 6.0553e-01 2.2139e-01 2.0924e-01            4.9800e-01 7.1200e-01
CUB029 2.6983e-01 1.0484e-01 1.0549e-01 4.8045e-01            5.8700e-01
CUB033 3.5722e-01 9.6737e-02 7.8775e-02 6.9622e-01 5.7535e-01           
CUB037 4.9370e-01 2.1609e-01 2.6235e-01 7.5292e-01 7.8119e-01 8.9070e-01
CUB038 4.3198e-01 1.8242e-01 2.0164e-01 6.8776e-01 8.0694e-01 8.3157e-01
CUB040 5.2504e-01 2.2395e-01 2.8355e-01 7.9532e-01 7.3447e-01 9.4426e-01
CUB042 1.2186e-01 7.9449e-01 2.6094e-01 2.1235e-02 1.7824e-02 4.1021e-03
CUB044 2.9561e-01 1.1279e-01 1.1491e-01 5.2104e-01 9.3912e-01 6.3464e-01
CUB048 5.0117e-01 8.0103e-01 8.3246e-01 2.6363e-01 1.0826e-01 1.1550e-01
CUB050 6.0520e-02 4.0984e-01 1.1048e-01 2.2454e-02 1.2616e-02 4.5169e-03
CUB051 6.0338e-01 2.6017e-01 2.9467e-01 9.0745e-01 6.0821e-01 8.8316e-01
CUB052 4.3038e-02 3.8116e-01 8.3620e-02 1.2739e-02 7.6387e-03 2.1142e-03
CUB053 9.6641e-01 4.0487e-01 5.7675e-01 5.5874e-01 2.4669e-01 3.1403e-01
CUB056 6.3935e-01 5.9540e-01 9.0500e-01 2.5155e-01 1.3722e-01 1.0358e-01
NAU101 7.4641e-03 1.6191e-01 1.0845e-02 1.0334e-03 1.9564e-03 1.1022e-04
NAU105 8.2322e-01 6.0344e-01 8.2587e-01 5.2776e-01 2.7171e-01 3.2104e-01
NAU106 2.4403e-01 9.6029e-01 4.8521e-01 3.8808e-02 4.5270e-02 1.0134e-02
NAU109 7.5373e-01 2.5480e-01 2.8383e-01 7.7014e-01 3.4759e-01 4.6368e-01
NAU110 7.2627e-01 6.7209e-01 9.4073e-01 4.6821e-01 2.1540e-01 2.7213e-01
NAU121 1.9149e-01 6.6899e-02 3.5100e-02 3.5218e-01 9.1273e-01 5.1888e-01
NAU123 8.6367e-02 2.9699e-02 1.0917e-02 1.6691e-01 8.4806e-01 2.4991e-01
NAU132 3.4414e-02 9.7313e-02 4.7196e-02 4.2634e-02 1.4732e-02 1.2549e-02
NAU133 6.6291e-02 3.4318e-01 1.1011e-01 3.5894e-02 1.7427e-02 8.6776e-03
NAU134 2.0378e-01 8.7593e-02 6.3385e-02 3.5849e-01 9.0726e-01 4.3899e-01
NAU136 2.8276e-01 1.1206e-01 8.1048e-02 4.8733e-01 8.7609e-01 6.4879e-01
NAU147 9.2531e-01 4.0493e-01 5.2316e-01 7.0719e-01 3.5942e-01 4.6259e-01
NAU148 8.0866e-02 3.6628e-02 1.0136e-02 1.2515e-01 7.5541e-01 1.8579e-01
NAU149 3.7137e-01 8.4424e-01 6.9847e-01 1.2341e-01 6.7413e-02 3.9776e-02
NAU150 1.4132e-01 4.4718e-02 1.9619e-02 2.7414e-01 9.5330e-01 4.2804e-01
NAU154 8.5503e-01 3.3219e-01 3.9504e-01 7.0292e-01 3.4676e-01 4.2888e-01
NAU155 2.1345e-01 8.9747e-02 8.9632e-02 3.8703e-01 8.1706e-01 4.3135e-01
NAU157 9.6819e-02 3.3002e-02 1.3565e-02 1.8982e-01 8.6978e-01 2.7809e-01
NAU160 2.2114e-01 8.9756e-01 3.9751e-01 5.4294e-02 5.1458e-02 1.5518e-02
NAU164 3.5023e-01 8.5679e-01 5.3227e-01 2.2102e-01 1.1038e-01 1.0155e-01
NCS203 1.1699e-01 4.9352e-02 4.1359e-02 2.3523e-01 6.0876e-01 2.4632e-01
NCS204 4.7263e-01 1.9216e-01 1.9011e-01 7.5878e-01 6.8912e-01 9.6421e-01
NCS210 1.5745e-01 6.0428e-01 2.6564e-01 8.1249e-02 3.9492e-02 2.5276e-02
NCS212 8.0062e-01 3.3473e-01 4.3089e-01 8.5013e-01 4.2672e-01 6.0762e-01
NCS213 2.7277e-02 1.5688e-02 3.4407e-03 4.3081e-02 3.9474e-01 4.7629e-02
NCS214 1.3059e-01 4.9785e-02 2.6048e-02 2.4544e-01 8.7173e-01 3.2915e-01
NCS233 4.0196e-01 1.3507e-01 1.3481e-01 7.0611e-01 6.6978e-01 9.2931e-01
NCS234 4.7935e-01 1.7522e-01 1.7840e-01 7.9754e-01 6.2231e-01 9.6686e-01
NCS243 3.1791e-01 9.7901e-01 5.5376e-01 1.3572e-01 7.2086e-02 4.8129e-02
NCS248 6.3240e-01 1.8529e-01 1.8479e-01 8.7932e-01 3.6444e-01 5.3537e-01
NCS253 2.2209e-01 7.9870e-02 6.9187e-02 4.1783e-01 9.9925e-01 5.2439e-01
NCS263 1.8248e-01 5.9967e-02 1.9366e-02 3.1436e-01 8.1090e-01 5.6533e-01
           CUB037     CUB038     CUB040     CUB042     CUB044     CUB048
CUB000 2.5000e-01 1.9300e-01 2.8400e-01 2.5700e-01 1.1500e-01 8.2400e-01
CUB003 5.8000e-02 5.1000e-02 3.9000e-02 1.0000e-03 8.9000e-02 3.0000e-03
CUB004 9.3600e-01 9.7700e-01 8.9500e-01 1.5000e-02 8.8300e-01 1.5500e-01
CUB007 7.0600e-01 7.3300e-01 6.7500e-01 3.1000e-02 8.2200e-01 1.2200e-01
CUB008 9.2900e-01 9.7500e-01 8.6900e-01 4.0000e-03 8.4600e-01 8.5000e-02
CUB009 4.9900e-01 5.2200e-01 4.5600e-01 1.0000e-03 5.9400e-01 1.2000e-02
CUB010 5.8500e-01 6.1100e-01 5.4300e-01 1.0000e-03 7.2700e-01 2.7000e-02
CUB011 5.1500e-01 4.8400e-01 5.5200e-01 6.2000e-02 3.0500e-01 4.6700e-01
CUB012 4.3200e-01 3.9900e-01 4.3100e-01 1.8300e-01 2.6500e-01 6.0400e-01
CUB015 6.2700e-01 6.2800e-01 5.8000e-01 1.0000e-03 7.6000e-01 3.3000e-02
CUB016 9.3300e-01 9.6600e-01 8.7800e-01 2.0000e-03 8.8400e-01 8.2000e-02
CUB017 6.5800e-01 6.6000e-01 6.0300e-01 1.0000e-02 7.7300e-01 7.4000e-02
CUB019 5.0900e-01 4.3400e-01 5.1300e-01 1.2100e-01 3.0400e-01 4.8500e-01
CUB026 2.3100e-01 1.9900e-01 2.2900e-01 8.1700e-01 1.1700e-01 8.0200e-01
CUB027 2.7800e-01 1.9200e-01 2.8100e-01 2.6600e-01 1.2200e-01 8.2500e-01
CUB028 7.3900e-01 7.0400e-01 7.8200e-01 1.9000e-02 5.4500e-01 2.7100e-01
CUB029 7.8700e-01 8.3000e-01 7.5300e-01 1.2000e-02 9.4000e-01 1.1600e-01
CUB033 8.9500e-01 8.5000e-01 9.3300e-01 4.0000e-03 6.5100e-01 1.1700e-01
CUB037            9.5300e-01 9.5800e-01 7.0000e-02 8.3000e-01 2.4100e-01
CUB038 9.6679e-01            9.1800e-01 4.5000e-02 8.8100e-01 2.0000e-01
CUB040 9.5917e-01 9.2440e-01            6.4000e-02 7.8800e-01 2.6100e-01
CUB042 7.1087e-02 4.4052e-02 7.7562e-02            1.5000e-02 5.4100e-01
CUB044 8.3149e-01 8.5997e-01 7.8460e-01 1.8893e-02            1.2700e-01
CUB048 2.3731e-01 1.9818e-01 2.5007e-01 5.1877e-01 1.1871e-01           
CUB050 4.1511e-02 2.9295e-02 4.2256e-02 3.7838e-01 1.3259e-02 2.2728e-01
CUB051 8.4513e-01 8.0046e-01 8.8325e-01 6.4804e-02 6.5224e-01 2.9614e-01
CUB052 2.9729e-02 1.9505e-02 3.0637e-02 3.4532e-01 8.0261e-03 1.9769e-01
CUB053 4.6811e-01 4.0389e-01 4.9923e-01 1.1898e-01 2.7052e-01 5.1569e-01
CUB056 3.1426e-01 2.4701e-01 3.3821e-01 2.1667e-01 1.4848e-01 7.6895e-01
NAU101 1.0656e-02 5.5541e-03 1.1021e-02 6.7646e-02 1.9274e-03 6.0522e-02
NAU105 4.5843e-01 4.0838e-01 4.7980e-01 3.1914e-01 2.9203e-01 7.2828e-01
NAU106 1.4556e-01 9.5913e-02 1.5901e-01 5.9785e-01 4.7612e-02 7.8030e-01
NAU109 6.1735e-01 5.4157e-01 6.5871e-01 2.7323e-02 3.8022e-01 3.1978e-01
NAU110 3.7971e-01 3.4023e-01 3.9629e-01 4.1293e-01 2.3407e-01 8.1836e-01
NAU121 8.2591e-01 8.5061e-01 7.7690e-01 2.0724e-03 9.8333e-01 6.9363e-02
NAU123 6.1851e-01 6.2297e-01 5.7073e-01 4.6277e-04 7.6880e-01 2.8076e-02
NAU132 2.2614e-02 2.6715e-02 1.8168e-02 6.6969e-02 1.5528e-02 4.9147e-02
NAU133 4.6126e-02 3.6638e-02 4.5140e-02 2.9456e-01 1.8307e-02 1.9286e-01
NAU134 7.0989e-01 7.2359e-01 6.6646e-01 8.4923e-03 8.4510e-01 8.5611e-02
NAU136 8.8316e-01 9.1114e-01 8.3805e-01 8.7894e-03 9.3742e-01 1.1759e-01
NAU147 5.8706e-01 5.2721e-01 6.1850e-01 1.2705e-01 3.8780e-01 4.9018e-01
NAU148 5.7233e-01 5.6424e-01 5.3096e-01 5.2667e-04 6.8262e-01 3.2562e-02
NAU149 1.8413e-01 1.3595e-01 1.9844e-01 4.9723e-01 7.2861e-02 9.2241e-01
NAU150 7.7458e-01 7.9593e-01 7.2310e-01 8.0824e-04 9.6940e-01 4.5862e-02
NAU154 5.9639e-01 5.2480e-01 6.3284e-01 5.8009e-02 3.7557e-01 4.0931e-01
NAU155 6.3694e-01 6.5724e-01 5.9180e-01 1.7650e-02 7.6036e-01 8.7413e-02
NAU157 6.3703e-01 6.4415e-01 5.8880e-01 6.3425e-04 7.9151e-01 3.1585e-02
NAU160 1.4565e-01 1.0158e-01 1.5580e-01 8.7807e-01 5.3749e-02 6.5657e-01
NAU164 2.0842e-01 1.8239e-01 2.1189e-01 9.8173e-01 1.1758e-01 6.7121e-01
NCS203 4.6417e-01 4.7531e-01 4.2209e-01 6.5549e-03 5.5420e-01 4.4017e-02
NCS204 9.3591e-01 8.9383e-01 9.7789e-01 3.0977e-02 7.3958e-01 2.1437e-01
NCS210 9.5878e-02 7.7026e-02 9.7109e-02 6.4434e-01 4.1973e-02 4.0475e-01
NCS212 6.6334e-01 6.0989e-01 6.9787e-01 1.0150e-01 4.6219e-01 4.0153e-01
NCS213 3.0771e-01 2.8536e-01 2.7765e-01 2.1690e-04 3.3961e-01 1.1453e-02
NCS214 6.5730e-01 6.6591e-01 6.1138e-01 1.9336e-03 8.0035e-01 4.7750e-02
NCS233 9.4586e-01 8.9969e-01 9.9383e-01 1.5345e-02 7.2705e-01 1.5442e-01
NCS234 8.8842e-01 8.3970e-01 9.3295e-01 2.3871e-02 6.7356e-01 2.0131e-01
NCS243 1.7494e-01 1.3611e-01 1.8427e-01 7.8671e-01 7.7195e-02 7.5584e-01
NCS248 6.5658e-01 5.7819e-01 7.0320e-01 1.1268e-02 4.0240e-01 2.3541e-01
NCS253 7.6756e-01 7.9153e-01 7.1926e-01 8.2873e-03 9.3464e-01 8.2143e-02
NCS263 8.9606e-01 9.2958e-01 8.4469e-01 5.4638e-04 8.8249e-01 6.3889e-02
           CUB050     CUB051     CUB052     CUB053     CUB056     NAU101
CUB000 1.1600e-01 3.1700e-01 6.8000e-02 6.1000e-01 9.3400e-01 9.0000e-03
CUB003 1.0000e-03 3.6000e-02 1.0000e-03 5.0000e-03 3.0000e-03 1.0000e-03
CUB004 1.5000e-02 7.6200e-01 4.0000e-03 3.0600e-01 1.7300e-01 2.0000e-03
CUB007 2.2000e-02 5.7000e-01 8.0000e-03 2.7800e-01 1.6800e-01 8.0000e-03
CUB008 1.0000e-03 7.2100e-01 1.0000e-03 2.1200e-01 5.6000e-02 1.0000e-03
CUB009 1.0000e-03 2.8200e-01 1.0000e-03 3.8000e-02 6.0000e-03 1.0000e-03
CUB010 1.0000e-03 3.7400e-01 1.0000e-03 5.5000e-02 8.0000e-03 1.0000e-03
CUB011 5.2000e-02 6.2600e-01 2.1000e-02 9.0400e-01 5.5200e-01 1.0000e-03
CUB012 7.2000e-02 5.2500e-01 4.8000e-02 9.0000e-01 7.7000e-01 7.0000e-03
CUB015 3.0000e-03 3.7200e-01 1.0000e-03 6.7000e-02 1.3000e-02 1.0000e-03
CUB016 4.0000e-03 7.1900e-01 3.0000e-03 2.0000e-01 3.8000e-02 1.0000e-03
CUB017 8.0000e-03 4.9000e-01 2.0000e-03 1.8100e-01 8.8000e-02 1.0000e-03
CUB019 6.2000e-02 6.0200e-01 3.7000e-02 9.6900e-01 6.1700e-01 6.0000e-03
CUB026 4.2700e-01 2.8700e-01 3.9100e-01 4.4200e-01 6.1300e-01 1.5700e-01
CUB027 1.0900e-01 2.8100e-01 7.7000e-02 5.9200e-01 9.0800e-01 9.0000e-03
CUB028 1.6000e-02 9.1200e-01 7.0000e-03 5.4500e-01 2.5100e-01 1.0000e-03
CUB029 9.0000e-03 6.2400e-01 4.0000e-03 2.2800e-01 1.3200e-01 3.0000e-03
CUB033 3.0000e-03 8.9200e-01 1.0000e-03 3.1400e-01 1.0600e-01 1.0000e-03
CUB037 2.3000e-02 8.5900e-01 2.2000e-02 4.6000e-01 3.3000e-01 7.0000e-03
CUB038 3.0000e-02 8.0800e-01 1.1000e-02 4.0700e-01 2.4500e-01 4.0000e-03
CUB040 3.8000e-02 8.9000e-01 2.5000e-02 5.0100e-01 3.5800e-01 6.0000e-03
CUB042 3.8500e-01 5.8000e-02 3.7300e-01 1.0300e-01 2.4400e-01 6.1000e-02
CUB044 1.4000e-02 6.5700e-01 1.0000e-02 2.7200e-01 1.4900e-01 2.0000e-03
CUB048 2.3300e-01 2.9700e-01 1.9700e-01 5.4200e-01 7.8200e-01 5.4000e-02
CUB050            4.8000e-02 9.8200e-01 4.6000e-02 1.1000e-01 6.0200e-01
CUB051 4.4526e-02            3.0000e-02 5.6800e-01 3.4500e-01 5.0000e-03
CUB052 9.8093e-01 3.0269e-02            3.6000e-02 6.6000e-02 5.3300e-01
CUB053 5.8988e-02 5.6955e-01 4.1497e-02            6.6200e-01 2.0000e-03
CUB056 1.0380e-01 3.4859e-01 7.6756e-02 6.5841e-01            3.0000e-03
NAU101 5.7202e-01 7.1758e-03 5.1424e-01 6.4327e-03 9.4628e-03           
NAU105 1.7065e-01 5.4302e-01 1.4059e-01 8.4518e-01 8.9403e-01 4.5277e-02
NAU106 2.3488e-01 1.2955e-01 1.9521e-01 2.4045e-01 4.0139e-01 2.3578e-02
NAU109 2.3303e-02 7.4584e-01 1.3398e-02 7.0655e-01 3.4064e-01 9.1440e-04
NAU110 2.0302e-01 4.7239e-01 1.7470e-01 7.4634e-01 9.9592e-01 6.5092e-02
NAU121 3.7953e-03 5.8674e-01 1.6944e-03 1.6114e-01 4.6242e-02 1.1282e-04
NAU123 1.1339e-03 3.7693e-01 4.3624e-04 6.8542e-02 1.5311e-02 2.4181e-05
NAU132 1.5082e-01 4.4040e-02 1.2501e-01 3.4835e-02 5.7187e-02 1.9942e-01
NAU133 7.7367e-01 5.5663e-02 7.3990e-01 6.5366e-02 1.0991e-01 8.9427e-01
NAU134 9.4781e-03 5.2271e-01 5.1620e-03 1.8020e-01 8.3376e-02 9.6798e-04
NAU136 1.0721e-02 6.7737e-01 5.7051e-03 2.5016e-01 1.0355e-01 7.2174e-04
NAU147 7.6286e-02 6.9592e-01 5.5019e-02 8.9256e-01 5.9387e-01 1.1231e-02
NAU148 1.9314e-03 3.4122e-01 7.5622e-04 6.3277e-02 1.3320e-02 4.4811e-05
NAU149 1.9986e-01 1.9945e-01 1.6633e-01 3.7807e-01 6.2051e-01 2.9846e-02
NAU150 1.7781e-03 5.1831e-01 7.1382e-04 1.1509e-01 2.6597e-02 3.4040e-05
NAU154 4.3912e-02 7.0424e-01 2.7992e-02 8.1435e-01 4.6053e-01 2.9582e-03
NAU155 1.2510e-02 4.9480e-01 7.7520e-03 1.9591e-01 1.1805e-01 2.5569e-03
NAU157 1.3582e-03 3.9816e-01 5.4119e-04 7.7937e-02 1.9041e-02 3.3759e-05
NAU160 3.9229e-01 1.3495e-01 3.5530e-01 2.1732e-01 3.4174e-01 8.5647e-02
NAU164 6.0492e-01 2.5323e-01 5.8694e-01 3.5558e-01 5.0732e-01 3.2603e-01
NCS203 5.5035e-03 3.3705e-01 3.0750e-03 1.0463e-01 5.8007e-02 9.2433e-04
NCS204 2.5638e-02 8.8899e-01 1.5828e-02 4.3677e-01 2.3219e-01 2.8352e-03
NCS210 8.1335e-01 1.1378e-01 8.1332e-01 1.5777e-01 2.5289e-01 4.5679e-01
NCS212 5.7836e-02 8.0025e-01 4.1132e-02 7.6670e-01 4.9775e-01 9.3382e-03
NCS213 8.3343e-04 1.5351e-01 3.0738e-04 2.0705e-02 4.9828e-03 2.8781e-05
NCS214 3.1359e-03 4.3940e-01 1.4252e-03 1.0950e-01 3.5735e-02 1.4518e-04
NCS233 1.1824e-02 8.5377e-01 6.6812e-03 3.6565e-01 1.7189e-01 8.8795e-04
NCS234 1.8816e-02 9.2805e-01 1.1157e-02 4.4117e-01 2.2091e-01 1.6065e-03
NCS243 3.6859e-01 1.9500e-01 3.3614e-01 3.2188e-01 5.0378e-01 1.0913e-01
NCS248 1.1461e-02 8.1264e-01 5.8797e-03 5.8012e-01 2.2864e-01 2.5770e-04
NCS253 7.0379e-03 5.7194e-01 3.8344e-03 1.9793e-01 9.2738e-02 6.8303e-04
NCS263 2.3076e-03 6.3022e-01 8.7434e-04 1.4620e-01 2.3521e-02 2.0261e-05
           NAU105     NAU106     NAU109     NAU110     NAU121     NAU123
CUB000 8.4000e-01 4.9100e-01 3.2000e-01 9.6000e-01 4.4000e-02 9.0000e-03
CUB003 8.0000e-03 2.0000e-03 4.0000e-03 9.0000e-03 2.7000e-02 3.5000e-02
CUB004 3.3900e-01 5.3000e-02 4.5600e-01 2.8500e-01 8.6600e-01 6.0300e-01
CUB007 2.7900e-01 7.2000e-02 3.4800e-01 2.4100e-01 8.1200e-01 9.8900e-01
CUB008 2.3500e-01 3.0000e-03 2.9800e-01 2.1400e-01 8.0500e-01 4.8600e-01
CUB009 7.3000e-02 1.0000e-03 4.0000e-02 6.6000e-02 4.8500e-01 7.7100e-01
CUB010 1.1200e-01 1.0000e-03 7.9000e-02 1.1600e-01 6.0400e-01 8.8700e-01
CUB011 7.7500e-01 1.2000e-01 7.6100e-01 6.9800e-01 1.3000e-01 3.6000e-02
CUB012 9.2100e-01 3.4900e-01 6.9400e-01 8.0900e-01 1.7900e-01 7.2000e-02
CUB015 9.8000e-02 4.0000e-03 8.2000e-02 7.6000e-02 6.4300e-01 9.5900e-01
CUB016 2.4500e-01 2.0000e-03 2.2100e-01 2.3900e-01 7.9700e-01 4.5600e-01
CUB017 1.9000e-01 2.6000e-02 2.7000e-01 1.6700e-01 7.4600e-01 9.6100e-01
CUB019 8.3000e-01 2.4100e-01 7.8100e-01 7.3200e-01 1.8000e-01 7.5000e-02
CUB026 6.0300e-01 9.7000e-01 2.7100e-01 7.0500e-01 6.6000e-02 2.2000e-02
CUB027 8.4700e-01 5.0100e-01 2.7300e-01 9.5200e-01 4.6000e-02 7.0000e-03
CUB028 5.3800e-01 3.2000e-02 7.6900e-01 4.9200e-01 3.7400e-01 1.7300e-01
CUB029 2.7800e-01 4.1000e-02 3.4800e-01 2.3500e-01 9.3300e-01 8.6300e-01
CUB033 3.1000e-01 8.0000e-03 4.7700e-01 2.9000e-01 5.7100e-01 2.5700e-01
CUB037 4.4000e-01 1.4800e-01 6.3500e-01 3.9300e-01 8.3500e-01 6.1300e-01
CUB038 4.2300e-01 9.5000e-02 5.6900e-01 3.5500e-01 8.5100e-01 6.3500e-01
CUB040 5.0400e-01 1.5700e-01 6.7200e-01 3.9300e-01 7.8700e-01 5.6600e-01
CUB042 3.1100e-01 6.2500e-01 1.8000e-02 4.2200e-01 1.0000e-03 2.0000e-03
CUB044 2.9700e-01 4.3000e-02 4.0200e-01 2.4500e-01 9.8400e-01 7.8100e-01
CUB048 7.4400e-01 8.0500e-01 3.2000e-01 8.2700e-01 7.3000e-02 2.7000e-02
CUB050 1.7700e-01 2.3700e-01 1.8000e-02 2.1700e-01 3.0000e-03 3.0000e-03
CUB051 5.5900e-01 1.2400e-01 7.4500e-01 4.8300e-01 6.1700e-01 3.5500e-01
CUB052 1.3700e-01 1.9700e-01 6.0000e-03 1.7600e-01 2.0000e-03 1.0000e-03
CUB053 8.3300e-01 2.4700e-01 6.9100e-01 7.3400e-01 1.5700e-01 6.3000e-02
CUB056 9.1200e-01 4.2600e-01 3.4000e-01 9.9400e-01 3.9000e-02 1.0000e-02
NAU101 2.4000e-02 2.7000e-02 1.0000e-03 5.8000e-02 1.0000e-03 1.0000e-03
NAU105            5.1200e-01 6.4800e-01 9.2500e-01 2.0900e-01 9.3000e-02
NAU106 5.0489e-01            3.8000e-02 6.3900e-01 4.0000e-03 3.0000e-03
NAU109 6.2306e-01 5.3894e-02            5.7400e-01 2.2200e-01 7.2000e-02
NAU110 9.1476e-01 6.2427e-01 5.4758e-01            2.0900e-01 9.7000e-02
NAU121 2.0640e-01 4.3047e-03 2.0400e-01 1.7982e-01            6.7000e-01
NAU123 1.0881e-01 1.0674e-03 8.1022e-02 9.3284e-02 6.4996e-01           
NAU132 7.6234e-02 8.0582e-02 3.4996e-02 5.4103e-02 1.8367e-02 9.6561e-03
NAU133 1.6615e-01 2.1210e-01 3.5088e-02 1.8069e-01 8.4990e-03 3.1126e-03
NAU134 2.2427e-01 2.0386e-02 2.3760e-01 1.8668e-01 7.8533e-01 9.6161e-01
NAU136 2.8865e-01 1.9173e-02 3.2795e-01 2.4942e-01 9.3436e-01 6.4016e-01
NAU147 7.8250e-01 2.3502e-01 8.5635e-01 6.9853e-01 2.6958e-01 1.3865e-01
NAU148 1.1210e-01 8.4764e-04 5.9039e-02 1.0168e-01 5.1481e-01 8.2134e-01
NAU149 6.2976e-01 8.1123e-01 1.6197e-01 7.3819e-01 1.9567e-02 5.8814e-03
NAU150 1.5846e-01 1.7105e-03 1.4377e-01 1.3734e-01 9.2863e-01 6.8994e-01
NAU154 7.1284e-01 1.0953e-01 8.9601e-01 6.3396e-01 2.0917e-01 9.1250e-02
NAU155 2.2693e-01 4.4754e-02 2.7743e-01 1.7311e-01 7.1863e-01 9.1290e-01
NAU157 1.1858e-01 1.5390e-03 9.5941e-02 1.0070e-01 6.8550e-01 9.6890e-01
NAU160 4.4911e-01 7.5746e-01 6.7060e-02 5.4552e-01 8.7350e-03 2.6479e-03
NAU164 5.3366e-01 7.8702e-01 2.4191e-01 5.8052e-01 7.9709e-02 3.9574e-02
NCS203 1.3907e-01 1.8946e-02 1.5256e-01 1.0143e-01 4.9023e-01 6.5276e-01
NCS204 4.3884e-01 6.5773e-02 5.8400e-01 3.7964e-01 6.8053e-01 4.3803e-01
NCS210 3.1455e-01 4.6794e-01 8.6961e-02 3.5237e-01 2.0506e-02 7.9927e-03
NCS212 6.8518e-01 1.9917e-01 9.9368e-01 6.0084e-01 3.7358e-01 2.0964e-01
NCS213 4.9482e-02 4.8539e-04 1.8590e-02 4.2613e-02 1.7531e-01 2.9762e-01
NCS214 1.5380e-01 4.7942e-03 1.3965e-01 1.2945e-01 7.1002e-01 9.8678e-01
NCS233 3.6827e-01 3.8319e-02 5.1770e-01 3.0887e-01 6.7005e-01 4.0592e-01
NCS234 4.3388e-01 5.4151e-02 6.0755e-01 3.7189e-01 5.9636e-01 3.5437e-01
NCS243 5.4111e-01 9.2058e-01 1.6244e-01 6.2385e-01 2.9965e-02 1.0943e-02
NCS248 5.2273e-01 2.2516e-02 8.5465e-01 4.5462e-01 2.1739e-01 8.0213e-02
NCS253 2.2915e-01 2.2583e-02 2.8176e-01 1.8361e-01 9.0109e-01 8.2590e-01
NCS263 1.9918e-01 4.8901e-04 1.5324e-01 1.8336e-01 8.3219e-01 4.3682e-01
           NAU132     NAU133     NAU134     NAU136     NAU147     NAU148
CUB000 3.4000e-02 1.0900e-01 7.0000e-02 8.8000e-02 5.5400e-01 6.0000e-03
CUB003 2.0000e-03 1.0000e-03 1.1700e-01 6.3000e-02 1.3000e-02 9.9000e-02
CUB004 1.2000e-02 1.5000e-02 7.2800e-01 9.2400e-01 4.5200e-01 5.6100e-01
CUB007 2.0000e-02 1.9000e-02 9.6600e-01 7.7900e-01 3.9000e-01 9.3400e-01
CUB008 1.6000e-02 6.0000e-03 6.6100e-01 9.0400e-01 3.3900e-01 3.7100e-01
CUB009 4.0000e-03 2.0000e-03 7.9700e-01 4.5000e-01 9.2000e-02 9.3300e-01
CUB010 1.8000e-02 2.0000e-03 9.1300e-01 6.1700e-01 1.6800e-01 9.4000e-01
CUB011 4.0000e-02 5.5000e-02 2.0000e-01 2.7500e-01 9.6400e-01 3.3000e-02
CUB012 2.6000e-02 7.0000e-02 1.6600e-01 2.5900e-01 8.2300e-01 6.7000e-02
CUB015 1.3000e-02 4.0000e-03 9.2500e-01 6.3700e-01 1.4500e-01 8.7400e-01
CUB016 2.1000e-02 9.0000e-03 6.5600e-01 9.2100e-01 3.5400e-01 3.0700e-01
CUB017 1.2000e-02 1.3000e-02 9.3600e-01 7.1800e-01 2.9600e-01 9.2600e-01
CUB019 2.5000e-02 5.8000e-02 2.1900e-01 2.5400e-01 9.3600e-01 7.1000e-02
CUB026 9.6000e-02 3.6000e-01 7.6000e-02 1.2500e-01 4.1300e-01 2.9000e-02
CUB027 4.9000e-02 1.1100e-01 7.1000e-02 6.9000e-02 5.0100e-01 1.0000e-02
CUB028 4.1000e-02 2.8000e-02 3.5300e-01 5.2500e-01 7.1900e-01 1.4000e-01
CUB029 1.7000e-02 1.7000e-02 9.0800e-01 8.8500e-01 3.6900e-01 7.5900e-01
CUB033 1.0000e-02 7.0000e-03 4.5900e-01 6.5400e-01 4.8700e-01 1.8100e-01
CUB037 1.7000e-02 4.4000e-02 7.1200e-01 8.8100e-01 6.2500e-01 5.5100e-01
CUB038 2.3000e-02 3.3000e-02 7.3900e-01 9.1600e-01 5.2800e-01 5.9800e-01
CUB040 2.1000e-02 4.8000e-02 6.7900e-01 8.3300e-01 6.1500e-01 5.1700e-01
CUB042 6.9000e-02 3.0500e-01 9.0000e-03 7.0000e-03 1.1700e-01 1.0000e-03
CUB044 1.8000e-02 2.2000e-02 8.7000e-01 9.4200e-01 4.0700e-01 7.0200e-01
CUB048 5.0000e-02 2.1800e-01 1.0500e-01 1.0700e-01 5.1700e-01 2.8000e-02
CUB050 1.5800e-01 7.5600e-01 1.2000e-02 7.0000e-03 6.5000e-02 3.0000e-03
CUB051 4.9000e-02 5.4000e-02 5.5200e-01 6.8700e-01 7.1700e-01 3.3700e-01
CUB052 1.1700e-01 7.4400e-01 2.0000e-03 6.0000e-03 4.9000e-02 1.0000e-03
CUB053 3.6000e-02 5.8000e-02 1.9300e-01 2.5400e-01 8.8700e-01 5.8000e-02
CUB056 5.5000e-02 1.1600e-01 8.4000e-02 1.2100e-01 6.3300e-01 8.0000e-03
NAU101 2.1500e-01 8.9700e-01 1.0000e-03 1.0000e-03 7.0000e-03 1.0000e-03
NAU105 7.7000e-02 1.6300e-01 2.2200e-01 2.8400e-01 7.9900e-01 1.0000e-01
NAU106 8.9000e-02 2.1200e-01 2.2000e-02 1.2000e-02 2.5900e-01 1.0000e-03
NAU109 4.0000e-02 2.8000e-02 2.6800e-01 3.4200e-01 8.6200e-01 5.4000e-02
NAU110 5.3000e-02 2.0700e-01 2.0500e-01 2.6500e-01 7.1600e-01 1.0400e-01
NAU121 1.5000e-02 1.0000e-02 8.1600e-01 9.2800e-01 3.0900e-01 5.4600e-01
NAU123 7.0000e-03 2.0000e-03 9.5500e-01 6.6500e-01 1.5000e-01 8.2700e-01
NAU132            2.5400e-01 3.2000e-02 2.5000e-02 6.4000e-02 1.7000e-02
NAU133 2.2825e-01            1.4000e-02 1.9000e-02 8.2000e-02 3.0000e-03
NAU134 2.4992e-02 1.6336e-02            7.6400e-01 2.8800e-01 8.4900e-01
NAU136 2.9617e-02 1.9079e-02 7.6525e-01            3.7800e-01 5.6500e-01
NAU147 5.7793e-02 8.7492e-02 2.8268e-01 3.7154e-01            1.3600e-01
NAU148 1.9375e-02 5.5446e-03 8.4314e-01 5.3724e-01 1.2788e-01           
NAU149 5.9448e-02 1.7782e-01 4.0371e-02 4.9490e-02 3.5943e-01 6.1569e-03
NAU150 1.1756e-02 4.5348e-03 8.1888e-01 8.6989e-01 2.1015e-01 5.3515e-01
NAU154 5.2201e-02 5.9242e-02 2.4676e-01 3.2644e-01 9.4468e-01 7.2422e-02
NAU155 1.2825e-02 1.6780e-02 9.0477e-01 7.0713e-01 2.9541e-01 9.8155e-01
NAU157 9.9784e-03 3.5251e-03 9.8439e-01 6.6996e-01 1.5297e-01 7.9782e-01
NAU160 1.1846e-01 3.3357e-01 2.8421e-02 2.8364e-02 2.2460e-01 2.7800e-03
NAU164 1.4839e-01 5.0608e-01 1.0092e-01 1.2491e-01 3.7074e-01 5.1043e-02
NCS203 9.1787e-03 8.5198e-03 6.9441e-01 5.0158e-01 1.8051e-01 7.7971e-01
NCS204 3.7851e-02 3.6650e-02 5.8881e-01 7.7082e-01 5.6968e-01 3.8083e-01
NCS210 1.5358e-01 6.5054e-01 3.4023e-02 4.1345e-02 1.8130e-01 1.1963e-02
NCS212 3.9565e-02 6.5759e-02 3.5234e-01 4.7158e-01 8.8486e-01 1.9518e-01
NCS213 1.2733e-02 2.6556e-03 4.3310e-01 2.2281e-01 5.1363e-02 4.1782e-01
NCS214 1.5307e-02 6.8694e-03 9.7575e-01 6.9514e-01 1.9583e-01 8.3710e-01
NCS233 1.8336e-02 1.7907e-02 5.5978e-01 7.6612e-01 5.0374e-01 3.4387e-01
NCS234 2.7674e-02 2.7486e-02 5.1608e-01 6.9844e-01 5.8035e-01 3.0209e-01
NCS243 9.3088e-02 3.0885e-01 5.1405e-02 6.2943e-02 3.2336e-01 1.3259e-02
NCS248 2.3006e-02 1.9648e-02 2.4282e-01 3.5077e-01 7.4484e-01 5.3685e-02
NCS253 1.3345e-02 1.1293e-02 8.9623e-01 8.6092e-01 3.0717e-01 7.1815e-01
NCS263 1.8910e-02 6.5900e-03 6.5398e-01 9.4456e-01 2.5692e-01 2.8263e-01
           NAU149     NAU150     NAU154     NAU155     NAU157     NAU160
CUB000 6.8500e-01 2.3000e-02 4.4800e-01 9.2000e-02 1.8000e-02 4.2100e-01
CUB003 1.0000e-03 2.5000e-02 7.0000e-03 1.4700e-01 6.1000e-02 2.0000e-03
CUB004 9.2000e-02 8.0800e-01 4.4500e-01 6.4700e-01 6.5200e-01 5.1000e-02
CUB007 8.6000e-02 8.3100e-01 3.6100e-01 9.5100e-01 9.5900e-01 6.1000e-02
CUB008 2.7000e-02 7.2500e-01 2.9300e-01 5.9600e-01 5.0400e-01 1.1000e-02
CUB009 2.0000e-03 4.5900e-01 4.8000e-02 9.4000e-01 7.2500e-01 1.0000e-03
CUB010 1.0000e-02 6.6000e-01 9.2000e-02 9.8500e-01 8.6900e-01 5.0000e-03
CUB011 3.0300e-01 9.6000e-02 8.8300e-01 2.3000e-01 6.7000e-02 1.2200e-01
CUB012 4.8400e-01 1.0400e-01 7.4900e-01 1.5800e-01 7.4000e-02 2.9900e-01
CUB015 8.0000e-03 6.5100e-01 1.1200e-01 9.4000e-01 9.4800e-01 7.0000e-03
CUB016 1.5000e-02 6.9900e-01 2.3000e-01 6.5500e-01 5.1900e-01 6.0000e-03
CUB017 4.7000e-02 7.4900e-01 2.7000e-01 9.5600e-01 9.3500e-01 2.1000e-02
CUB019 3.9200e-01 1.2400e-01 8.6300e-01 2.2000e-01 8.8000e-02 2.2400e-01
CUB026 8.8100e-01 3.8000e-02 3.3500e-01 9.0000e-02 2.7000e-02 9.2300e-01
CUB027 7.0600e-01 2.0000e-02 4.0000e-01 8.9000e-02 9.0000e-03 3.9100e-01
CUB028 1.2100e-01 2.8600e-01 7.1200e-01 3.9800e-01 2.0500e-01 4.6000e-02
CUB029 6.0000e-02 9.5200e-01 3.5200e-01 8.0700e-01 8.7500e-01 4.7000e-02
CUB033 4.7000e-02 4.4200e-01 4.4700e-01 4.1200e-01 2.9500e-01 1.6000e-02
CUB037 1.8600e-01 7.9200e-01 5.9000e-01 6.4400e-01 6.5000e-01 1.3600e-01
CUB038 1.1600e-01 7.9100e-01 5.3700e-01 6.7300e-01 6.5700e-01 9.8000e-02
CUB040 2.2900e-01 7.3300e-01 6.4200e-01 6.0400e-01 6.0700e-01 1.4600e-01
CUB042 5.1000e-01 2.0000e-03 5.5000e-02 1.2000e-02 1.0000e-03 9.0000e-01
CUB044 7.7000e-02 9.7200e-01 3.8500e-01 7.7500e-01 7.9000e-01 5.1000e-02
CUB048 9.2300e-01 3.4000e-02 4.2900e-01 8.7000e-02 3.0000e-02 6.7100e-01
CUB050 2.1500e-01 1.0000e-03 3.9000e-02 1.5000e-02 4.0000e-03 3.9400e-01
CUB051 2.1500e-01 5.4400e-01 7.2500e-01 4.9000e-01 4.0100e-01 1.1800e-01
CUB052 1.6000e-01 2.0000e-03 2.1000e-02 5.0000e-03 1.0000e-03 3.5100e-01
CUB053 4.0200e-01 9.3000e-02 8.0800e-01 1.8000e-01 7.8000e-02 2.2300e-01
CUB056 6.3400e-01 2.2000e-02 4.5900e-01 1.0200e-01 1.8000e-02 3.5400e-01
NAU101 2.8000e-02 1.0000e-03 1.0000e-03 2.0000e-03 1.0000e-03 7.6000e-02
NAU105 6.2800e-01 1.6000e-01 7.4600e-01 2.1800e-01 1.2700e-01 4.6700e-01
NAU106 8.2300e-01 1.0000e-03 1.0400e-01 4.2000e-02 2.0000e-03 7.6600e-01
NAU109 1.6500e-01 1.4700e-01 9.1400e-01 2.8100e-01 9.8000e-02 7.2000e-02
NAU110 7.4100e-01 1.3100e-01 6.7000e-01 1.7900e-01 1.0800e-01 5.4900e-01
NAU121 1.6000e-02 9.4000e-01 1.9900e-01 7.5200e-01 6.9700e-01 7.0000e-03
NAU123 2.0000e-03 6.8000e-01 8.8000e-02 9.0400e-01 9.8400e-01 5.0000e-03
NAU132 5.5000e-02 9.0000e-03 4.5000e-02 1.4000e-02 1.0000e-02 1.1500e-01
NAU133 1.8000e-01 4.0000e-03 4.4000e-02 1.5000e-02 4.0000e-03 3.3600e-01
NAU134 3.6000e-02 8.0900e-01 2.6400e-01 9.1600e-01 9.8800e-01 2.7000e-02
NAU136 6.1000e-02 8.6300e-01 3.2700e-01 7.1600e-01 6.7300e-01 2.5000e-02
NAU147 3.7500e-01 2.0600e-01 9.5700e-01 2.7700e-01 1.5900e-01 2.4800e-01
NAU148 3.0000e-03 5.1600e-01 8.0000e-02 9.6900e-01 8.0100e-01 3.0000e-03
NAU149            7.0000e-03 2.5400e-01 4.9000e-02 7.0000e-03 6.6700e-01
NAU150 1.0292e-02            1.4200e-01 7.0900e-01 7.4000e-01 2.0000e-03
NAU154 2.4612e-01 1.5091e-01            2.8500e-01 1.1400e-01 1.0500e-01
NAU155 5.9523e-02 7.3837e-01 2.8497e-01            9.0400e-01 4.1000e-02
NAU157 7.3318e-03 7.2781e-01 1.0593e-01 8.9561e-01            3.0000e-03
NAU160 6.4836e-01 4.0648e-03 1.2099e-01 5.1148e-02 3.4649e-03           
NAU164 6.9610e-01 5.5576e-02 3.1098e-01 9.6500e-02 4.2998e-02 9.2318e-01
NCS203 2.6645e-02 4.9285e-01 1.6533e-01 7.9759e-01 6.3886e-01 2.4079e-02
NCS204 1.2207e-01 6.0908e-01 5.5630e-01 5.5727e-01 4.6316e-01 7.6430e-02
NCS210 3.9928e-01 1.1947e-02 1.3171e-01 3.6112e-02 9.0361e-03 6.3165e-01
NCS212 2.9241e-01 3.0843e-01 9.2261e-01 3.4139e-01 2.2591e-01 1.9082e-01
NCS213 2.2277e-03 1.6361e-01 2.6388e-02 6.0218e-01 2.9425e-01 1.4806e-03
NCS214 1.5137e-02 7.4679e-01 1.5044e-01 9.1279e-01 9.8617e-01 8.6741e-03
NCS233 7.8944e-02 5.9343e-01 4.8958e-01 5.2096e-01 4.3213e-01 4.5177e-02
NCS234 1.0879e-01 5.1971e-01 5.7117e-01 4.9204e-01 3.7934e-01 6.2843e-02
NCS243 7.9031e-01 1.7465e-02 2.3518e-01 6.4448e-02 1.2839e-02 9.0335e-01
NCS248 9.6325e-02 1.5199e-01 7.5920e-01 2.8205e-01 9.6307e-02 3.3106e-02
NCS253 4.1513e-02 9.4745e-01 2.8309e-01 8.0396e-01 8.5105e-01 2.8409e-02
NCS263 1.0272e-02 7.2935e-01 1.6202e-01 6.2645e-01 4.8241e-01 2.4750e-03
           NAU164     NCS203     NCS204     NCS210     NCS212     NCS213
CUB000 5.0600e-01 3.6000e-02 2.0600e-01 2.3900e-01 4.5300e-01 6.0000e-03
CUB003 4.0000e-03 2.2900e-01 3.4000e-02 2.0000e-03 1.8000e-02 2.5800e-01
CUB004 1.1600e-01 4.5500e-01 8.4200e-01 3.1000e-02 5.4900e-01 2.6000e-01
CUB007 1.3100e-01 7.5100e-01 6.4100e-01 4.6000e-02 4.1600e-01 6.1700e-01
CUB008 7.7000e-02 4.0800e-01 8.2600e-01 1.6000e-02 4.6800e-01 1.0900e-01
CUB009 2.1000e-02 7.9500e-01 3.4000e-01 5.0000e-03 1.5000e-01 4.3500e-01
CUB010 5.0000e-02 7.4300e-01 4.3300e-01 9.0000e-03 2.0200e-01 4.3600e-01
CUB011 3.1500e-01 1.3200e-01 4.7000e-01 1.4800e-01 8.5100e-01 9.0000e-03
CUB012 4.0300e-01 8.7000e-02 4.1400e-01 1.8900e-01 7.0200e-01 1.1000e-02
CUB015 4.6000e-02 7.0000e-01 4.4700e-01 9.0000e-03 2.1100e-01 3.1600e-01
CUB016 1.0500e-01 4.2700e-01 8.1000e-01 2.1000e-02 4.8000e-01 8.6000e-02
CUB017 8.9000e-02 7.5400e-01 5.6300e-01 2.9000e-02 3.1600e-01 5.1500e-01
CUB019 3.5000e-01 1.2700e-01 4.9100e-01 1.4700e-01 8.1900e-01 2.4000e-02
CUB026 8.5100e-01 4.7000e-02 1.9500e-01 6.2600e-01 3.5700e-01 1.2000e-02
CUB027 5.4600e-01 3.2000e-02 1.9500e-01 2.5600e-01 4.2900e-01 3.0000e-03
CUB028 2.2200e-01 2.3200e-01 7.6400e-01 7.8000e-02 8.5600e-01 4.4000e-02
CUB029 1.0400e-01 6.3300e-01 6.8600e-01 3.8000e-02 4.3000e-01 4.1900e-01
CUB033 9.5000e-02 2.6300e-01 9.7200e-01 1.7000e-02 6.1600e-01 4.0000e-02
CUB037 2.0600e-01 4.6600e-01 9.3400e-01 9.2000e-02 6.7100e-01 3.1200e-01
CUB038 1.7800e-01 4.9400e-01 9.1100e-01 6.5000e-02 6.2500e-01 2.9700e-01
CUB040 2.0800e-01 4.2000e-01 9.8200e-01 9.5000e-02 6.9400e-01 2.7400e-01
CUB042 9.8200e-01 4.0000e-03 2.4000e-02 6.4300e-01 9.4000e-02 1.0000e-03
CUB044 1.2900e-01 5.6500e-01 7.6100e-01 5.2000e-02 4.6600e-01 3.5600e-01
CUB048 6.7000e-01 4.2000e-02 2.2600e-01 4.0100e-01 4.2800e-01 9.0000e-03
CUB050 6.2400e-01 6.0000e-03 2.1000e-02 8.3200e-01 4.9000e-02 2.0000e-03
CUB051 2.6200e-01 3.4900e-01 8.8900e-01 1.1100e-01 8.0200e-01 1.4500e-01
CUB052 5.7300e-01 1.0000e-03 1.1000e-02 8.2700e-01 3.5000e-02 1.0000e-03
CUB053 3.5100e-01 9.7000e-02 4.5600e-01 1.2700e-01 7.7600e-01 1.4000e-02
CUB056 5.2500e-01 5.7000e-02 2.4100e-01 2.6900e-01 5.0100e-01 6.0000e-03
NAU101 3.3700e-01 2.0000e-03 2.0000e-03 4.5000e-01 1.0000e-03 1.0000e-03
NAU105 5.5600e-01 1.2900e-01 4.6500e-01 3.1400e-01 6.9500e-01 3.8000e-02
NAU106 7.9300e-01 9.0000e-03 6.6000e-02 4.8100e-01 2.1300e-01 1.0000e-03
NAU109 2.3500e-01 1.5300e-01 5.9600e-01 7.7000e-02 9.9200e-01 1.6000e-02
NAU110 6.1200e-01 1.0800e-01 4.1200e-01 3.5200e-01 6.2200e-01 3.1000e-02
NAU121 8.2000e-02 4.9900e-01 7.0300e-01 1.9000e-02 3.9600e-01 1.9500e-01
NAU123 3.1000e-02 6.6400e-01 4.1900e-01 6.0000e-03 2.1500e-01 2.8900e-01
NAU132 1.4900e-01 7.0000e-03 3.0000e-02 1.5100e-01 4.1000e-02 9.0000e-03
NAU133 5.2700e-01 3.0000e-03 3.0000e-02 6.4000e-01 5.9000e-02 4.0000e-03
NAU134 1.1400e-01 7.3100e-01 6.0200e-01 3.0000e-02 3.6100e-01 4.5400e-01
NAU136 1.1700e-01 5.0500e-01 7.6900e-01 2.9000e-02 4.9200e-01 2.4500e-01
NAU147 3.8600e-01 1.8000e-01 5.9400e-01 1.7200e-01 8.7400e-01 4.5000e-02
NAU148 4.9000e-02 7.9700e-01 3.8600e-01 5.0000e-03 1.9600e-01 4.4600e-01
NAU149 7.3000e-01 2.2000e-02 1.2000e-01 4.0500e-01 2.8700e-01 1.0000e-03
NAU150 4.4000e-02 5.0000e-01 5.9200e-01 1.0000e-02 3.0100e-01 1.6800e-01
NAU154 3.2400e-01 1.6900e-01 5.4800e-01 1.1400e-01 9.2500e-01 2.2000e-02
NAU155 9.4000e-02 8.1500e-01 5.4300e-01 2.9000e-02 3.4800e-01 5.8200e-01
NAU157 3.9000e-02 6.3900e-01 4.9900e-01 6.0000e-03 2.2800e-01 3.2300e-01
NAU160 9.2700e-01 1.3000e-02 5.9000e-02 6.4800e-01 1.8800e-01 1.0000e-03
NAU164            5.0000e-02 1.9200e-01 7.7000e-01 3.0100e-01 1.5000e-02
NCS203 5.7653e-02            4.1500e-01 1.3000e-02 2.2700e-01 8.1800e-01
NCS204 1.9550e-01 3.8135e-01            8.0000e-02 6.8200e-01 1.5100e-01
NCS210 7.8292e-01 1.8681e-02 7.7607e-02            1.4900e-01 3.0000e-03
NCS212 3.0840e-01 2.1253e-01 6.7755e-01 1.4256e-01            6.0000e-02
NCS213 2.5167e-02 8.0043e-01 1.6210e-01 5.3902e-03 7.8315e-02           
NCS214 6.1830e-02 6.7558e-01 5.0343e-01 1.5974e-02 2.6819e-01 3.6204e-01
NCS233 1.3744e-01 3.3354e-01 9.7734e-01 4.4727e-02 6.1910e-01 1.2422e-01
NCS234 1.7605e-01 3.1782e-01 9.4745e-01 6.3749e-02 6.9910e-01 1.1346e-01
NCS243 8.6072e-01 3.2120e-02 1.2953e-01 5.8286e-01 2.6471e-01 5.4065e-03
NCS248 1.8022e-01 1.4852e-01 6.3821e-01 5.4121e-02 9.1049e-01 1.4486e-02
NCS253 8.7729e-02 5.8219e-01 6.5573e-01 2.7054e-02 3.8219e-01 3.3382e-01
NCS263 7.4478e-02 3.9921e-01 7.4221e-01 1.6532e-02 3.8930e-01 7.2484e-02
           NCS214     NCS233     NCS234     NCS243     NCS248     NCS253 NCS263
CUB000 2.6000e-02 1.4500e-01 1.8600e-01 5.6000e-01 2.1900e-01 7.0000e-02  0.029
CUB003 7.6000e-02 2.2000e-02 1.7000e-02 3.0000e-03 3.0000e-03 5.9000e-02  0.022
CUB004 6.6800e-01 8.5400e-01 7.8700e-01 8.3000e-02 5.0400e-01 7.7500e-01  0.951
CUB007 9.7500e-01 6.1800e-01 5.8000e-01 9.7000e-02 3.6200e-01 8.7100e-01  0.706
CUB008 5.6200e-01 8.1500e-01 7.3600e-01 3.2000e-02 3.2600e-01 7.6700e-01  0.932
CUB009 8.0000e-01 2.9500e-01 2.6300e-01 7.0000e-03 3.2000e-02 6.8600e-01  0.238
CUB010 9.1300e-01 4.0200e-01 3.5500e-01 7.0000e-03 8.4000e-02 7.6700e-01  0.440
CUB011 9.3000e-02 4.0800e-01 4.8600e-01 2.3200e-01 5.8500e-01 2.1900e-01  0.082
CUB012 1.1500e-01 3.4400e-01 4.5000e-01 3.7000e-01 5.5200e-01 1.5500e-01  0.149
CUB015 9.5600e-01 3.9200e-01 3.5800e-01 1.6000e-02 8.2000e-02 7.9000e-01  0.426
CUB016 5.4400e-01 8.1700e-01 7.4200e-01 3.0000e-02 2.6000e-01 7.6700e-01  0.919
CUB017 9.5300e-01 5.3800e-01 5.1100e-01 5.1000e-02 2.5500e-01 8.5600e-01  0.632
CUB019 1.1500e-01 4.2500e-01 4.6500e-01 3.2300e-01 6.1900e-01 2.1300e-01  0.178
CUB026 5.1000e-02 1.3600e-01 1.6700e-01 9.7300e-01 2.0000e-01 8.3000e-02  0.051
CUB027 2.1000e-02 1.4400e-01 1.5900e-01 5.5200e-01 1.7400e-01 6.8000e-02  0.014
CUB028 2.6600e-01 7.1300e-01 8.0500e-01 1.5100e-01 8.8400e-01 4.3900e-01  0.337
CUB029 8.6600e-01 6.5200e-01 6.3100e-01 7.4000e-02 4.0700e-01 1.0000e+00  0.786
CUB033 3.4100e-01 9.4200e-01 9.6400e-01 3.9000e-02 5.2900e-01 5.4100e-01  0.553
CUB037 6.5900e-01 9.4800e-01 8.9700e-01 1.7200e-01 6.5800e-01 7.6200e-01  0.901
CUB038 6.3100e-01 9.1300e-01 8.2400e-01 1.3700e-01 5.8800e-01 7.9200e-01  0.933
CUB040 6.4200e-01 9.9400e-01 9.2500e-01 1.7500e-01 7.2000e-01 7.1700e-01  0.856
CUB042 2.0000e-03 1.2000e-02 1.6000e-02 8.0100e-01 9.0000e-03 1.2000e-02  0.001
CUB044 8.2900e-01 7.3700e-01 7.1000e-01 9.4000e-02 4.1600e-01 9.3300e-01  0.891
CUB048 4.7000e-02 1.6600e-01 2.1400e-01 7.7400e-01 2.4100e-01 7.0000e-02  0.063
CUB050 5.0000e-03 1.3000e-02 1.5000e-02 4.0100e-01 9.0000e-03 6.0000e-03  0.002
CUB051 4.4800e-01 8.7700e-01 9.3900e-01 1.9900e-01 8.1700e-01 5.4700e-01  0.652
CUB052 2.0000e-03 9.0000e-03 9.0000e-03 3.4600e-01 2.0000e-03 2.0000e-03  0.001
CUB053 8.9000e-02 3.7900e-01 4.4800e-01 3.2900e-01 5.8400e-01 1.8700e-01  0.131
CUB056 3.6000e-02 1.8500e-01 2.2400e-01 5.1800e-01 2.3300e-01 9.0000e-02  0.023
NAU101 1.0000e-03 1.0000e-03 2.0000e-03 9.7000e-02 1.0000e-03 1.0000e-03  0.001
NAU105 1.5100e-01 3.5200e-01 4.5700e-01 5.8000e-01 5.4300e-01 2.3200e-01  0.198
NAU106 5.0000e-03 3.6000e-02 4.8000e-02 9.2300e-01 1.9000e-02 2.3000e-02  0.001
NAU109 1.3100e-01 5.4700e-01 6.2900e-01 1.7200e-01 8.4500e-01 3.0400e-01  0.159
NAU110 1.4700e-01 3.2100e-01 3.8000e-01 6.2500e-01 4.8000e-01 1.9400e-01  0.190
NAU121 7.3700e-01 7.0500e-01 6.4300e-01 2.9000e-02 2.4700e-01 9.1500e-01  0.846
NAU123 9.8700e-01 4.2700e-01 3.4600e-01 1.1000e-02 7.3000e-02 8.4600e-01  0.446
NAU132 2.4000e-02 1.4000e-02 2.1000e-02 9.7000e-02 2.3000e-02 1.1000e-02  0.021
NAU133 8.0000e-03 2.6000e-02 2.8000e-02 3.1800e-01 1.6000e-02 9.0000e-03  0.006
NAU134 9.8000e-01 6.0900e-01 5.3100e-01 5.6000e-02 2.6500e-01 9.2900e-01  0.709
NAU136 6.9700e-01 7.9000e-01 6.9400e-01 5.4000e-02 3.5200e-01 8.8200e-01  0.952
NAU147 1.8300e-01 4.9900e-01 5.9200e-01 3.4800e-01 7.4500e-01 3.2600e-01  0.251
NAU148 8.3400e-01 3.4500e-01 2.8800e-01 1.4000e-02 5.7000e-02 7.2500e-01  0.318
NAU149 1.6000e-02 7.7000e-02 1.0300e-01 8.1800e-01 9.2000e-02 3.7000e-02  0.005
NAU150 7.4800e-01 5.9600e-01 5.4100e-01 1.6000e-02 1.4300e-01 9.3400e-01  0.748
NAU154 1.5000e-01 4.9800e-01 5.9000e-01 2.1900e-01 7.5000e-01 2.9600e-01  0.156
NAU155 9.3200e-01 5.2800e-01 5.4400e-01 5.8000e-02 2.8700e-01 8.2900e-01  0.616
NAU157 9.9000e-01 4.4700e-01 4.2200e-01 1.5000e-02 9.1000e-02 8.5600e-01  0.510
NAU160 7.0000e-03 3.4000e-02 6.3000e-02 9.0100e-01 2.1000e-02 2.5000e-02  0.001
NAU164 5.6000e-02 1.3900e-01 1.5800e-01 8.7700e-01 1.6500e-01 8.3000e-02  0.070
NCS203 6.8600e-01 3.4900e-01 3.1200e-01 2.8000e-02 1.5000e-01 5.8500e-01  0.395
NCS204 5.2100e-01 9.8000e-01 9.6600e-01 1.1600e-01 6.3400e-01 6.5100e-01  0.747
NCS210 2.0000e-02 4.7000e-02 5.4000e-02 6.0400e-01 5.0000e-02 2.3000e-02  0.012
NCS212 2.8300e-01 6.5300e-01 7.1000e-01 2.6200e-01 9.2300e-01 4.1800e-01  0.391
NCS213 4.0500e-01 1.2400e-01 1.0800e-01 6.0000e-03 1.2000e-02 3.6900e-01  0.069
NCS214            4.7700e-01 4.5100e-01 1.9000e-02 1.3400e-01 8.6300e-01  0.564
NCS233 4.7178e-01            9.1500e-01 7.8000e-02 5.8900e-01 6.3600e-01  0.752
NCS234 4.2354e-01 9.1638e-01            9.5000e-02 7.0400e-01 5.8700e-01  0.659
NCS243 2.3140e-02 8.4138e-02 1.1405e-01            1.0600e-01 4.5000e-02  0.012
NCS248 1.4093e-01 5.7372e-01 6.7351e-01 1.0409e-01            2.8300e-01  0.159
NCS253 8.5454e-01 6.3566e-01 5.8245e-01 4.8247e-02 2.9678e-01             0.771
NCS263 5.3700e-01 7.4496e-01 6.4947e-01 2.0925e-02 1.6470e-01 7.7939e-01       
