Analysis of Variance Table

Response: Distances
           Df  Sum Sq   Mean Sq F value    Pr(>F)    
Groups     79 0.38873 0.0049206  3.6252 < 2.2e-16 ***
Residuals 595 0.80761 0.0013573                      
---
Signif. codes:  0 ‘***’ 0.001 ‘**’ 0.01 ‘*’ 0.05 ‘.’ 0.1 ‘ ’ 1 

Permutation test for homogeneity of multivariate dispersions

No. of permutations: 999  

**** STRATA ****
Permutations are unstratified

**** SAMPLES ****
Permutation type: free 
Mirrored permutations for Samples?: No 

Response: Distances
           Df  Sum Sq   Mean Sq      F N.Perm Pr(>F)    
Groups     79 0.38873 0.0049206 3.6252    999  0.001 ***
Residuals 595 0.80761 0.0013573                         
---
Signif. codes:  0 ‘***’ 0.001 ‘**’ 0.01 ‘*’ 0.05 ‘.’ 0.1 ‘ ’ 1 

Pairwise comparisons:
(Observed p-value below diagonal, permuted p-value above diagonal)
           CUB000     CUB003     CUB004     CUB007     CUB008     CUB009
CUB000            3.0000e-03 2.6000e-02 4.8100e-01 2.4000e-02 6.0000e-03
CUB003 1.3859e-03            1.0000e-03 1.2000e-02 1.1700e-01 2.7100e-01
CUB004 2.2441e-02 3.4269e-05            1.9000e-02 1.0000e-03 1.0000e-03
CUB007 4.7340e-01 1.6891e-02 2.0121e-02            2.0600e-01 7.6000e-02
CUB008 2.2906e-02 1.1678e-01 1.8445e-04 1.9820e-01            5.7100e-01
CUB009 6.1717e-03 2.7916e-01 4.8931e-05 8.7083e-02 5.6773e-01           
CUB010 3.5470e-03 1.4057e-01 6.8288e-06 9.1378e-02 7.3855e-01 7.3879e-01
CUB011 2.2469e-02 1.9897e-01 2.5115e-04 1.9812e-01 8.7362e-01 7.0780e-01
CUB012 3.4654e-02 5.6180e-02 1.6596e-04 2.9199e-01 7.1492e-01 3.3401e-01
CUB015 4.8293e-04 7.6838e-01 3.7246e-06 1.5194e-02 1.2987e-01 3.3442e-01
CUB016 1.4469e-03 8.9039e-01 4.5893e-05 1.7933e-02 1.0050e-01 2.3455e-01
CUB017 2.7592e-01 9.8038e-03 2.0842e-03 8.8161e-01 1.6764e-01 5.4793e-02
CUB019 6.2341e-02 7.4618e-02 7.1467e-04 3.5373e-01 7.1248e-01 3.6505e-01
CUB026 1.5006e-01 1.5308e-01 8.8316e-03 4.4415e-01 7.9986e-01 5.0921e-01
CUB027 1.8421e-01 4.7284e-02 4.7302e-03 5.9849e-01 4.6495e-01 2.2970e-01
CUB028 2.1728e-02 2.2600e-01 3.2754e-04 1.7110e-01 7.9581e-01 7.9295e-01
CUB029 3.0498e-02 1.2931e-01 2.3414e-04 2.6222e-01 9.2257e-01 5.1346e-01
CUB032 4.9819e-02 1.6822e-01 1.0906e-03 2.6742e-01 9.9121e-01 6.1546e-01
CUB033 2.0051e-01 4.8879e-02 6.5354e-03 6.0211e-01 4.7831e-01 2.4523e-01
CUB036 6.8203e-03 2.0001e-01 2.9848e-05 1.1795e-01 7.2029e-01 8.0803e-01
CUB037 9.8074e-02 6.5141e-03 3.2866e-05 7.1331e-01 1.5532e-01 3.4350e-02
CUB038 9.5559e-02 2.3284e-01 5.4799e-03 3.2273e-01 9.8583e-01 6.9344e-01
CUB040 2.5102e-02 1.5042e-01 2.9899e-04 1.8865e-01 9.2414e-01 6.5365e-01
CUB042 7.5946e-01 2.0246e-03 9.0772e-03 6.1730e-01 3.6008e-02 9.4165e-03
CUB044 2.4058e-02 4.1926e-01 9.0945e-04 1.2497e-01 5.6521e-01 9.0488e-01
CUB048 8.8838e-01 9.2132e-04 3.8475e-02 4.0713e-01 1.7776e-02 4.9434e-03
CUB049 9.0421e-02 4.4870e-02 4.7641e-04 5.1678e-01 4.6428e-01 1.9390e-01
CUB050 6.5417e-01 8.0973e-04 7.9700e-02 3.0003e-01 1.1780e-02 3.4352e-03
CUB051 2.7652e-02 1.4680e-01 2.3487e-04 2.4152e-01 9.8265e-01 5.6710e-01
CUB052 1.5146e-01 4.6452e-05 1.9911e-01 6.9366e-02 6.0506e-04 1.2463e-04
CUB053 2.3405e-01 3.1052e-01 3.9576e-02 4.6604e-01 9.6439e-01 7.2677e-01
CUB056 2.9273e-02 1.6176e-01 3.6676e-04 2.1944e-01 9.5687e-01 6.3198e-01
CUB061 8.1152e-01 1.2696e-03 9.1807e-03 3.7880e-01 1.2288e-02 2.6268e-03
NAU101 6.7343e-02 3.1643e-05 2.4092e-01 4.2923e-02 2.5012e-04 4.4435e-05
NAU102 2.0203e-01 8.9722e-02 8.9669e-03 5.8454e-01 5.7642e-01 3.2536e-01
NAU105 5.0812e-01 1.5466e-03 1.6386e-01 2.6240e-01 1.3378e-02 4.5553e-03
NAU106 2.2615e-01 2.1009e-02 2.4672e-03 7.6437e-01 2.6473e-01 1.0197e-01
NAU107 1.4157e-01 9.7446e-02 5.3973e-03 4.6541e-01 6.8626e-01 3.9685e-01
NAU108 3.8588e-02 6.7288e-01 9.6056e-03 8.9935e-02 2.1595e-01 3.3992e-01
NAU109 3.5358e-01 3.2155e-03 6.9446e-04 9.1659e-01 6.7783e-02 1.5351e-02
NAU110 9.2693e-01 7.8361e-04 1.3237e-02 4.0997e-01 1.3193e-02 2.9397e-03
NAU114 4.9341e-03 1.5987e-01 1.0253e-05 1.1903e-01 7.7837e-01 7.1835e-01
NAU117 7.6592e-03 5.4789e-01 1.8383e-04 7.0136e-02 3.7299e-01 6.8568e-01
NAU121 1.1078e-04 5.4947e-01 1.2679e-07 1.2582e-02 1.4379e-01 4.0738e-01
NAU123 9.0814e-02 1.3143e-02 1.2827e-04 6.0499e-01 2.6055e-01 7.6988e-02
NAU124 6.3823e-03 5.2270e-01 1.3032e-04 6.2040e-02 3.6621e-01 6.8885e-01
NAU129 8.5946e-04 4.3594e-01 3.1760e-06 3.1065e-02 2.8180e-01 6.3824e-01
NAU130 2.1403e-01 9.9648e-03 5.7227e-04 8.4838e-01 1.6016e-01 4.6012e-02
NAU132 3.4129e-01 4.6262e-03 1.2573e-03 9.6981e-01 9.1718e-02 2.3937e-02
NAU133 2.5630e-02 2.5771e-05 8.8788e-01 1.7736e-02 1.9203e-04 5.9118e-05
NAU134 1.1190e-02 9.6824e-02 1.3160e-05 2.1936e-01 8.9971e-01 4.3560e-01
NAU136 7.2720e-01 2.0052e-03 3.0824e-03 6.1470e-01 2.9912e-02 6.6371e-03
NAU139 4.1123e-03 8.4366e-02 2.7316e-06 1.3620e-01 9.7598e-01 4.9450e-01
NAU144 8.4001e-02 1.9971e-02 1.3463e-04 5.7563e-01 3.1212e-01 1.0042e-01
NAU147 1.0667e-01 2.1794e-01 6.0039e-03 3.5832e-01 9.5864e-01 6.4363e-01
NAU148 2.6528e-03 7.3525e-01 5.2299e-05 3.5653e-02 2.1602e-01 4.5725e-01
NAU149 5.3152e-01 9.7387e-03 1.6715e-02 9.0047e-01 1.3428e-01 5.2083e-02
NAU150 2.5717e-03 3.7137e-01 1.4401e-05 5.8516e-02 4.1279e-01 8.1034e-01
NAU153 4.7070e-02 8.3520e-02 3.8468e-04 3.2689e-01 7.5238e-01 3.8276e-01
NAU154 5.5267e-02 1.1840e-01 9.6577e-04 2.9648e-01 8.7564e-01 5.0543e-01
NAU155 5.5813e-03 7.1560e-01 1.6852e-04 4.7304e-02 2.6515e-01 5.2111e-01
NAU157 3.5826e-04 3.6816e-01 5.5414e-07 2.2738e-02 2.6861e-01 6.5670e-01
NAU159 1.3214e-01 2.3638e-02 3.8168e-04 6.7056e-01 2.8813e-01 9.8643e-02
NAU160 2.9368e-01 2.8884e-02 7.6597e-03 7.9720e-01 2.9981e-01 1.3390e-01
NAU161 3.8760e-01 5.5865e-04 5.2408e-02 1.9824e-01 4.3311e-03 9.6387e-04
NAU164 7.1307e-01 1.8118e-02 5.5118e-02 8.0553e-01 1.5146e-01 7.0741e-02
NCS203 3.7377e-02 2.0789e-01 8.6925e-04 2.0978e-01 8.7724e-01 7.3647e-01
NCS204 7.6871e-03 8.9745e-02 1.1851e-05 1.6018e-01 9.9268e-01 4.9695e-01
NCS210 4.4457e-01 2.9283e-02 2.4277e-02 9.3394e-01 2.6459e-01 1.2860e-01
NCS212 3.6617e-02 1.9128e-01 7.0547e-04 2.2546e-01 9.2198e-01 6.8610e-01
NCS213 1.1718e-03 5.8852e-01 8.6754e-06 3.1072e-02 2.2936e-01 5.1493e-01
NCS214 1.3383e-02 9.1067e-01 9.8887e-04 6.8303e-02 2.6198e-01 4.6658e-01
NCS233 9.3873e-03 1.5971e-01 4.5887e-05 1.3351e-01 8.1115e-01 7.1557e-01
NCS234 2.7688e-02 9.3466e-01 3.8547e-03 8.4160e-02 2.6770e-01 4.4275e-01
NCS237 5.9574e-05 1.8089e-01 2.5452e-06 1.4735e-03 5.3870e-03 1.5865e-02
NCS243 8.0547e-01 4.3111e-03 2.3011e-02 6.3903e-01 5.6028e-02 1.8416e-02
NCS248 6.1369e-03 3.8485e-02 1.1209e-06 2.1428e-01 6.9890e-01 2.4945e-01
NCS253 2.7294e-02 3.1178e-02 1.6144e-05 3.7909e-01 4.8521e-01 1.6497e-01
NCS255 9.9578e-04 5.9571e-01 6.7038e-06 2.8948e-02 2.1829e-01 4.9857e-01
NCS263 1.1443e-02 2.0547e-01 6.8505e-05 1.5482e-01 7.9025e-01 7.6010e-01
           CUB010     CUB011     CUB012     CUB015     CUB016     CUB017
CUB000 5.0000e-03 2.2000e-02 3.1000e-02 2.0000e-03 2.0000e-03 3.0300e-01
CUB003 1.3300e-01 1.8300e-01 5.3000e-02 7.7200e-01 8.8200e-01 8.0000e-03
CUB004 1.0000e-03 1.0000e-03 1.0000e-03 1.0000e-03 1.0000e-03 3.0000e-03
CUB007 9.7000e-02 1.9500e-01 3.1700e-01 1.5000e-02 1.3000e-02 8.8800e-01
CUB008 7.5400e-01 8.7300e-01 7.3600e-01 1.0700e-01 8.8000e-02 1.7900e-01
CUB009 7.3200e-01 7.1200e-01 3.6100e-01 3.3300e-01 2.3800e-01 4.7000e-02
CUB010            9.0000e-01 4.6900e-01 1.3700e-01 1.1000e-01 6.7000e-02
CUB011 8.9613e-01            6.1200e-01 1.9600e-01 1.6100e-01 1.3400e-01
CUB012 4.3250e-01 6.0863e-01            5.0000e-02 4.5000e-02 2.8900e-01
CUB015 1.4471e-01 2.0329e-01 5.1567e-02            6.6000e-01 3.0000e-03
CUB016 1.1007e-01 1.6988e-01 4.7579e-02 6.5766e-01            1.4000e-02
CUB017 5.1586e-02 1.4450e-01 2.6357e-01 5.3536e-03 8.9913e-03           
CUB019 4.5825e-01 6.2308e-01 9.6689e-01 7.3714e-02 6.6370e-02 3.3692e-01
CUB026 6.0877e-01 7.3607e-01 9.9911e-01 1.8097e-01 1.4847e-01 4.5394e-01
CUB027 2.7210e-01 4.2603e-01 6.4995e-01 4.7584e-02 4.5777e-02 6.3838e-01
CUB028 9.9617e-01 9.2437e-01 5.4562e-01 2.5733e-01 1.9667e-01 1.3253e-01
CUB029 6.4751e-01 8.0147e-01 8.0028e-01 1.1436e-01 1.0881e-01 2.0330e-01
CUB032 7.6563e-01 8.8399e-01 7.6218e-01 1.8796e-01 1.5125e-01 2.3924e-01
CUB033 2.9502e-01 4.4561e-01 6.6336e-01 5.4990e-02 4.8730e-02 6.4956e-01
CUB036 9.4385e-01 8.6246e-01 4.4085e-01 2.0565e-01 1.6267e-01 6.8457e-02
CUB037 2.4410e-02 1.0138e-01 2.5907e-01 1.5324e-03 4.8048e-03 7.8173e-01
CUB038 8.3118e-01 9.2356e-01 7.7898e-01 2.8239e-01 2.2043e-01 3.1617e-01
CUB040 8.3700e-01 9.4973e-01 6.5573e-01 1.7793e-01 1.3194e-01 1.6276e-01
CUB042 5.7968e-03 3.2489e-02 5.5771e-02 6.9222e-04 1.9857e-03 4.0474e-01
CUB044 7.0551e-01 6.9749e-01 3.8346e-01 5.3598e-01 3.8041e-01 1.1116e-01
CUB048 3.0867e-03 1.9458e-02 2.7856e-02 3.9434e-04 1.0365e-03 2.3275e-01
CUB049 2.1136e-01 3.8271e-01 6.6793e-01 2.6945e-02 3.7742e-02 4.9941e-01
CUB050 1.8337e-03 1.3482e-02 1.7188e-02 3.0466e-04 9.3991e-04 1.4814e-01
CUB051 7.1827e-01 8.5943e-01 7.4114e-01 1.3582e-01 1.2398e-01 1.8344e-01
CUB052 2.7503e-05 6.9010e-04 7.2711e-04 6.4108e-06 5.4898e-05 1.3108e-02
CUB053 8.3063e-01 9.0479e-01 8.8133e-01 3.9330e-01 3.1159e-01 4.9426e-01
CUB056 8.0146e-01 9.2153e-01 6.9051e-01 1.7215e-01 1.4030e-01 1.7859e-01
CUB061 6.6765e-04 8.5368e-03 1.4945e-02 1.5989e-04 1.1479e-03 1.5065e-01
NAU101 4.7257e-06 2.1902e-04 2.3113e-04 1.9875e-06 3.4249e-05 4.2255e-03
NAU102 3.7805e-01 5.3156e-01 7.5907e-01 9.0531e-02 8.6713e-02 6.0724e-01
NAU105 2.1774e-03 1.5518e-02 1.7434e-02 5.4544e-04 1.8146e-03 1.2080e-01
NAU106 1.0389e-01 2.3026e-01 3.9513e-01 1.3340e-02 1.9233e-02 8.3915e-01
NAU107 4.8205e-01 6.2802e-01 8.9658e-01 1.1294e-01 9.4224e-02 4.8213e-01
NAU108 2.4725e-01 3.2288e-01 1.6174e-01 5.7013e-01 7.5517e-01 8.5483e-02
NAU109 9.4944e-03 4.9854e-02 1.0913e-01 8.3767e-04 2.7017e-03 7.1739e-01
NAU110 1.2521e-03 1.1512e-02 1.9243e-02 1.7387e-04 7.6867e-04 2.0166e-01
NAU114 9.6190e-01 9.2764e-01 4.7147e-01 1.4556e-01 1.2523e-01 6.2164e-02
NAU117 4.6078e-01 4.9563e-01 2.1769e-01 6.8434e-01 4.8201e-01 4.6211e-02
NAU121 1.4721e-01 2.0514e-01 4.5194e-02 7.1569e-01 4.3938e-01 2.2768e-03
NAU123 7.4610e-02 1.9778e-01 4.1827e-01 5.5422e-03 1.0485e-02 6.3322e-01
NAU124 4.6143e-01 4.9305e-01 2.1057e-01 6.6377e-01 4.5768e-01 4.1966e-02
NAU129 3.4941e-01 3.8974e-01 1.2406e-01 5.4835e-01 3.5597e-01 1.1583e-02
NAU130 3.6485e-02 1.2226e-01 2.5008e-01 3.5718e-03 8.3280e-03 9.5898e-01
NAU132 1.7705e-02 7.3120e-02 1.4747e-01 1.6326e-03 4.0580e-03 7.9708e-01
NAU133 1.3034e-05 3.4981e-04 2.0565e-04 5.1318e-06 3.9634e-05 2.6967e-03
NAU134 5.5683e-01 7.4846e-01 7.7813e-01 6.1775e-02 7.4021e-02 1.3205e-01
NAU136 2.8465e-03 2.2067e-02 4.3285e-02 3.9121e-04 1.7702e-03 3.6870e-01
NAU139 6.7899e-01 8.5796e-01 6.2219e-01 6.1024e-02 6.2302e-02 7.2564e-02
NAU144 9.7155e-02 2.3715e-01 4.8351e-01 8.4331e-03 1.5868e-02 5.8052e-01
NAU147 7.6953e-01 8.7392e-01 8.3438e-01 2.5230e-01 2.0563e-01 3.4652e-01
NAU148 2.5481e-01 3.1502e-01 1.0897e-01 9.2665e-01 6.4462e-01 1.8725e-02
NAU149 5.0251e-02 1.3345e-01 2.0399e-01 7.2535e-03 1.0223e-02 7.5641e-01
NAU150 5.2101e-01 5.3533e-01 2.1223e-01 4.4160e-01 3.0685e-01 2.6884e-02
NAU153 4.7828e-01 6.4881e-01 9.8211e-01 7.3710e-02 7.1646e-02 2.8905e-01
NAU154 6.3573e-01 7.7630e-01 8.7020e-01 1.3173e-01 1.0687e-01 2.7753e-01
NAU155 3.2772e-01 3.8078e-01 1.4992e-01 8.9719e-01 6.3583e-01 3.2512e-02
NAU157 3.4071e-01 3.7635e-01 1.0663e-01 4.6155e-01 2.8950e-01 6.9547e-03
NAU159 8.9262e-02 2.2269e-01 4.3125e-01 9.9321e-03 1.9406e-02 7.0057e-01
NAU160 1.4427e-01 2.7794e-01 4.3181e-01 2.3689e-02 2.8251e-02 8.7623e-01
NAU161 1.9360e-04 3.4217e-03 4.7150e-03 6.3642e-05 5.5380e-04 5.1798e-02
NAU164 6.6207e-02 1.5847e-01 2.1255e-01 1.4407e-02 1.9801e-02 6.6818e-01
NCS203 9.1483e-01 9.9564e-01 6.3679e-01 2.5111e-01 1.8736e-01 1.8698e-01
NCS204 6.6992e-01 8.3959e-01 6.7376e-01 7.3126e-02 6.9364e-02 1.0123e-01
NCS210 1.3747e-01 2.6167e-01 3.7342e-01 2.7486e-02 3.0727e-02 9.6655e-01
NCS212 8.5736e-01 9.6100e-01 6.7225e-01 2.1573e-01 1.6979e-01 1.9200e-01
NCS213 2.6661e-01 3.2309e-01 1.0270e-01 7.4754e-01 4.9743e-01 1.1969e-02
NCS214 3.0758e-01 3.7204e-01 1.6458e-01 9.1624e-01 8.3159e-01 5.1470e-02
NCS233 9.3922e-01 9.5531e-01 5.2204e-01 1.6903e-01 1.3134e-01 9.0014e-02
NCS234 3.1933e-01 3.8397e-01 1.8882e-01 7.8999e-01 9.8765e-01 7.9258e-02
NCS237 3.2670e-03 1.3771e-02 1.7960e-03 6.7235e-02 2.4501e-01 3.4875e-04
NCS243 1.3124e-02 5.4960e-02 8.3297e-02 2.0130e-03 4.4731e-03 4.4878e-01
NCS248 3.1245e-01 5.3166e-01 9.5098e-01 1.7131e-02 2.6714e-02 1.2915e-01
NCS253 1.7807e-01 3.6293e-01 7.4100e-01 1.3067e-02 2.3151e-02 3.1164e-01
NCS255 2.5082e-01 3.0860e-01 9.5313e-02 7.5824e-01 5.0236e-01 1.0570e-02
NCS263 9.8101e-01 9.2541e-01 5.1270e-01 2.0144e-01 1.6959e-01 9.5059e-02
           CUB019     CUB026     CUB027     CUB028     CUB029     CUB032
CUB000 6.7000e-02 1.5200e-01 1.9400e-01 2.1000e-02 2.4000e-02 4.6000e-02
CUB003 7.5000e-02 1.5100e-01 4.1000e-02 2.2200e-01 1.2800e-01 1.9600e-01
CUB004 3.0000e-03 6.0000e-03 6.0000e-03 1.0000e-03 2.0000e-03 3.0000e-03
CUB007 3.4900e-01 4.6600e-01 6.3800e-01 1.8800e-01 2.6200e-01 2.8400e-01
CUB008 7.1000e-01 8.0600e-01 4.8200e-01 8.0300e-01 9.2100e-01 9.9100e-01
CUB009 3.7600e-01 5.2900e-01 2.5100e-01 8.0100e-01 5.2600e-01 6.2200e-01
CUB010 4.9500e-01 6.3600e-01 2.9600e-01 9.9800e-01 6.4300e-01 8.0000e-01
CUB011 6.2600e-01 7.3300e-01 4.2900e-01 9.2200e-01 8.2000e-01 8.8800e-01
CUB012 9.6100e-01 1.0000e+00 6.5300e-01 5.7700e-01 8.0700e-01 7.8200e-01
CUB015 7.7000e-02 1.9300e-01 4.4000e-02 2.6300e-01 1.1600e-01 1.7500e-01
CUB016 6.3000e-02 1.5600e-01 3.4000e-02 2.0000e-01 9.7000e-02 1.4700e-01
CUB017 3.6800e-01 4.7000e-01 6.4100e-01 1.2900e-01 2.1400e-01 2.6200e-01
CUB019            9.8100e-01 7.3100e-01 5.8700e-01 7.9100e-01 7.6200e-01
CUB026 9.7627e-01            7.5200e-01 6.8500e-01 8.9000e-01 8.4900e-01
CUB027 7.0540e-01 7.4417e-01            4.3300e-01 5.6900e-01 5.3400e-01
CUB028 5.6268e-01 6.7718e-01 3.7867e-01            7.4900e-01 8.1600e-01
CUB029 7.9380e-01 8.7102e-01 5.4726e-01 7.3617e-01            9.4700e-01
CUB032 7.5877e-01 8.3211e-01 5.3302e-01 8.1614e-01 9.4231e-01           
CUB033 7.1526e-01 7.4690e-01 9.9782e-01 3.9301e-01 5.6719e-01 5.4348e-01
CUB036 4.6994e-01 6.1884e-01 3.0081e-01 9.5480e-01 6.3675e-01 7.5153e-01
CUB037 3.5067e-01 4.9664e-01 7.2966e-01 1.0827e-01 1.4993e-01 2.3243e-01
CUB038 7.7539e-01 8.3466e-01 5.7343e-01 8.6359e-01 9.3360e-01 9.8122e-01
CUB040 6.5911e-01 7.5189e-01 4.3350e-01 8.7276e-01 8.5642e-01 9.2599e-01
CUB042 9.3963e-02 2.0007e-01 2.5858e-01 3.1874e-02 4.4839e-02 7.1692e-02
CUB044 4.0564e-01 5.0784e-01 2.7221e-01 7.5194e-01 5.5553e-01 6.0974e-01
CUB048 5.0211e-02 1.2182e-01 1.5086e-01 1.7489e-02 2.7153e-02 3.9886e-02
CUB049 7.3491e-01 7.8574e-01 9.3400e-01 3.5850e-01 5.1146e-01 5.4067e-01
CUB050 3.3609e-02 9.5177e-02 1.0702e-01 1.2544e-02 1.7883e-02 2.8981e-02
CUB051 7.4152e-01 8.3089e-01 5.0941e-01 7.9019e-01 9.3999e-01 9.9345e-01
CUB052 2.4917e-03 1.9396e-02 1.5450e-02 8.1196e-04 7.9447e-04 2.7734e-03
CUB053 8.7235e-01 9.0332e-01 6.9912e-01 8.5604e-01 9.9203e-01 9.7364e-01
CUB056 6.9405e-01 7.8671e-01 4.7187e-01 8.4840e-01 8.8566e-01 9.5485e-01
CUB061 3.5500e-02 1.2986e-01 1.3548e-01 1.1927e-02 9.2840e-03 3.2889e-02
NAU101 1.0701e-03 1.3893e-02 8.7406e-03 3.6035e-04 1.9673e-04 1.4527e-03
NAU102 8.0464e-01 8.2696e-01 9.3426e-01 4.8352e-01 6.5296e-01 6.3586e-01
NAU105 3.4472e-02 1.0119e-01 1.0232e-01 1.5189e-02 1.8929e-02 3.2705e-02
NAU106 4.7020e-01 5.6970e-01 7.8229e-01 2.1098e-01 3.1204e-01 3.4340e-01
NAU107 9.3058e-01 9.2295e-01 8.0581e-01 5.6838e-01 7.6788e-01 7.3244e-01
NAU108 1.8614e-01 2.4868e-01 1.4482e-01 3.1879e-01 2.7384e-01 2.7452e-01
NAU109 1.7042e-01 3.0972e-01 4.3134e-01 5.2613e-02 7.0749e-02 1.2038e-01
NAU110 3.9999e-02 1.2119e-01 1.4249e-01 1.2529e-02 1.5089e-02 3.2966e-02
NAU114 4.9999e-01 6.5352e-01 3.1522e-01 9.7615e-01 6.7816e-01 8.0196e-01
NAU117 2.5022e-01 3.7946e-01 1.6682e-01 5.5492e-01 3.5917e-01 4.3588e-01
NAU121 7.0733e-02 2.0612e-01 4.5784e-02 2.9443e-01 9.3237e-02 2.0834e-01
NAU123 5.0454e-01 6.0995e-01 8.8209e-01 1.8884e-01 2.8738e-01 3.4326e-01
NAU124 2.4120e-01 3.6585e-01 1.5572e-01 5.5203e-01 3.5489e-01 4.2802e-01
NAU129 1.5842e-01 3.1000e-01 9.7956e-02 4.7899e-01 2.3210e-01 3.5051e-01
NAU130 3.3197e-01 4.6957e-01 6.5547e-01 1.2239e-01 1.7136e-01 2.3521e-01
NAU132 2.1351e-01 3.4754e-01 4.8657e-01 7.2082e-02 1.0431e-01 1.5084e-01
NAU133 7.5359e-04 7.1172e-03 4.2431e-03 3.5132e-04 3.8144e-04 1.0473e-03
NAU134 7.7420e-01 8.6791e-01 5.0993e-01 6.8721e-01 9.8697e-01 9.2482e-01
NAU136 8.1284e-02 2.0165e-01 2.4980e-01 2.5812e-02 2.8355e-02 6.4259e-02
NAU139 6.3315e-01 7.6399e-01 3.8425e-01 7.7241e-01 8.6854e-01 9.6921e-01
NAU144 5.6887e-01 6.6467e-01 9.3969e-01 2.2936e-01 3.3580e-01 3.9684e-01
NAU147 8.2685e-01 8.7956e-01 6.1977e-01 8.1508e-01 9.8376e-01 9.7065e-01
NAU148 1.3804e-01 2.5769e-01 9.2041e-02 3.6661e-01 2.0833e-01 2.8099e-01
NAU149 2.6361e-01 3.6659e-01 4.9578e-01 1.1619e-01 1.8111e-01 1.9720e-01
NAU150 2.5113e-01 4.1324e-01 1.6094e-01 6.2755e-01 3.5262e-01 4.7707e-01
NAU153 9.5358e-01 9.8892e-01 6.6497e-01 5.9086e-01 8.2969e-01 7.9521e-01
NAU154 8.5464e-01 9.0851e-01 5.9774e-01 7.0858e-01 9.5113e-01 9.0030e-01
NAU155 1.7779e-01 2.8632e-01 1.1631e-01 4.2343e-01 2.7220e-01 3.2808e-01
NAU157 1.3993e-01 2.9445e-01 8.2214e-02 4.7670e-01 2.0822e-01 3.3749e-01
NAU159 5.1735e-01 6.2781e-01 8.6310e-01 2.1943e-01 3.0480e-01 3.7323e-01
NAU160 4.9929e-01 5.8275e-01 7.8394e-01 2.4831e-01 3.6440e-01 3.7582e-01
NAU161 1.3499e-02 7.0494e-02 6.1886e-02 4.8988e-03 3.4552e-03 1.4418e-02
NAU164 2.7028e-01 3.7263e-01 4.6990e-01 1.3970e-01 2.0230e-01 2.1719e-01
NCS203 6.4346e-01 7.3339e-01 4.4066e-01 9.3420e-01 8.2226e-01 8.8606e-01
NCS204 6.7780e-01 7.9107e-01 4.2225e-01 7.5855e-01 9.1090e-01 9.9629e-01
NCS210 4.3562e-01 5.1843e-01 6.8259e-01 2.2962e-01 3.3563e-01 3.3749e-01
NCS212 6.7749e-01 7.6808e-01 4.6773e-01 8.9019e-01 8.5895e-01 9.2508e-01
NCS213 1.3509e-01 2.7591e-01 8.8763e-02 3.9752e-01 1.9474e-01 2.9781e-01
NCS214 1.9364e-01 2.9526e-01 1.3872e-01 4.0031e-01 2.8367e-01 3.2576e-01
NCS233 5.4068e-01 6.7044e-01 3.4166e-01 9.5714e-01 7.3190e-01 8.2884e-01
NCS234 2.1317e-01 2.8524e-01 1.5468e-01 3.9286e-01 3.1414e-01 3.2662e-01
NCS237 4.0270e-03 2.2540e-02 3.6378e-03 1.7525e-02 7.0854e-03 1.4895e-02
NCS243 1.2782e-01 2.3701e-01 2.9924e-01 5.1338e-02 7.3587e-02 1.0063e-01
NCS248 9.1745e-01 9.7220e-01 5.6920e-01 4.9042e-01 7.6990e-01 7.5467e-01
NCS253 8.1034e-01 8.4305e-01 8.1325e-01 3.4696e-01 5.1892e-01 5.6377e-01
NCS255 1.2722e-01 2.6767e-01 8.3766e-02 3.8372e-01 1.8255e-01 2.8662e-01
NCS263 5.3805e-01 6.7653e-01 3.5887e-01 9.8929e-01 7.0707e-01 8.1278e-01
           CUB033     CUB036     CUB037     CUB038     CUB040     CUB042
CUB000 2.0800e-01 4.0000e-03 1.3100e-01 9.9000e-02 2.3000e-02 7.5700e-01
CUB003 4.7000e-02 2.1000e-01 6.0000e-03 2.3600e-01 1.4700e-01 3.0000e-03
CUB004 9.0000e-03 1.0000e-03 1.0000e-03 7.0000e-03 1.0000e-03 1.2000e-02
CUB007 6.1300e-01 1.0600e-01 7.2300e-01 3.4100e-01 2.0100e-01 6.2400e-01
CUB008 5.0100e-01 7.5000e-01 1.7000e-01 9.7900e-01 9.2800e-01 4.3000e-02
CUB009 2.8500e-01 8.2200e-01 3.7000e-02 7.1000e-01 6.6500e-01 7.0000e-03
CUB010 3.2000e-01 9.5400e-01 3.2000e-02 8.2500e-01 8.4600e-01 7.0000e-03
CUB011 4.3400e-01 8.6300e-01 9.5000e-02 9.3500e-01 9.4400e-01 3.0000e-02
CUB012 6.9300e-01 4.5600e-01 2.7100e-01 7.7500e-01 6.9100e-01 5.8000e-02
CUB015 5.4000e-02 2.0800e-01 2.0000e-03 2.6300e-01 1.7200e-01 1.0000e-03
CUB016 4.6000e-02 1.5800e-01 2.0000e-03 2.0900e-01 1.1900e-01 2.0000e-03
CUB017 6.8000e-01 7.1000e-02 7.9600e-01 3.2900e-01 1.6700e-01 4.3500e-01
CUB019 7.2100e-01 4.8000e-01 3.5300e-01 8.1400e-01 6.6000e-01 9.4000e-02
CUB026 7.7300e-01 6.4000e-01 5.2600e-01 8.4600e-01 7.6700e-01 1.8400e-01
CUB027 9.9600e-01 3.3900e-01 7.3600e-01 6.0700e-01 4.7500e-01 2.7100e-01
CUB028 4.2100e-01 9.5000e-01 1.2100e-01 8.6600e-01 8.9500e-01 3.8000e-02
CUB029 5.7500e-01 6.4300e-01 1.5300e-01 9.2500e-01 8.6500e-01 3.0000e-02
CUB032 5.6900e-01 7.6100e-01 2.5200e-01 9.7800e-01 9.3900e-01 7.9000e-02
CUB033            3.3800e-01 7.4800e-01 5.8100e-01 4.8000e-01 2.8800e-01
CUB036 3.2441e-01            3.3000e-02 8.3200e-01 8.3500e-01 1.4000e-02
CUB037 7.4483e-01 3.1900e-02            3.4600e-01 1.5800e-01 1.8300e-01
CUB038 5.7601e-01 8.1794e-01 3.3537e-01            9.5000e-01 1.3700e-01
CUB040 4.4422e-01 8.1123e-01 1.5553e-01 9.5730e-01            3.3000e-02
CUB042 2.7798e-01 1.0255e-02 1.6848e-01 1.2877e-01 3.8624e-02           
CUB044 2.7260e-01 7.6722e-01 1.1096e-01 6.6384e-01 6.2960e-01 3.4469e-02
CUB048 1.6242e-01 6.1537e-03 9.0127e-02 7.5657e-02 1.9097e-02 6.6066e-01
CUB049 9.3971e-01 2.3212e-01 5.0893e-01 6.0568e-01 4.3878e-01 1.3532e-01
CUB050 1.1770e-01 3.9702e-03 4.4923e-02 6.0092e-02 1.3228e-02 4.5656e-01
CUB051 5.2960e-01 7.0101e-01 1.3251e-01 9.7520e-01 9.1283e-01 4.0469e-02
CUB052 1.9904e-02 9.5297e-05 5.9889e-04 1.1031e-02 8.5958e-04 7.1991e-02
CUB053 6.9277e-01 8.2668e-01 5.4363e-01 9.6157e-01 9.2150e-01 2.8683e-01
CUB056 4.8713e-01 7.7903e-01 1.5306e-01 9.8188e-01 9.7076e-01 4.3352e-02
CUB061 1.6102e-01 1.4525e-03 6.4562e-03 8.4719e-02 1.5918e-02 5.4304e-01
NAU101 1.2679e-02 1.8760e-05 1.6644e-05 8.0453e-03 4.2223e-04 2.5349e-02
NAU102 9.3737e-01 4.0476e-01 6.7302e-01 6.6809e-01 5.4277e-01 2.7015e-01
NAU105 1.1391e-01 4.7444e-03 3.1227e-02 6.8349e-02 1.5538e-02 3.4781e-01
NAU106 7.8831e-01 1.2712e-01 9.9752e-01 4.1790e-01 2.5369e-01 3.2662e-01
NAU107 8.0930e-01 5.0037e-01 5.3705e-01 7.4622e-01 6.4028e-01 1.9558e-01
NAU108 1.3319e-01 3.1371e-01 8.7362e-02 3.0624e-01 2.3812e-01 4.6647e-02
NAU109 4.5588e-01 1.4789e-02 3.6638e-01 2.0170e-01 7.1334e-02 5.3737e-01
NAU110 1.6152e-01 2.6463e-03 4.1473e-02 7.4913e-02 1.5469e-02 6.6396e-01
NAU114 3.4348e-01 9.0932e-01 1.9676e-02 8.6347e-01 8.7307e-01 7.4500e-03
NAU117 1.7506e-01 5.3814e-01 3.2505e-02 5.1793e-01 4.3913e-01 1.0906e-02
NAU121 5.8720e-02 2.0873e-01 8.3547e-05 3.3164e-01 2.0909e-01 1.4819e-04
NAU123 8.8600e-01 9.0043e-02 7.3721e-01 4.3105e-01 2.4916e-01 1.4909e-01
NAU124 1.6251e-01 5.3951e-01 3.1162e-02 5.0785e-01 4.3236e-01 9.3524e-03
NAU129 1.1287e-01 4.3217e-01 2.9228e-03 4.6183e-01 3.6074e-01 1.2697e-03
NAU130 6.7152e-01 4.8670e-02 7.8529e-01 3.2853e-01 1.6007e-01 3.2815e-01
NAU132 5.0653e-01 2.6209e-02 4.9477e-01 2.3136e-01 9.3389e-02 5.0845e-01
NAU133 5.3195e-03 5.5306e-05 1.6824e-04 4.3237e-03 2.7742e-04 1.1689e-02
NAU134 5.4015e-01 5.4031e-01 3.6412e-02 9.2056e-01 8.2824e-01 1.6637e-02
NAU136 2.7715e-01 5.2122e-03 8.4923e-02 1.3065e-01 3.4391e-02 9.9023e-01
NAU139 4.1535e-01 6.4710e-01 2.0159e-02 9.9960e-01 9.3303e-01 6.6039e-03
NAU144 9.4076e-01 1.1353e-01 6.3399e-01 4.8450e-01 2.9891e-01 1.3435e-01
NAU147 6.2469e-01 7.6260e-01 3.6129e-01 9.5805e-01 9.0440e-01 1.4243e-01
NAU148 9.9498e-02 3.2829e-01 9.9009e-03 3.7031e-01 2.7070e-01 3.7420e-03
NAU149 5.0367e-01 6.9733e-02 5.5974e-01 2.5763e-01 1.3011e-01 6.9796e-01
NAU150 1.7961e-01 6.0271e-01 9.1271e-03 5.7932e-01 4.9904e-01 3.7364e-03
NAU153 6.7910e-01 4.8515e-01 2.6944e-01 8.1050e-01 6.9704e-01 7.1044e-02
NAU154 6.0693e-01 6.3379e-01 2.8491e-01 8.9477e-01 8.1352e-01 8.1544e-02
NAU155 1.1950e-01 4.0401e-01 2.5126e-02 4.0250e-01 3.1797e-01 8.0087e-03
NAU157 9.7622e-02 4.2576e-01 1.1236e-03 4.5537e-01 3.5272e-01 5.4385e-04
NAU159 8.6890e-01 1.0667e-01 8.0677e-01 4.6507e-01 2.8055e-01 2.0104e-01
NAU160 7.8724e-01 1.7300e-01 9.7922e-01 4.3720e-01 2.8478e-01 4.0178e-01
NAU161 7.7827e-02 5.1103e-04 1.1156e-03 4.5412e-02 6.0674e-03 2.1569e-01
NAU164 4.7662e-01 9.0829e-02 4.9459e-01 2.7718e-01 1.4870e-01 8.7288e-01
NCS203 4.4848e-01 8.8560e-01 1.8391e-01 9.1999e-01 9.4755e-01 5.4460e-02
NCS204 4.4868e-01 6.4544e-01 4.9891e-02 9.7990e-01 9.0817e-01 1.2392e-02
NCS210 6.8494e-01 1.6889e-01 8.1741e-01 3.9137e-01 2.5178e-01 5.7245e-01
NCS212 4.7967e-01 8.3243e-01 1.7654e-01 9.5520e-01 9.9217e-01 5.3120e-02
NCS213 1.0158e-01 3.4250e-01 3.3503e-03 4.0548e-01 2.9653e-01 1.6507e-03
NCS214 1.3914e-01 3.8056e-01 4.3162e-02 3.9173e-01 3.0585e-01 1.7717e-02
NCS233 3.6171e-01 8.9546e-01 5.8552e-02 8.7994e-01 8.9878e-01 1.4673e-02
NCS234 1.4548e-01 3.8963e-01 8.1762e-02 3.6635e-01 2.9950e-01 3.5628e-02
NCS237 4.1719e-03 8.4389e-03 7.2396e-05 3.6591e-02 8.9425e-03 7.1299e-05
NCS243 3.1528e-01 2.1620e-02 2.3151e-01 1.6117e-01 5.8394e-02 9.8104e-01
NCS248 5.9927e-01 3.0893e-01 2.9505e-02 7.8612e-01 6.3703e-01 1.0186e-02
NCS253 8.2818e-01 1.8952e-01 2.0213e-01 6.3330e-01 4.5362e-01 4.4493e-02
NCS255 9.6659e-02 3.2547e-01 2.6434e-03 3.9577e-01 2.8489e-01 1.3958e-03
NCS263 3.8348e-01 9.3408e-01 4.5933e-02 8.6819e-01 8.7519e-01 1.6605e-02
           CUB044     CUB048     CUB049     CUB050     CUB051     CUB052
CUB000 3.0000e-02 8.9400e-01 8.2000e-02 6.6800e-01 1.7000e-02 1.5200e-01
CUB003 4.4900e-01 1.0000e-03 3.9000e-02 1.0000e-03 1.3200e-01 1.0000e-03
CUB004 1.0000e-03 3.3000e-02 1.0000e-03 8.8000e-02 1.0000e-03 2.0300e-01
CUB007 1.3300e-01 4.3600e-01 5.4100e-01 3.3600e-01 2.3400e-01 6.9000e-02
CUB008 5.7200e-01 1.7000e-02 4.9100e-01 1.3000e-02 9.8000e-01 1.0000e-03
CUB009 9.1600e-01 4.0000e-03 1.8900e-01 4.0000e-03 5.8800e-01 1.0000e-03
CUB010 7.1300e-01 4.0000e-03 2.1100e-01 2.0000e-03 7.3200e-01 1.0000e-03
CUB011 7.0600e-01 1.5000e-02 3.8400e-01 1.0000e-02 8.7700e-01 1.0000e-03
CUB012 4.1900e-01 2.5000e-02 6.8500e-01 1.8000e-02 7.3100e-01 2.0000e-03
CUB015 5.5800e-01 2.0000e-03 2.7000e-02 1.0000e-03 1.2800e-01 1.0000e-03
CUB016 3.8900e-01 2.0000e-03 2.7000e-02 1.0000e-03 9.5000e-02 1.0000e-03
CUB017 1.2900e-01 2.4500e-01 4.9100e-01 1.7300e-01 1.9600e-01 7.0000e-03
CUB019 4.4700e-01 4.9000e-02 7.6100e-01 3.5000e-02 7.5500e-01 2.0000e-03
CUB026 5.2400e-01 1.3700e-01 7.9200e-01 8.9000e-02 8.3400e-01 9.0000e-03
CUB027 3.0000e-01 1.5400e-01 9.3900e-01 1.2000e-01 5.2100e-01 2.0000e-02
CUB028 7.8400e-01 1.6000e-02 3.5700e-01 1.0000e-02 8.0800e-01 1.0000e-03
CUB029 5.8500e-01 1.4000e-02 5.2000e-01 9.0000e-03 9.2200e-01 1.0000e-03
CUB032 6.4700e-01 4.2000e-02 5.4600e-01 2.7000e-02 9.9400e-01 4.0000e-03
CUB033 3.0500e-01 1.9100e-01 9.3300e-01 1.3100e-01 5.5000e-01 1.6000e-02
CUB036 7.6700e-01 5.0000e-03 2.3400e-01 3.0000e-03 6.9900e-01 1.0000e-03
CUB037 1.3000e-01 1.0500e-01 5.5000e-01 5.2000e-02 1.2700e-01 2.0000e-03
CUB038 6.9000e-01 6.6000e-02 6.2800e-01 6.8000e-02 9.7700e-01 8.0000e-03
CUB040 6.6000e-01 1.3000e-02 4.5300e-01 1.3000e-02 9.0700e-01 1.0000e-03
CUB042 2.8000e-02 6.5800e-01 1.3800e-01 4.9200e-01 3.2000e-02 7.8000e-02
CUB044            1.3000e-02 3.1500e-01 1.6000e-02 5.9300e-01 4.0000e-03
CUB048 1.7250e-02            7.5000e-02 7.6100e-01 2.1000e-02 2.3100e-01
CUB049 2.9366e-01 8.1152e-02            4.2000e-02 4.6200e-01 3.0000e-03
CUB050 1.3918e-02 7.5991e-01 5.0589e-02            1.0000e-02 4.0300e-01
CUB051 5.9496e-01 2.4454e-02 4.6948e-01 1.6325e-02            1.0000e-03
CUB052 1.6826e-03 2.1885e-01 2.4553e-03 3.8713e-01 7.4982e-04           
CUB053 6.7964e-01 1.9306e-01 7.5108e-01 1.6740e-01 9.7812e-01 6.3552e-02
CUB056 6.2901e-01 2.3972e-02 4.5648e-01 1.6628e-02 9.4235e-01 1.0351e-03
CUB061 2.3020e-02 9.4659e-01 2.5594e-02 7.8029e-01 8.9200e-03 1.4050e-01
NAU101 1.2574e-03 1.1808e-01 4.6381e-04 2.3261e-01 1.9890e-04 7.1019e-01
NAU102 3.6783e-01 1.7020e-01 9.8671e-01 1.2784e-01 6.1563e-01 2.3466e-02
NAU105 1.8826e-02 6.0016e-01 4.5116e-02 8.0992e-01 1.7702e-02 6.0587e-01
NAU106 1.7224e-01 1.9257e-01 6.6500e-01 1.2658e-01 2.8505e-01 1.2243e-02
NAU107 4.1077e-01 1.1370e-01 8.5374e-01 8.4718e-02 7.2566e-01 1.4053e-02
NAU108 3.8967e-01 2.7962e-02 1.8477e-01 2.8749e-02 2.8722e-01 9.4527e-03
NAU109 5.8614e-02 3.0263e-01 2.3606e-01 1.7794e-01 6.3250e-02 9.1191e-03
NAU110 1.7359e-02 9.4844e-01 4.9438e-02 6.8678e-01 1.3771e-02 1.3236e-01
NAU114 7.0695e-01 4.8543e-03 2.2245e-01 2.9135e-03 7.5022e-01 4.1409e-05
NAU117 8.2441e-01 5.8196e-03 1.5013e-01 4.6511e-03 3.9575e-01 3.1765e-04
NAU121 6.5877e-01 1.2738e-04 1.1549e-02 8.1349e-05 1.1876e-01 3.6908e-07
NAU123 1.6135e-01 7.9638e-02 7.4338e-01 4.3777e-02 2.5675e-01 1.1846e-03
NAU124 8.2738e-01 4.6839e-03 1.4490e-01 3.6967e-03 3.9184e-01 2.3603e-04
NAU129 8.2572e-01 7.6968e-04 5.4405e-02 5.2405e-04 2.7212e-01 7.8174e-06
NAU130 1.1893e-01 1.8733e-01 4.6970e-01 1.1089e-01 1.5428e-01 5.2631e-03
NAU132 7.1353e-02 2.9072e-01 3.1126e-01 1.7724e-01 9.3366e-02 1.1996e-02
NAU133 6.4883e-04 3.8159e-02 9.1030e-04 7.8954e-02 3.6662e-04 1.9865e-01
NAU134 5.2097e-01 1.2075e-02 4.0336e-01 6.8122e-03 9.1274e-01 7.8440e-05
NAU136 3.6323e-02 6.3131e-01 9.1277e-02 4.1654e-01 2.6016e-02 4.1599e-02
NAU139 5.4669e-01 4.2377e-03 2.8267e-01 2.2507e-03 9.5105e-01 1.7140e-05
NAU144 1.9948e-01 7.6348e-02 8.1668e-01 4.2819e-02 3.0227e-01 1.1459e-03
NAU147 6.3038e-01 8.6682e-02 6.4594e-01 6.8380e-02 9.7443e-01 1.2310e-02
NAU148 6.2831e-01 2.0319e-03 7.2192e-02 1.6621e-03 2.3570e-01 8.1320e-05
NAU149 9.0044e-02 4.5894e-01 3.9839e-01 3.3074e-01 1.6536e-01 6.9103e-02
NAU150 9.5354e-01 2.3028e-03 1.0423e-01 1.5880e-03 4.0120e-01 3.5343e-05
NAU153 4.3811e-01 3.9754e-02 6.7182e-01 2.5922e-02 7.7404e-01 1.4212e-03
NAU154 5.1444e-01 4.3565e-02 6.1896e-01 3.0691e-02 8.9898e-01 2.7774e-03
NAU155 6.6313e-01 3.9422e-03 1.1387e-01 3.3155e-03 3.0080e-01 2.5952e-04
NAU157 8.5331e-01 3.4096e-04 3.8172e-02 2.1390e-04 2.5008e-01 1.6997e-06
NAU159 2.0075e-01 1.2050e-01 7.1973e-01 7.1835e-02 2.7685e-01 2.8689e-03
NAU160 1.9077e-01 2.4913e-01 6.9249e-01 1.7640e-01 3.3658e-01 2.8110e-02
NAU161 1.1057e-02 5.1195e-01 8.3747e-03 7.5350e-01 3.3904e-03 4.9136e-01
NAU164 1.1290e-01 6.3882e-01 3.8719e-01 4.9948e-01 1.8804e-01 1.6455e-01
NCS203 6.9859e-01 2.8674e-02 4.5242e-01 2.1231e-02 8.7234e-01 2.0669e-03
NCS204 5.3966e-01 7.1447e-03 3.5259e-01 4.0691e-03 9.8600e-01 5.9200e-05
NCS210 1.7100e-01 3.8438e-01 6.0670e-01 2.9004e-01 3.1208e-01 7.2855e-02
NCS212 6.6710e-01 2.9286e-02 4.6460e-01 2.1206e-02 9.1145e-01 1.7678e-03
NCS213 7.1228e-01 1.0272e-03 5.0813e-02 7.5963e-04 2.2704e-01 1.6917e-05
NCS214 5.8830e-01 9.7327e-03 1.4413e-01 8.8897e-03 3.0726e-01 1.2366e-03
NCS233 6.9133e-01 7.8515e-03 2.9762e-01 5.0580e-03 7.9632e-01 1.5131e-04
NCS234 5.1653e-01 1.9437e-02 1.9095e-01 1.8725e-02 3.3311e-01 4.5046e-03
NCS237 6.0663e-02 4.3404e-05 1.8951e-03 4.8883e-05 8.5542e-03 1.6736e-06
NCS243 5.0170e-02 7.1289e-01 1.8637e-01 5.2311e-01 6.7171e-02 1.2000e-01
NCS248 3.6763e-01 6.9185e-03 4.7850e-01 3.2533e-03 6.9208e-01 1.3240e-05
NCS253 2.8509e-01 2.7493e-02 8.3593e-01 1.4259e-02 4.6656e-01 1.5810e-04
NCS255 7.0090e-01 8.8765e-04 4.5528e-02 6.5269e-04 2.1404e-01 1.3206e-05
NCS263 7.3984e-01 1.0590e-02 2.8453e-01 6.9988e-03 7.7020e-01 2.0988e-04
           CUB053     CUB056     CUB061     NAU101     NAU102     NAU105
CUB000 2.5000e-01 2.4000e-02 8.4300e-01 6.6000e-02 2.1100e-01 5.3400e-01
CUB003 3.2900e-01 1.5900e-01 3.0000e-03 1.0000e-03 8.7000e-02 2.0000e-03
CUB004 2.6000e-02 1.0000e-03 8.0000e-03 2.3600e-01 9.0000e-03 1.6900e-01
CUB007 4.8200e-01 2.2700e-01 4.2800e-01 4.7000e-02 6.3200e-01 2.7900e-01
CUB008 9.6900e-01 9.6200e-01 1.1000e-02 1.0000e-03 5.6600e-01 1.2000e-02
CUB009 7.6300e-01 6.4900e-01 2.0000e-03 1.0000e-03 3.3900e-01 3.0000e-03
CUB010 8.5200e-01 8.1500e-01 1.0000e-03 1.0000e-03 4.0900e-01 4.0000e-03
CUB011 9.0000e-01 9.2100e-01 1.1000e-02 1.0000e-03 5.5900e-01 1.1000e-02
CUB012 8.8600e-01 7.0500e-01 1.5000e-02 1.0000e-03 7.6600e-01 1.2000e-02
CUB015 3.9500e-01 1.5000e-01 1.0000e-03 1.0000e-03 9.2000e-02 1.0000e-03
CUB016 3.0000e-01 1.3100e-01 2.0000e-03 1.0000e-03 8.3000e-02 1.0000e-03
CUB017 5.1800e-01 1.6700e-01 1.6800e-01 5.0000e-03 6.6800e-01 1.4700e-01
CUB019 8.8900e-01 7.3100e-01 3.4000e-02 1.0000e-03 8.2400e-01 3.5000e-02
CUB026 9.1300e-01 8.0300e-01 1.4600e-01 1.7000e-02 8.4900e-01 9.9000e-02
CUB027 7.0400e-01 4.7800e-01 1.4900e-01 8.0000e-03 9.2600e-01 1.1200e-01
CUB028 8.4200e-01 8.5100e-01 1.3000e-02 2.0000e-03 5.0100e-01 1.1000e-02
CUB029 9.9300e-01 8.7100e-01 6.0000e-03 1.0000e-03 6.7000e-01 2.2000e-02
CUB032 9.7600e-01 9.3700e-01 3.1000e-02 1.0000e-03 6.6700e-01 3.0000e-02
CUB033 7.1800e-01 5.0000e-01 1.7600e-01 1.6000e-02 9.3500e-01 1.1500e-01
CUB036 8.2700e-01 7.6800e-01 3.0000e-03 1.0000e-03 4.2200e-01 4.0000e-03
CUB037 5.6300e-01 1.6300e-01 3.0000e-03 1.0000e-03 6.7200e-01 3.3000e-02
CUB038 9.4200e-01 9.8000e-01 8.0000e-02 9.0000e-03 6.8600e-01 7.0000e-02
CUB040 9.2200e-01 9.7700e-01 1.4000e-02 1.0000e-03 5.6300e-01 1.5000e-02
CUB042 2.6200e-01 4.5000e-02 5.7300e-01 2.8000e-02 2.6300e-01 3.6900e-01
CUB044 6.7800e-01 6.4800e-01 3.0000e-02 2.0000e-03 3.9200e-01 1.6000e-02
CUB048 1.7600e-01 2.2000e-02 9.5900e-01 1.1500e-01 1.5600e-01 6.0200e-01
CUB049 7.4700e-01 4.4900e-01 2.9000e-02 1.0000e-03 9.8800e-01 3.8000e-02
CUB050 1.7500e-01 1.5000e-02 8.0800e-01 2.4600e-01 1.3200e-01 8.0100e-01
CUB051 9.7000e-01 9.4100e-01 3.0000e-03 1.0000e-03 6.3000e-01 8.0000e-03
CUB052 5.5000e-02 2.0000e-03 1.4700e-01 7.0800e-01 2.2000e-02 6.0500e-01
CUB053            9.4300e-01 2.4700e-01 6.2000e-02 7.8600e-01 2.0200e-01
CUB056 9.4482e-01            1.3000e-02 1.0000e-03 5.7700e-01 9.0000e-03
CUB061 2.4221e-01 1.4788e-02            1.9000e-02 1.6800e-01 6.1600e-01
NAU101 5.8163e-02 4.1715e-04 2.1006e-02            1.3000e-02 4.6800e-01
NAU102 7.7450e-01 5.7871e-01 1.5353e-01 1.4246e-02            1.1000e-01
NAU105 1.8263e-01 1.8916e-02 5.8180e-01 4.1100e-01 1.2618e-01           
NAU106 5.8570e-01 2.7435e-01 1.2330e-01 4.3006e-03 7.3742e-01 1.0872e-01
NAU107 8.3528e-01 6.7962e-01 1.1544e-01 9.2256e-03 8.8792e-01 8.7375e-02
NAU108 3.1779e-01 2.7651e-01 5.3093e-02 1.0244e-02 2.1424e-01 4.4417e-02
NAU109 3.9456e-01 7.3153e-02 1.3168e-01 1.1904e-03 4.1901e-01 1.2770e-01
NAU110 2.1239e-01 1.6844e-02 8.6342e-01 4.3355e-02 1.5928e-01 5.1553e-01
NAU114 8.6081e-01 8.3635e-01 4.7617e-04 4.2304e-06 4.2196e-01 3.2782e-03
NAU117 5.8190e-01 4.3671e-01 5.2606e-03 1.7665e-04 2.4820e-01 6.8952e-03
NAU121 4.6103e-01 1.8226e-01 2.9380e-06 1.8000e-08 8.8122e-02 1.2633e-04
NAU123 6.1717e-01 2.5906e-01 1.9084e-02 1.3691e-04 8.1195e-01 3.4778e-02
NAU124 5.6820e-01 4.3129e-01 4.6205e-03 1.3532e-04 2.3569e-01 5.5487e-03
NAU129 5.5606e-01 3.3900e-01 1.5970e-04 1.5053e-06 1.6377e-01 7.8530e-04
NAU130 5.2296e-01 1.6501e-01 6.4465e-02 7.2745e-04 6.1899e-01 8.5159e-02
NAU132 4.1965e-01 9.9377e-02 1.5651e-01 2.4766e-03 4.7027e-01 1.3359e-01
NAU133 2.9012e-02 4.1921e-04 2.2042e-02 2.6266e-01 8.2780e-03 1.6393e-01
NAU134 9.8653e-01 8.5540e-01 3.4274e-04 2.8744e-06 6.2168e-01 6.5067e-03
NAU136 3.0673e-01 3.4290e-02 4.1496e-01 6.4271e-03 2.5988e-01 3.0031e-01
NAU139 9.5304e-01 9.6922e-01 1.7497e-04 8.4606e-07 5.0018e-01 2.2640e-03
NAU144 6.6292e-01 3.0714e-01 1.3668e-02 1.0761e-04 8.6605e-01 3.4525e-02
NAU147 9.9669e-01 9.3116e-01 8.8702e-02 8.4316e-03 7.1124e-01 7.6083e-02
NAU148 4.6206e-01 2.7082e-01 1.5799e-03 4.0260e-05 1.5353e-01 2.7578e-03
NAU149 4.1051e-01 1.5240e-01 4.0920e-01 3.8334e-02 4.9087e-01 2.7867e-01
NAU150 6.4978e-01 4.7429e-01 5.8023e-04 7.8065e-06 2.4346e-01 2.2000e-03
NAU153 9.0209e-01 7.2794e-01 1.9649e-02 4.5043e-04 7.6712e-01 2.6387e-02
NAU154 9.6170e-01 8.4698e-01 3.6815e-02 1.4395e-03 7.0058e-01 3.3501e-02
NAU155 4.7016e-01 3.2684e-01 4.8845e-03 1.7547e-04 1.8540e-01 5.3467e-03
NAU157 5.5299e-01 3.2502e-01 3.5448e-05 2.0061e-07 1.4335e-01 3.1417e-04
NAU159 6.4424e-01 2.8678e-01 2.7003e-02 3.1897e-04 8.0405e-01 5.8146e-02
NAU160 5.8740e-01 3.1460e-01 2.0685e-01 1.4504e-02 7.4503e-01 1.5792e-01
NAU161 1.6460e-01 5.8400e-03 3.2217e-01 1.8973e-01 7.8843e-02 9.8932e-01
NAU164 4.2125e-01 1.7392e-01 5.9815e-01 1.0898e-01 4.7728e-01 4.3314e-01
NCS203 8.9485e-01 9.2357e-01 2.7795e-02 1.2154e-03 5.4548e-01 2.5298e-02
NCS204 9.6808e-01 9.4261e-01 9.6948e-04 6.8611e-06 5.3773e-01 4.2542e-03
NCS210 5.2936e-01 2.8631e-01 3.6117e-01 4.7123e-02 6.6221e-01 2.6068e-01
NCS212 9.2492e-01 9.6546e-01 2.2870e-02 8.8001e-04 5.7252e-01 2.4622e-02
NCS213 5.0932e-01 2.8189e-01 3.0266e-04 4.3170e-06 1.4985e-01 1.2019e-03
NCS214 4.5475e-01 3.2287e-01 1.3856e-02 1.0041e-03 2.1105e-01 1.4069e-02
NCS233 8.6737e-01 8.6745e-01 3.0320e-03 4.0967e-05 4.5003e-01 5.9778e-03
NCS234 3.8551e-01 3.3153e-01 3.6083e-02 4.5578e-03 2.2806e-01 2.8640e-02
NCS237 9.3287e-02 1.0731e-02 4.0804e-05 9.2566e-07 1.0726e-02 1.4688e-04
NCS243 3.1761e-01 6.7380e-02 6.2784e-01 5.7395e-02 3.1312e-01 4.1926e-01
NCS248 9.0019e-01 6.5639e-01 4.3356e-05 1.4180e-07 6.9051e-01 2.7166e-03
NCS253 7.8500e-01 4.6284e-01 1.0256e-03 4.9740e-06 9.1524e-01 1.1657e-02
NCS255 5.0261e-01 2.6942e-01 2.2962e-04 3.0964e-06 1.4299e-01 1.0372e-03
NCS263 8.6597e-01 8.4391e-01 2.4356e-03 4.1071e-05 4.6421e-01 8.1000e-03
           NAU106     NAU107     NAU108     NAU109     NAU110     NAU114
CUB000 2.3400e-01 1.5000e-01 4.2000e-02 3.7400e-01 9.2700e-01 5.0000e-03
CUB003 1.3000e-02 9.6000e-02 7.0100e-01 6.0000e-03 1.0000e-03 1.6700e-01
CUB004 1.0000e-03 5.0000e-03 1.3000e-02 2.0000e-03 9.0000e-03 1.0000e-03
CUB007 7.7100e-01 4.7400e-01 7.7000e-02 9.2600e-01 4.2300e-01 1.2200e-01
CUB008 2.7000e-01 7.0000e-01 2.1600e-01 6.2000e-02 1.3000e-02 7.8900e-01
CUB009 9.5000e-02 4.3000e-01 3.3800e-01 8.0000e-03 2.0000e-03 7.3900e-01
CUB010 1.1100e-01 4.9800e-01 2.5300e-01 1.2000e-02 1.0000e-03 9.6100e-01
CUB011 2.3300e-01 6.4300e-01 3.0500e-01 4.0000e-02 9.0000e-03 9.3000e-01
CUB012 3.9900e-01 9.0000e-01 1.7800e-01 9.9000e-02 1.8000e-02 4.9700e-01
CUB015 9.0000e-03 1.0300e-01 5.8500e-01 1.0000e-03 1.0000e-03 1.4000e-01
CUB016 1.2000e-02 8.3000e-02 7.5500e-01 4.0000e-03 2.0000e-03 1.3400e-01
CUB017 8.3700e-01 4.9800e-01 8.8000e-02 7.2800e-01 1.9900e-01 5.7000e-02
CUB019 4.7200e-01 9.4200e-01 1.9800e-01 1.8700e-01 4.1000e-02 4.9500e-01
CUB026 5.8400e-01 9.4100e-01 2.6300e-01 2.9600e-01 1.1400e-01 6.8000e-01
CUB027 8.1000e-01 8.1000e-01 1.6300e-01 4.5600e-01 1.3300e-01 3.4400e-01
CUB028 2.1100e-01 5.9000e-01 3.3800e-01 5.9000e-02 1.1000e-02 9.8000e-01
CUB029 3.1700e-01 7.6400e-01 2.6300e-01 8.0000e-02 8.0000e-03 6.8900e-01
CUB032 3.5400e-01 7.4800e-01 3.0000e-01 1.2600e-01 3.1000e-02 8.3000e-01
CUB033 7.9500e-01 8.0800e-01 1.4000e-01 4.7600e-01 1.7400e-01 3.9000e-01
CUB036 1.3000e-01 5.2000e-01 3.2000e-01 1.5000e-02 1.0000e-03 9.1900e-01
CUB037 9.9600e-01 5.6800e-01 8.6000e-02 3.7800e-01 4.3000e-02 2.4000e-02
CUB038 4.2400e-01 7.5400e-01 3.2300e-01 1.9700e-01 6.1000e-02 8.5800e-01
CUB040 2.4600e-01 6.4700e-01 2.5100e-01 5.6000e-02 1.4000e-02 8.7100e-01
CUB042 3.1900e-01 2.0400e-01 5.6000e-02 5.6200e-01 6.8200e-01 6.0000e-03
CUB044 1.7600e-01 4.5100e-01 4.1500e-01 6.1000e-02 1.5000e-02 7.1600e-01
CUB048 1.9300e-01 1.1800e-01 2.6000e-02 3.0900e-01 9.5000e-01 8.0000e-03
CUB049 6.7800e-01 8.6400e-01 1.7700e-01 2.3900e-01 3.3000e-02 2.1900e-01
CUB050 1.2900e-01 7.8000e-02 2.9000e-02 1.8800e-01 6.8700e-01 1.0000e-03
CUB051 2.7100e-01 7.4500e-01 2.8200e-01 5.9000e-02 5.0000e-03 7.8900e-01
CUB052 4.0000e-03 1.6000e-02 1.0000e-02 4.0000e-03 1.1900e-01 1.0000e-03
CUB053 5.9900e-01 8.2100e-01 3.1800e-01 4.0800e-01 2.1900e-01 8.7400e-01
CUB056 2.8100e-01 6.7800e-01 2.8400e-01 7.0000e-02 1.1000e-02 8.4200e-01
CUB061 1.2800e-01 1.1900e-01 5.1000e-02 1.3800e-01 8.7500e-01 1.0000e-03
NAU101 2.0000e-03 8.0000e-03 8.0000e-03 3.0000e-03 3.7000e-02 1.0000e-03
NAU102 7.2900e-01 9.0900e-01 2.1700e-01 4.3900e-01 1.5600e-01 4.5100e-01
NAU105 1.1600e-01 9.6000e-02 3.5000e-02 1.4600e-01 5.5900e-01 2.0000e-03
NAU106            6.2500e-01 1.1300e-01 5.5100e-01 1.4600e-01 1.3000e-01
NAU107 6.0940e-01            1.9400e-01 3.2400e-01 1.0100e-01 5.2800e-01
NAU108 1.2195e-01 1.9370e-01            5.3000e-02 3.3000e-02 3.2800e-01
NAU109 5.6734e-01 3.1909e-01 6.2421e-02            2.5100e-01 1.1000e-02
NAU110 1.6198e-01 1.1123e-01 3.3791e-02 2.4430e-01            1.0000e-03
NAU114 1.2097e-01 5.3081e-01 2.9146e-01 9.5429e-03 1.5133e-03           
NAU117 8.2757e-02 2.8584e-01 4.8857e-01 1.6745e-02 4.3895e-03 4.6632e-01
NAU121 6.9810e-03 1.2602e-01 4.7817e-01 8.9728e-05 1.7895e-05 1.1940e-01
NAU123 8.3184e-01 6.6620e-01 1.0576e-01 3.0428e-01 4.6211e-02 7.7235e-02
NAU124 7.6669e-02 2.7247e-01 4.5973e-01 1.5228e-02 3.6887e-03 4.6828e-01
NAU129 2.7548e-02 2.1297e-01 4.2500e-01 1.5285e-03 2.6945e-04 3.3062e-01
NAU130 8.6183e-01 4.9775e-01 1.0106e-01 6.2348e-01 1.3236e-01 3.7053e-02
NAU132 6.4444e-01 3.6164e-01 6.8329e-02 9.1896e-01 2.4476e-01 1.9896e-02
NAU133 3.1184e-03 4.4136e-03 6.3748e-03 1.5744e-03 1.8693e-02 2.8457e-05
NAU134 2.3197e-01 7.5548e-01 2.5886e-01 1.9412e-02 3.0185e-03 5.6299e-01
NAU136 2.9079e-01 1.9449e-01 5.6417e-02 4.7259e-01 6.0715e-01 2.6441e-03
NAU139 1.4476e-01 6.3537e-01 2.1983e-01 8.7375e-03 1.0271e-03 7.0552e-01
NAU144 7.7271e-01 7.2410e-01 1.3320e-01 2.5821e-01 4.0305e-02 9.6293e-02
NAU147 4.5292e-01 7.9467e-01 3.1446e-01 2.1893e-01 8.2161e-02 8.0467e-01
NAU148 3.7979e-02 1.7842e-01 5.7567e-01 5.2518e-03 1.3256e-03 2.6395e-01
NAU149 6.4405e-01 3.7939e-01 7.4899e-02 9.5807e-01 4.5884e-01 6.7383e-02
NAU150 5.6093e-02 3.0607e-01 4.0959e-01 4.7451e-03 9.3209e-04 4.9742e-01
NAU153 4.1854e-01 8.9282e-01 2.1341e-01 1.2473e-01 2.6629e-02 5.1278e-01
NAU154 3.9299e-01 8.0970e-01 2.2239e-01 1.4375e-01 3.7071e-02 6.7792e-01
NAU155 5.9824e-02 2.0613e-01 5.5258e-01 1.2830e-02 3.4379e-03 3.4612e-01
NAU157 1.8523e-02 1.9591e-01 3.7996e-01 5.9859e-04 8.7589e-05 3.1303e-01
NAU159 8.8468e-01 6.7471e-01 1.5015e-01 3.6670e-01 7.1009e-02 8.7404e-02
NAU160 9.8226e-01 6.2071e-01 1.2883e-01 6.4497e-01 2.3340e-01 1.7360e-01
NAU161 4.6024e-02 5.7151e-02 3.7634e-02 3.0752e-02 3.5938e-01 1.5977e-04
NAU164 5.8534e-01 3.7709e-01 1.0679e-01 8.1950e-01 6.4984e-01 8.7795e-02
NCS203 2.7719e-01 6.2913e-01 2.8527e-01 9.3824e-02 2.5256e-02 9.4469e-01
NCS204 1.8538e-01 6.6762e-01 2.1970e-01 1.9715e-02 2.6225e-03 7.0130e-01
NCS210 8.5000e-01 5.4452e-01 1.2061e-01 8.3842e-01 3.8506e-01 1.7175e-01
NCS212 2.8631e-01 6.6411e-01 2.9268e-01 8.9021e-02 2.3120e-02 8.9006e-01
NCS213 2.7214e-02 1.8810e-01 5.1007e-01 1.9155e-03 4.1535e-04 2.5724e-01
NCS214 8.4920e-02 2.2073e-01 6.8798e-01 2.5744e-02 9.4082e-03 3.3410e-01
NCS233 1.5981e-01 5.5104e-01 2.6829e-01 2.4750e-02 4.2369e-03 9.7379e-01
NCS234 1.1822e-01 2.2061e-01 7.7632e-01 5.2410e-02 2.3103e-02 3.5790e-01
NCS237 1.0224e-03 1.0300e-02 7.4999e-01 6.1006e-05 2.3594e-05 4.7499e-03
NCS243 3.7511e-01 2.3257e-01 6.3088e-02 5.7762e-01 7.2500e-01 1.7669e-02
NCS248 2.4363e-01 8.5336e-01 1.6936e-01 1.2828e-02 1.1896e-03 2.9708e-01
NCS253 4.8037e-01 9.3127e-01 1.6255e-01 7.3578e-02 8.5967e-03 1.6607e-01
NCS255 2.4531e-02 1.8085e-01 5.1340e-01 1.5568e-03 3.3660e-04 2.4015e-01
NCS263 1.6562e-01 5.6255e-01 3.3330e-01 2.2860e-02 4.6611e-03 9.8564e-01
           NAU117     NAU121     NAU123     NAU124     NAU129     NAU130
CUB000 3.0000e-03 1.0000e-03 1.0100e-01 6.0000e-03 1.0000e-03 2.1500e-01
CUB003 5.6600e-01 5.7600e-01 7.0000e-03 5.3100e-01 4.5400e-01 8.0000e-03
CUB004 1.0000e-03 1.0000e-03 2.0000e-03 1.0000e-03 1.0000e-03 1.0000e-03
CUB007 7.4000e-02 1.3000e-02 6.2500e-01 5.1000e-02 2.7000e-02 8.6600e-01
CUB008 3.6400e-01 1.3100e-01 2.4500e-01 3.6100e-01 2.9300e-01 1.5500e-01
CUB009 6.8300e-01 4.4100e-01 6.7000e-02 7.1800e-01 6.4100e-01 4.3000e-02
CUB010 4.9300e-01 1.5200e-01 7.1000e-02 4.7100e-01 3.5800e-01 3.8000e-02
CUB011 4.6400e-01 2.1100e-01 1.9300e-01 4.9000e-01 4.0200e-01 1.1100e-01
CUB012 2.2100e-01 5.3000e-02 4.4300e-01 2.1200e-01 1.2100e-01 2.5900e-01
CUB015 6.7400e-01 7.2500e-01 6.0000e-03 6.4700e-01 5.6200e-01 3.0000e-03
CUB016 5.1300e-01 4.6100e-01 1.0000e-02 4.5000e-01 3.5700e-01 6.0000e-03
CUB017 4.6000e-02 2.0000e-03 6.3200e-01 3.6000e-02 1.1000e-02 9.6200e-01
CUB019 2.4400e-01 6.7000e-02 5.3400e-01 2.1300e-01 1.5700e-01 3.5400e-01
CUB026 3.9500e-01 2.1500e-01 6.1600e-01 3.6400e-01 3.3000e-01 4.8800e-01
CUB027 1.8100e-01 4.8000e-02 8.8600e-01 1.6100e-01 1.1300e-01 6.7900e-01
CUB028 5.8300e-01 3.0500e-01 2.0600e-01 5.5700e-01 4.7500e-01 1.2500e-01
CUB029 3.5500e-01 9.5000e-02 2.9400e-01 3.5600e-01 2.2700e-01 1.7200e-01
CUB032 4.2700e-01 2.3800e-01 3.6600e-01 4.1700e-01 3.7900e-01 2.3000e-01
CUB033 1.7900e-01 6.7000e-02 8.7900e-01 1.5100e-01 1.3000e-01 6.8300e-01
CUB036 5.7900e-01 2.2100e-01 8.6000e-02 5.4300e-01 4.5200e-01 4.6000e-02
CUB037 4.0000e-02 1.0000e-03 7.4100e-01 3.1000e-02 2.0000e-03 8.1600e-01
CUB038 5.7200e-01 3.3800e-01 4.4600e-01 5.0100e-01 4.8500e-01 3.4700e-01
CUB040 4.6100e-01 2.2900e-01 2.3000e-01 4.4000e-01 3.6000e-01 1.5900e-01
CUB042 1.2000e-02 1.0000e-03 1.5100e-01 1.1000e-02 2.0000e-03 3.3600e-01
CUB044 8.2000e-01 6.7200e-01 1.6200e-01 8.1900e-01 8.3900e-01 1.4200e-01
CUB048 5.0000e-03 1.0000e-03 8.4000e-02 5.0000e-03 1.0000e-03 1.8200e-01
CUB049 1.4800e-01 1.0000e-02 7.2500e-01 1.4100e-01 5.5000e-02 4.6600e-01
CUB050 5.0000e-03 1.0000e-03 5.0000e-02 2.0000e-03 2.0000e-03 1.2100e-01
CUB051 4.0300e-01 1.2300e-01 2.6400e-01 3.9300e-01 2.6800e-01 1.5900e-01
CUB052 1.0000e-03 1.0000e-03 1.0000e-03 1.0000e-03 1.0000e-03 4.0000e-03
CUB053 6.0100e-01 4.7000e-01 6.2200e-01 5.5100e-01 5.6400e-01 5.2700e-01
CUB056 4.5100e-01 1.5700e-01 2.6300e-01 4.2100e-01 3.3800e-01 1.5700e-01
CUB061 8.0000e-03 1.0000e-03 1.9000e-02 5.0000e-03 1.0000e-03 7.3000e-02
NAU101 1.0000e-03 1.0000e-03 1.0000e-03 1.0000e-03 1.0000e-03 1.0000e-03
NAU102 2.5900e-01 7.8000e-02 8.2900e-01 2.3200e-01 1.6000e-01 6.3900e-01
NAU105 9.0000e-03 2.0000e-03 2.8000e-02 6.0000e-03 2.0000e-03 9.2000e-02
NAU106 7.9000e-02 6.0000e-03 8.3500e-01 6.8000e-02 2.8000e-02 8.7900e-01
NAU107 2.9900e-01 1.2300e-01 6.9200e-01 2.6900e-01 2.0700e-01 5.1000e-01
NAU108 4.8100e-01 5.1400e-01 1.0700e-01 4.3600e-01 4.3200e-01 1.1000e-01
NAU109 1.8000e-02 1.0000e-03 3.0300e-01 1.1000e-02 4.0000e-03 6.6300e-01
NAU110 4.0000e-03 1.0000e-03 3.8000e-02 2.0000e-03 1.0000e-03 1.3300e-01
NAU114 4.6800e-01 1.2600e-01 8.2000e-02 4.6200e-01 3.3200e-01 3.7000e-02
NAU117            8.6100e-01 5.1000e-02 9.9200e-01 9.5800e-01 3.3000e-02
NAU121 8.4681e-01            1.0000e-03 8.3300e-01 7.2900e-01 1.0000e-03
NAU123 6.1467e-02 1.3059e-03            4.2000e-02 1.0000e-02 6.5200e-01
NAU124 9.8855e-01 8.2925e-01 5.8402e-02            9.6900e-01 3.0000e-02
NAU129 9.6079e-01 7.1612e-01 1.2428e-02 9.7411e-01            6.0000e-03
NAU130 4.3166e-02 6.2947e-04 6.2152e-01 4.0337e-02 6.8078e-03           
NAU132 2.3552e-02 3.2896e-04 3.9863e-01 2.1298e-02 3.2451e-03 7.2481e-01
NAU133 1.6999e-04 5.6954e-07 3.0952e-04 1.1364e-04 5.9707e-06 1.2780e-03
NAU134 2.9762e-01 2.2187e-02 1.6783e-01 2.9799e-01 1.3669e-01 7.4355e-02
NAU136 9.4634e-03 2.3220e-05 9.7146e-02 8.4190e-03 5.5560e-04 2.5494e-01
NAU139 3.0714e-01 3.1641e-02 9.7366e-02 3.0795e-01 1.5906e-01 3.9898e-02
NAU144 8.1511e-02 1.7886e-03 9.1254e-01 7.8362e-02 1.7588e-02 5.5153e-01
NAU147 4.8432e-01 2.8602e-01 4.6662e-01 4.7403e-01 4.1505e-01 3.5417e-01
NAU148 7.8088e-01 8.5013e-01 2.2717e-02 7.6242e-01 6.8344e-01 1.6055e-02
NAU149 4.4473e-02 4.8104e-03 4.6659e-01 3.8859e-02 1.5052e-02 7.1454e-01
NAU150 8.3071e-01 5.4280e-01 3.0881e-02 8.3969e-01 8.1779e-01 1.7540e-02
NAU153 2.6560e-01 6.0943e-02 4.3107e-01 2.5873e-01 1.5706e-01 2.6848e-01
NAU154 3.4915e-01 1.4447e-01 4.0917e-01 3.3963e-01 2.6278e-01 2.7716e-01
NAU155 8.2348e-01 9.0977e-01 4.4645e-02 8.0568e-01 7.4986e-01 3.2980e-02
NAU157 9.0957e-01 6.0834e-01 6.9351e-03 9.2312e-01 9.3305e-01 3.3439e-03
NAU159 8.5778e-02 2.0379e-03 9.4768e-01 8.2191e-02 1.8646e-02 6.8816e-01
NAU160 1.0589e-01 1.7848e-02 8.3520e-01 9.7181e-02 4.7527e-02 9.0194e-01
NAU161 2.3764e-03 1.2439e-06 4.4972e-03 1.9891e-03 5.7658e-05 1.6736e-02
NAU164 6.4555e-02 1.0307e-02 4.2704e-01 5.6643e-02 2.5768e-02 6.3157e-01
NCS203 5.1979e-01 2.9911e-01 2.7282e-01 5.1324e-01 4.5571e-01 1.8845e-01
NCS204 3.1488e-01 5.0939e-02 1.4815e-01 3.1346e-01 1.8120e-01 7.0577e-02
NCS210 1.0381e-01 2.4033e-02 7.0555e-01 9.3521e-02 5.2577e-02 9.3740e-01
NCS212 4.8355e-01 2.4260e-01 2.7583e-01 4.7751e-01 4.0115e-01 1.8528e-01
NCS213 8.8889e-01 9.7077e-01 1.2301e-02 8.7304e-01 8.0137e-01 7.5566e-03
NCS214 7.1525e-01 7.4676e-01 6.6116e-02 6.9475e-01 6.3403e-01 5.4491e-02
NCS233 4.6912e-01 1.7861e-01 1.3169e-01 4.6746e-01 3.6650e-01 7.3646e-02
NCS234 6.4012e-01 6.6349e-01 1.0485e-01 6.1564e-01 5.7693e-01 9.2620e-02
NCS237 6.9696e-02 1.8062e-02 2.4229e-04 5.9381e-02 2.0059e-02 2.6055e-04
NCS243 1.9874e-02 7.0013e-04 2.0174e-01 1.7060e-02 3.6456e-03 3.8587e-01
NCS248 1.6336e-01 2.5127e-03 1.8800e-01 1.6381e-01 4.3989e-02 6.6180e-02
NCS253 1.2265e-01 2.0576e-03 4.9789e-01 1.2100e-01 2.8713e-02 2.3505e-01
NCS255 8.7611e-01 9.8907e-01 1.0474e-02 8.5995e-01 7.8262e-01 6.3698e-03
NCS263 5.2090e-01 1.9014e-01 1.2178e-01 5.2138e-01 4.0399e-01 6.8378e-02
           NAU132     NAU133     NAU134     NAU136     NAU139     NAU144
CUB000 3.7300e-01 2.5000e-02 1.0000e-02 7.4800e-01 9.0000e-03 8.9000e-02
CUB003 5.0000e-03 1.0000e-03 1.0700e-01 1.0000e-03 8.0000e-02 1.8000e-02
CUB004 3.0000e-03 8.7700e-01 1.0000e-03 4.0000e-03 1.0000e-03 1.0000e-03
CUB007 9.7100e-01 1.0000e-02 2.2900e-01 6.2500e-01 1.5700e-01 5.9900e-01
CUB008 9.6000e-02 1.0000e-03 8.9900e-01 2.9000e-02 9.8300e-01 3.1600e-01
CUB009 2.6000e-02 1.0000e-03 4.4800e-01 8.0000e-03 5.1700e-01 1.0700e-01
CUB010 1.6000e-02 1.0000e-03 5.6000e-01 2.0000e-03 7.1100e-01 9.8000e-02
CUB011 6.5000e-02 1.0000e-03 7.5100e-01 1.3000e-02 8.7700e-01 2.3600e-01
CUB012 1.6800e-01 1.0000e-03 7.8100e-01 3.8000e-02 6.3000e-01 5.0000e-01
CUB015 1.0000e-03 1.0000e-03 5.1000e-02 1.0000e-03 5.9000e-02 6.0000e-03
CUB016 3.0000e-03 1.0000e-03 6.4000e-02 1.0000e-03 6.3000e-02 1.3000e-02
CUB017 8.1400e-01 1.0000e-03 1.4300e-01 3.9500e-01 7.1000e-02 5.8700e-01
CUB019 2.3400e-01 2.0000e-03 7.8900e-01 8.5000e-02 6.5700e-01 5.9600e-01
CUB026 3.8200e-01 1.3000e-02 8.8300e-01 1.9600e-01 7.7600e-01 6.8400e-01
CUB027 5.2000e-01 4.0000e-03 5.1700e-01 2.7800e-01 3.9800e-01 9.6300e-01
CUB028 7.1000e-02 1.0000e-03 7.0600e-01 2.7000e-02 7.6100e-01 2.4200e-01
CUB029 1.1400e-01 1.0000e-03 9.8800e-01 2.6000e-02 8.3700e-01 3.6200e-01
CUB032 1.5800e-01 2.0000e-03 9.2800e-01 6.9000e-02 9.5900e-01 4.1300e-01
CUB033 5.3800e-01 8.0000e-03 5.4000e-01 3.0600e-01 4.2700e-01 9.4800e-01
CUB036 2.8000e-02 2.0000e-03 5.3900e-01 6.0000e-03 6.5800e-01 1.0700e-01
CUB037 5.2800e-01 1.0000e-03 4.9000e-02 8.9000e-02 2.5000e-02 6.7300e-01
CUB038 2.1800e-01 5.0000e-03 9.2700e-01 1.2200e-01 1.0000e+00 4.9600e-01
CUB040 9.2000e-02 1.0000e-03 8.3600e-01 3.2000e-02 9.3700e-01 3.1900e-01
CUB042 5.1500e-01 9.0000e-03 1.4000e-02 9.9000e-01 3.0000e-03 1.2900e-01
CUB044 8.8000e-02 1.0000e-03 5.1800e-01 4.1000e-02 5.8300e-01 2.0100e-01
CUB048 2.8300e-01 3.7000e-02 8.0000e-03 6.5700e-01 4.0000e-03 7.7000e-02
CUB049 3.2200e-01 1.0000e-03 4.1900e-01 9.4000e-02 2.6700e-01 8.2400e-01
CUB050 1.7700e-01 7.8000e-02 6.0000e-03 4.6800e-01 3.0000e-03 4.4000e-02
CUB051 8.3000e-02 1.0000e-03 9.1100e-01 2.2000e-02 9.5900e-01 3.2100e-01
CUB052 8.0000e-03 2.1300e-01 1.0000e-03 4.2000e-02 1.0000e-03 2.0000e-03
CUB053 4.1600e-01 2.4000e-02 9.8400e-01 3.1100e-01 9.5600e-01 6.4700e-01
CUB056 9.7000e-02 1.0000e-03 8.4700e-01 3.1000e-02 9.6400e-01 3.0700e-01
CUB061 1.6200e-01 2.2000e-02 2.0000e-03 4.2400e-01 1.0000e-03 1.2000e-02
NAU101 3.0000e-03 2.6500e-01 1.0000e-03 7.0000e-03 1.0000e-03 1.0000e-03
NAU102 4.8700e-01 1.1000e-02 6.3900e-01 2.5700e-01 5.2500e-01 8.8300e-01
NAU105 1.3000e-01 1.5500e-01 1.1000e-02 3.0400e-01 2.0000e-03 3.0000e-02
NAU106 6.3400e-01 2.0000e-03 2.1900e-01 2.8200e-01 1.5000e-01 7.6200e-01
NAU107 3.8300e-01 3.0000e-03 7.5900e-01 2.1500e-01 6.4400e-01 7.5000e-01
NAU108 7.1000e-02 4.0000e-03 2.4900e-01 6.1000e-02 2.2500e-01 1.3400e-01
NAU109 9.2000e-01 2.0000e-03 2.1000e-02 4.5600e-01 1.1000e-02 2.7500e-01
NAU110 2.5000e-01 1.1000e-02 3.0000e-03 5.9800e-01 1.0000e-03 3.8000e-02
NAU114 1.8000e-02 1.0000e-03 5.6500e-01 5.0000e-03 7.2300e-01 1.0400e-01
NAU117 2.5000e-02 2.0000e-03 2.9900e-01 9.0000e-03 3.1600e-01 7.4000e-02
NAU121 1.0000e-03 1.0000e-03 1.6000e-02 1.0000e-03 2.3000e-02 1.0000e-03
NAU123 4.1000e-01 2.0000e-03 1.4600e-01 8.8000e-02 9.5000e-02 9.2200e-01
NAU124 2.3000e-02 1.0000e-03 3.1800e-01 7.0000e-03 3.0000e-01 6.8000e-02
NAU129 2.0000e-03 1.0000e-03 1.2800e-01 1.0000e-03 1.7100e-01 1.2000e-02
NAU130 7.3400e-01 3.0000e-03 6.9000e-02 2.4800e-01 3.4000e-02 5.8100e-01
NAU132            3.0000e-03 4.2000e-02 4.5600e-01 1.2000e-02 3.6800e-01
NAU133 2.1673e-03            1.0000e-03 7.0000e-03 1.0000e-03 1.0000e-03
NAU134 4.3658e-02 6.2444e-05            3.0000e-03 8.1600e-01 1.9700e-01
NAU136 4.5757e-01 6.7246e-03 4.0409e-03            2.0000e-03 8.2000e-02
NAU139 2.0531e-02 1.1243e-05 7.9578e-01 1.7311e-03            1.2500e-01
NAU144 3.5188e-01 3.7450e-04 1.9569e-01 7.8681e-02 1.2007e-01           
NAU147 2.5270e-01 5.0868e-03 9.7429e-01 1.4006e-01 9.3688e-01 5.2035e-01
NAU148 8.1424e-03 5.2861e-05 1.4950e-01 2.9374e-03 1.4605e-01 3.2216e-02
NAU149 9.0504e-01 1.5763e-02 1.3548e-01 6.9277e-01 7.5144e-02 4.4116e-01
NAU150 9.0396e-03 2.5153e-05 2.4386e-01 1.8394e-03 2.8482e-01 4.1383e-02
NAU153 1.6737e-01 5.1460e-04 8.0760e-01 5.3319e-02 6.5967e-01 4.9244e-01
NAU154 1.7784e-01 9.0007e-04 9.5519e-01 7.4467e-02 8.3330e-01 4.6792e-01
NAU155 1.7347e-02 1.3148e-04 2.2634e-01 7.8602e-03 2.1964e-01 6.1334e-02
NAU157 1.5188e-03 1.4056e-06 1.0694e-01 1.7426e-04 1.3417e-01 9.9524e-03
NAU159 4.6834e-01 9.8391e-04 1.6434e-01 1.2992e-01 1.0169e-01 8.6545e-01
NAU160 7.0842e-01 7.6201e-03 3.0661e-01 3.8467e-01 2.0533e-01 7.8718e-01
NAU161 4.4219e-02 8.2502e-02 1.2204e-04 1.1460e-01 4.9901e-05 3.4229e-03
NAU164 7.8137e-01 5.0971e-02 1.5738e-01 8.7466e-01 9.2855e-02 4.1202e-01
NCS203 1.1701e-01 7.4520e-04 7.9423e-01 5.1501e-02 8.7862e-01 3.2238e-01
NCS204 3.6871e-02 2.9502e-05 8.6685e-01 5.2830e-03 9.5660e-01 1.8243e-01
NCS210 8.9020e-01 2.1475e-02 2.9214e-01 5.6926e-01 1.9616e-01 6.7318e-01
NCS212 1.1497e-01 7.0011e-04 8.2953e-01 4.6169e-02 9.2727e-01 3.2493e-01
NCS213 3.7638e-03 1.3952e-05 1.1283e-01 8.3282e-04 1.2229e-01 1.7430e-02
NCS214 3.2116e-02 7.3682e-04 2.4452e-01 1.8635e-02 2.2632e-01 8.7227e-02
NCS233 3.9253e-02 6.6420e-05 6.6734e-01 9.3384e-03 7.8153e-01 1.6496e-01
NCS234 5.9094e-02 2.4644e-03 2.9475e-01 4.2539e-02 2.6634e-01 1.3307e-01
NCS237 1.1395e-04 2.5855e-06 2.5643e-03 5.2398e-05 1.2998e-03 4.5247e-04
NCS243 5.4868e-01 2.5317e-02 3.7304e-02 9.7108e-01 1.6665e-02 1.8860e-01
NCS248 3.4900e-02 9.6755e-06 6.5869e-01 1.5343e-03 4.6043e-01 2.2240e-01
NCS253 1.3442e-01 8.0572e-05 3.4262e-01 1.4149e-02 2.2853e-01 5.7067e-01
NCS255 3.1702e-03 1.1431e-05 1.0075e-01 6.6135e-04 1.1000e-01 1.4878e-02
NCS263 3.9219e-02 1.3061e-04 6.1783e-01 8.4625e-03 7.3403e-01 1.4909e-01
           NAU147     NAU148     NAU149     NAU150     NAU153     NAU154
CUB000 1.0300e-01 2.0000e-03 5.4400e-01 2.0000e-03 4.4000e-02 5.4000e-02
CUB003 2.3600e-01 7.4400e-01 5.0000e-03 3.8000e-01 7.6000e-02 1.1800e-01
CUB004 3.0000e-03 1.0000e-03 1.2000e-02 1.0000e-03 1.0000e-03 2.0000e-03
CUB007 3.7500e-01 3.6000e-02 9.0100e-01 6.1000e-02 3.2800e-01 3.1200e-01
CUB008 9.6300e-01 2.2000e-01 1.2800e-01 4.3600e-01 7.6700e-01 8.7700e-01
CUB009 6.2900e-01 5.0200e-01 5.5000e-02 8.1500e-01 3.9200e-01 4.8700e-01
CUB010 7.7200e-01 2.8900e-01 5.2000e-02 5.5500e-01 4.8800e-01 6.5000e-01
CUB011 8.8300e-01 3.2100e-01 1.1800e-01 5.4600e-01 6.5700e-01 7.6900e-01
CUB012 8.3100e-01 1.3600e-01 2.2800e-01 2.2900e-01 9.8300e-01 8.7700e-01
CUB015 2.3100e-01 9.2200e-01 6.0000e-03 4.4400e-01 7.3000e-02 1.1700e-01
CUB016 1.9700e-01 6.6700e-01 7.0000e-03 2.8700e-01 5.9000e-02 1.0200e-01
CUB017 3.8800e-01 1.1000e-02 7.8700e-01 2.7000e-02 2.9200e-01 2.6400e-01
CUB019 8.2000e-01 1.5800e-01 2.7100e-01 2.4700e-01 9.6700e-01 8.6900e-01
CUB026 8.8700e-01 2.7200e-01 3.8100e-01 4.3400e-01 9.9600e-01 9.1900e-01
CUB027 6.3100e-01 1.0000e-01 5.2900e-01 1.6800e-01 6.7500e-01 6.2400e-01
CUB028 8.0500e-01 3.7100e-01 1.0100e-01 6.5200e-01 6.0200e-01 7.2000e-01
CUB029 9.8600e-01 2.0100e-01 1.7100e-01 3.3700e-01 8.1600e-01 9.5100e-01
CUB032 9.7300e-01 2.8300e-01 1.9900e-01 5.1700e-01 8.0200e-01 9.1500e-01
CUB033 5.9400e-01 1.0000e-01 5.2200e-01 1.8500e-01 6.9400e-01 6.1900e-01
CUB036 7.5700e-01 3.5600e-01 7.0000e-02 6.1700e-01 4.7700e-01 6.3800e-01
CUB037 3.6600e-01 1.2000e-02 5.9000e-01 1.1000e-02 2.5900e-01 2.8000e-01
CUB038 9.6200e-01 3.6800e-01 2.8400e-01 5.7400e-01 8.1000e-01 9.0600e-01
CUB040 9.0700e-01 2.8500e-01 1.3200e-01 5.2100e-01 7.0700e-01 8.3500e-01
CUB042 1.3400e-01 5.0000e-03 6.8800e-01 2.0000e-03 6.3000e-02 6.2000e-02
CUB044 6.3800e-01 6.3100e-01 8.4000e-02 9.5500e-01 4.4100e-01 5.6300e-01
CUB048 9.1000e-02 1.0000e-03 4.6500e-01 3.0000e-03 3.2000e-02 3.7000e-02
CUB049 6.6000e-01 6.4000e-02 3.6500e-01 7.3000e-02 6.6900e-01 6.1000e-01
CUB050 7.6000e-02 4.0000e-03 3.4700e-01 2.0000e-03 2.7000e-02 2.5000e-02
CUB051 9.7500e-01 2.5600e-01 1.5700e-01 4.0600e-01 7.8000e-01 9.0200e-01
CUB052 1.1000e-02 1.0000e-03 6.6000e-02 1.0000e-03 2.0000e-03 5.0000e-03
CUB053 1.0000e+00 4.7800e-01 3.8800e-01 6.4800e-01 9.1700e-01 9.6000e-01
CUB056 9.3300e-01 2.8700e-01 1.4700e-01 4.6100e-01 7.5100e-01 8.4600e-01
CUB061 1.1200e-01 3.0000e-03 4.2100e-01 1.0000e-03 1.0000e-02 3.2000e-02
NAU101 9.0000e-03 1.0000e-03 3.3000e-02 1.0000e-03 1.0000e-03 1.0000e-03
NAU102 7.2600e-01 1.6900e-01 4.9700e-01 2.6600e-01 7.9400e-01 6.7200e-01
NAU105 8.0000e-02 9.0000e-03 2.7700e-01 1.0000e-03 2.4000e-02 2.8000e-02
NAU106 4.4800e-01 3.3000e-02 6.5100e-01 3.9000e-02 4.2300e-01 3.9300e-01
NAU107 7.9100e-01 1.9400e-01 3.8700e-01 2.9700e-01 8.8600e-01 8.1400e-01
NAU108 3.2500e-01 5.8800e-01 7.6000e-02 4.1100e-01 2.0700e-01 2.1300e-01
NAU109 2.2100e-01 7.0000e-03 9.5900e-01 5.0000e-03 1.2700e-01 1.5700e-01
NAU110 8.3000e-02 3.0000e-03 4.7500e-01 1.0000e-03 1.9000e-02 3.0000e-02
NAU114 8.0500e-01 2.9000e-01 5.1000e-02 5.2000e-01 5.3100e-01 6.6800e-01
NAU117 5.1200e-01 7.8800e-01 4.6000e-02 8.2900e-01 2.6200e-01 3.4700e-01
NAU121 2.9700e-01 8.7400e-01 6.0000e-03 5.4100e-01 6.9000e-02 1.4100e-01
NAU123 5.0100e-01 2.5000e-02 4.5400e-01 2.2000e-02 4.0900e-01 4.2600e-01
NAU124 4.6100e-01 7.7800e-01 2.7000e-02 8.3200e-01 2.3700e-01 3.0800e-01
NAU129 4.2700e-01 7.1400e-01 8.0000e-03 8.1200e-01 1.4700e-01 2.7600e-01
NAU130 3.4900e-01 1.2000e-02 7.1600e-01 1.7000e-02 2.5700e-01 2.7400e-01
NAU132 2.5300e-01 7.0000e-03 9.1300e-01 6.0000e-03 1.5400e-01 1.6500e-01
NAU133 6.0000e-03 1.0000e-03 1.0000e-02 1.0000e-03 1.0000e-03 1.0000e-03
NAU134 9.7000e-01 1.5300e-01 1.3200e-01 2.1900e-01 7.9000e-01 9.5000e-01
NAU136 1.4500e-01 2.0000e-03 6.8600e-01 1.0000e-03 4.7000e-02 6.2000e-02
NAU139 9.4700e-01 1.6600e-01 7.2000e-02 3.1300e-01 6.8700e-01 8.4700e-01
NAU144 5.1800e-01 3.7000e-02 4.4100e-01 2.9000e-02 5.1900e-01 4.8900e-01
NAU147            3.7700e-01 2.7000e-01 5.4300e-01 8.6000e-01 9.5100e-01
NAU148 3.4190e-01            1.9000e-02 5.9700e-01 1.4700e-01 2.0800e-01
NAU149 2.8726e-01 2.0517e-02            2.6000e-02 2.1600e-01 2.1700e-01
NAU150 5.3031e-01 5.7728e-01 3.1639e-02            2.2500e-01 3.7300e-01
NAU153 8.6087e-01 1.4485e-01 2.3605e-01 2.5317e-01            8.9200e-01
NAU154 9.4580e-01 2.1180e-01 2.2014e-01 3.7772e-01 8.9570e-01           
NAU155 3.7852e-01 9.6811e-01 3.0093e-02 6.4765e-01 1.9420e-01 2.5349e-01
NAU157 4.0361e-01 6.1076e-01 9.9129e-03 8.5894e-01 1.3586e-01 2.4697e-01
NAU159 4.9670e-01 3.6114e-02 5.3887e-01 4.2162e-02 4.4370e-01 4.3420e-01
NAU160 4.7529e-01 5.4557e-02 6.8869e-01 8.6384e-02 4.5911e-01 4.2164e-01
NAU161 4.7574e-02 7.0426e-04 2.0141e-01 2.2149e-04 7.0693e-03 1.5300e-02
NAU164 3.0592e-01 3.4487e-02 8.8276e-01 4.8220e-02 2.4795e-01 2.3437e-01
NCS203 8.7279e-01 3.4814e-01 1.5193e-01 5.9186e-01 6.7904e-01 7.8266e-01
NCS204 9.6003e-01 1.5798e-01 9.4916e-02 3.0656e-01 7.1084e-01 8.6695e-01
NCS210 4.2903e-01 5.7316e-02 8.3824e-01 9.1006e-02 4.0748e-01 3.7119e-01
NCS212 9.0699e-01 3.1537e-01 1.6137e-01 5.3668e-01 7.1125e-01 8.2154e-01
NCS213 3.6623e-01 8.5603e-01 1.5784e-02 6.5631e-01 1.3367e-01 2.2251e-01
NCS214 3.7683e-01 8.7745e-01 4.8091e-02 5.6663e-01 2.1207e-01 2.5885e-01
NCS233 8.2369e-01 2.7696e-01 8.1969e-02 5.2396e-01 5.6686e-01 7.0793e-01
NCS234 3.6494e-01 7.6939e-01 6.6532e-02 5.3317e-01 2.4165e-01 2.6408e-01
NCS237 3.4034e-02 9.8068e-02 6.7329e-04 2.0573e-02 4.1072e-03 8.5036e-03
NCS243 1.7841e-01 8.0833e-03 7.1331e-01 9.1254e-03 1.0447e-01 1.1138e-01
NCS248 8.4273e-01 6.3119e-02 1.2402e-01 1.0172e-01 9.7646e-01 8.8556e-01
NCS253 6.7761e-01 4.8803e-02 2.5857e-01 6.6380e-02 7.3251e-01 6.6392e-01
NCS255 3.5631e-01 8.6672e-01 1.4426e-02 6.3763e-01 1.2474e-01 2.1286e-01
NCS263 8.1560e-01 3.2335e-01 9.6592e-02 5.6415e-01 5.5447e-01 6.9975e-01
           NAU155     NAU157     NAU159     NAU160     NAU161     NAU164
CUB000 6.0000e-03 2.0000e-03 1.2200e-01 2.9700e-01 3.7500e-01 7.1800e-01
CUB003 7.2000e-01 3.6200e-01 2.6000e-02 3.5000e-02 1.0000e-03 1.0000e-02
CUB004 1.0000e-03 1.0000e-03 1.0000e-03 6.0000e-03 5.2000e-02 4.8000e-02
CUB007 4.1000e-02 3.0000e-02 6.8700e-01 8.2300e-01 2.0900e-01 8.2800e-01
CUB008 2.4000e-01 2.6500e-01 2.9800e-01 2.9300e-01 1.0000e-03 1.6700e-01
CUB009 5.3100e-01 6.8100e-01 1.0100e-01 1.4000e-01 1.0000e-03 5.4000e-02
CUB010 3.3500e-01 3.5800e-01 9.5000e-02 1.5200e-01 1.0000e-03 5.6000e-02
CUB011 3.8000e-01 3.7100e-01 2.5800e-01 2.5400e-01 1.0000e-03 1.4200e-01
CUB012 1.7000e-01 8.5000e-02 4.4600e-01 4.5500e-01 6.0000e-03 2.2700e-01
CUB015 9.0500e-01 4.3200e-01 1.4000e-02 2.3000e-02 1.0000e-03 1.6000e-02
CUB016 6.3200e-01 3.0100e-01 1.2000e-02 2.6000e-02 2.0000e-03 1.5000e-02
CUB017 2.1000e-02 7.0000e-03 7.3500e-01 8.8100e-01 4.9000e-02 6.9100e-01
CUB019 1.7600e-01 1.3900e-01 5.4600e-01 5.0800e-01 1.0000e-02 2.7800e-01
CUB026 2.9200e-01 2.7100e-01 6.3900e-01 5.9500e-01 6.6000e-02 3.9800e-01
CUB027 1.2000e-01 9.2000e-02 8.6900e-01 7.9900e-01 6.2000e-02 4.6400e-01
CUB028 4.4900e-01 4.7600e-01 2.3400e-01 2.7300e-01 4.0000e-03 1.5400e-01
CUB029 2.7300e-01 2.2000e-01 3.0100e-01 3.6900e-01 4.0000e-03 2.0800e-01
CUB032 3.6300e-01 3.5800e-01 4.0400e-01 3.9100e-01 1.3000e-02 2.1200e-01
CUB033 1.3100e-01 1.0700e-01 8.8400e-01 7.9500e-01 6.2000e-02 4.9800e-01
CUB036 4.3200e-01 4.5400e-01 1.0800e-01 1.7600e-01 1.0000e-03 1.0900e-01
CUB037 2.5000e-02 1.0000e-03 8.2300e-01 9.8500e-01 1.0000e-03 5.0200e-01
CUB038 4.1000e-01 4.7200e-01 4.9300e-01 4.5900e-01 3.6000e-02 2.6700e-01
CUB040 3.2800e-01 3.6000e-01 2.9900e-01 2.7900e-01 2.0000e-03 1.5300e-01
CUB042 6.0000e-03 2.0000e-03 1.9800e-01 4.2300e-01 1.9600e-01 8.8500e-01
CUB044 6.7000e-01 8.4900e-01 2.1300e-01 2.2000e-01 8.0000e-03 1.1500e-01
CUB048 5.0000e-03 1.0000e-03 1.2600e-01 2.5100e-01 5.2700e-01 6.5000e-01
CUB049 1.0500e-01 3.0000e-02 7.4300e-01 6.8900e-01 8.0000e-03 3.9700e-01
CUB050 2.0000e-03 1.0000e-03 6.6000e-02 2.0800e-01 7.6600e-01 5.0400e-01
CUB051 2.9600e-01 2.4600e-01 2.8100e-01 3.4900e-01 3.0000e-03 1.7400e-01
CUB052 1.0000e-03 1.0000e-03 2.0000e-03 2.9000e-02 5.0400e-01 1.8400e-01
CUB053 4.6400e-01 5.5100e-01 6.5100e-01 6.1000e-01 1.6300e-01 4.3900e-01
CUB056 3.3400e-01 3.2700e-01 2.8500e-01 3.1200e-01 3.0000e-03 1.6200e-01
CUB061 4.0000e-03 1.0000e-03 2.3000e-02 2.3800e-01 3.2300e-01 6.1800e-01
NAU101 1.0000e-03 1.0000e-03 2.0000e-03 1.6000e-02 1.9700e-01 1.0300e-01
NAU102 1.8200e-01 1.4900e-01 8.2700e-01 7.4600e-01 6.6000e-02 4.6900e-01
NAU105 4.0000e-03 1.0000e-03 6.1000e-02 1.8000e-01 9.9400e-01 4.3900e-01
NAU106 5.2000e-02 1.9000e-02 8.7900e-01 9.7800e-01 3.8000e-02 5.7600e-01
NAU107 2.1300e-01 2.0200e-01 6.7500e-01 6.4500e-01 4.3000e-02 3.7500e-01
NAU108 5.6400e-01 3.6400e-01 1.3800e-01 1.5000e-01 2.5000e-02 1.1000e-01
NAU109 1.3000e-02 1.0000e-03 3.7700e-01 6.5600e-01 2.0000e-02 8.2600e-01
NAU110 3.0000e-03 1.0000e-03 6.0000e-02 2.3400e-01 3.5000e-01 6.6200e-01
NAU114 3.6000e-01 3.4000e-01 8.8000e-02 1.7300e-01 1.0000e-03 7.8000e-02
NAU117 8.3400e-01 9.1300e-01 9.0000e-02 1.1600e-01 2.0000e-03 6.3000e-02
NAU121 9.0700e-01 6.5800e-01 2.0000e-03 1.8000e-02 1.0000e-03 9.0000e-03
NAU123 4.6000e-02 9.0000e-03 9.4500e-01 8.4000e-01 2.0000e-03 4.6300e-01
NAU124 7.9100e-01 9.2900e-01 7.5000e-02 9.1000e-02 2.0000e-03 4.8000e-02
NAU129 7.5200e-01 9.2900e-01 1.4000e-02 5.9000e-02 1.0000e-03 2.5000e-02
NAU130 2.5000e-02 3.0000e-03 7.0100e-01 9.2200e-01 1.7000e-02 6.4600e-01
NAU132 1.5000e-02 3.0000e-03 4.5900e-01 7.2900e-01 4.4000e-02 7.9200e-01
NAU133 1.0000e-03 1.0000e-03 1.0000e-03 7.0000e-03 7.5000e-02 3.3000e-02
NAU134 2.1000e-01 9.7000e-02 1.6600e-01 3.1400e-01 1.0000e-03 1.5200e-01
NAU136 1.0000e-02 1.0000e-03 1.4100e-01 3.8400e-01 1.0800e-01 8.8200e-01
NAU139 2.1800e-01 1.2900e-01 1.1400e-01 2.0800e-01 1.0000e-03 9.6000e-02
NAU144 6.3000e-02 9.0000e-03 8.6900e-01 7.9000e-01 1.0000e-03 4.3400e-01
NAU147 4.1300e-01 4.1700e-01 5.1500e-01 4.7200e-01 4.2000e-02 3.2000e-01
NAU148 9.6200e-01 6.2100e-01 3.3000e-02 4.9000e-02 1.0000e-03 2.9000e-02
NAU149 2.4000e-02 1.0000e-02 5.5800e-01 7.0500e-01 2.0500e-01 9.0200e-01
NAU150 6.8800e-01 8.5100e-01 5.4000e-02 9.8000e-02 1.0000e-03 4.7000e-02
NAU153 1.8900e-01 1.3200e-01 4.4700e-01 4.5300e-01 3.0000e-03 2.6100e-01
NAU154 2.2900e-01 2.3500e-01 4.4100e-01 4.2400e-01 9.0000e-03 2.4400e-01
NAU155            6.8800e-01 7.5000e-02 7.0000e-02 2.0000e-03 3.8000e-02
NAU157 6.8816e-01            1.3000e-02 3.1000e-02 1.0000e-03 1.1000e-02
NAU159 6.6885e-02 1.0404e-02            8.9200e-01 4.0000e-03 5.1500e-01
NAU160 7.5227e-02 3.5627e-02 8.8370e-01            9.5000e-02 6.6500e-01
NAU161 2.2544e-03 1.1600e-05 7.5455e-03 9.5140e-02            3.7500e-01
NAU164 4.6380e-02 1.7807e-02 4.9809e-01 6.2966e-01 3.5740e-01           
NCS203 3.9199e-01 4.5247e-01 3.0803e-01 3.0527e-01 1.2231e-02 1.7335e-01
NCS204 2.2520e-01 1.5876e-01 1.5951e-01 2.4125e-01 2.7801e-04 1.1305e-01
NCS210 7.2817e-02 4.0617e-02 7.6242e-01 8.7581e-01 1.9793e-01 7.6092e-01
NCS212 3.6622e-01 3.9184e-01 3.0754e-01 3.2123e-01 9.7876e-03 1.8365e-01
NCS213 9.0462e-01 7.2224e-01 1.9286e-02 4.5989e-02 1.2363e-04 2.7694e-02
NCS214 8.5606e-01 5.7585e-01 9.6535e-02 1.0110e-01 7.7336e-03 7.1667e-02
NCS233 3.4313e-01 3.5699e-01 1.5349e-01 2.0214e-01 1.0155e-03 1.0163e-01
NCS234 7.4592e-01 5.2831e-01 1.4592e-01 1.2650e-01 2.2562e-02 9.2893e-02
NCS237 1.1450e-01 1.0090e-02 7.6966e-04 2.1888e-03 2.3213e-05 2.3199e-03
NCS243 1.4496e-02 1.8552e-03 2.6248e-01 4.4215e-01 3.0528e-01 8.7276e-01
NCS248 1.1834e-01 2.7658e-02 1.7153e-01 3.2137e-01 1.2482e-05 1.3838e-01
NCS253 9.2347e-02 1.6762e-02 4.6648e-01 5.3991e-01 2.6367e-04 2.6038e-01
NCS255 9.1501e-01 7.0078e-01 1.6556e-02 4.2648e-02 9.3856e-05 2.5758e-02
NCS263 3.9942e-01 3.9100e-01 1.3935e-01 2.1815e-01 9.2482e-04 1.2123e-01
           NCS203     NCS204     NCS210     NCS212     NCS213     NCS214
CUB000 3.2000e-02 5.0000e-03 4.4900e-01 4.2000e-02 3.0000e-03 9.0000e-03
CUB003 2.0100e-01 7.3000e-02 2.7000e-02 2.1200e-01 5.7500e-01 9.1400e-01
CUB004 2.0000e-03 1.0000e-03 2.1000e-02 2.0000e-03 1.0000e-03 2.0000e-03
CUB007 1.8700e-01 1.4700e-01 9.3000e-01 2.2200e-01 3.1000e-02 6.7000e-02
CUB008 8.6200e-01 9.9600e-01 2.6600e-01 9.3800e-01 2.4100e-01 2.8800e-01
CUB009 7.3700e-01 4.8700e-01 1.3900e-01 7.0900e-01 4.9600e-01 4.8900e-01
CUB010 9.1300e-01 6.7700e-01 1.5300e-01 8.7200e-01 2.9200e-01 3.2000e-01
CUB011 9.9600e-01 8.6100e-01 2.5600e-01 9.6000e-01 3.1500e-01 3.9500e-01
CUB012 6.2800e-01 6.7300e-01 4.1100e-01 6.7200e-01 1.0800e-01 1.8500e-01
CUB015 2.3300e-01 5.1000e-02 2.9000e-02 2.0000e-01 7.6100e-01 9.1900e-01
CUB016 1.7600e-01 6.4000e-02 2.4000e-02 1.7500e-01 4.9000e-01 8.2600e-01
CUB017 1.8900e-01 9.6000e-02 9.7100e-01 2.0100e-01 1.8000e-02 4.2000e-02
CUB019 6.5800e-01 6.7600e-01 4.3000e-01 7.0800e-01 1.4600e-01 1.9100e-01
CUB026 7.3500e-01 7.9200e-01 5.3300e-01 7.6400e-01 2.7200e-01 3.0600e-01
CUB027 4.4500e-01 4.4700e-01 7.2500e-01 4.7900e-01 1.0400e-01 1.6000e-01
CUB028 9.3200e-01 7.5700e-01 2.3700e-01 8.8300e-01 4.1700e-01 4.1200e-01
CUB029 8.1500e-01 9.1500e-01 3.0900e-01 8.6800e-01 1.8500e-01 2.8400e-01
CUB032 8.8900e-01 9.9500e-01 3.6400e-01 9.4000e-01 3.1200e-01 3.3400e-01
CUB033 4.5300e-01 4.5500e-01 6.7200e-01 5.1500e-01 1.1600e-01 1.3700e-01
CUB036 8.8400e-01 6.2300e-01 1.6100e-01 8.1400e-01 3.5600e-01 3.8700e-01
CUB037 1.7100e-01 4.7000e-02 8.1600e-01 1.8100e-01 4.0000e-03 3.9000e-02
CUB038 9.1800e-01 9.8200e-01 4.2200e-01 9.6400e-01 4.3400e-01 4.1200e-01
CUB040 9.4600e-01 9.2200e-01 2.5900e-01 9.9300e-01 3.1600e-01 3.2500e-01
CUB042 3.5000e-02 1.2000e-02 5.9500e-01 5.5000e-02 1.0000e-03 1.2000e-02
CUB044 7.2100e-01 5.7900e-01 1.6900e-01 6.5800e-01 7.0000e-01 6.1200e-01
CUB048 2.4000e-02 3.0000e-03 3.8400e-01 2.5000e-02 1.0000e-03 8.0000e-03
CUB049 4.4500e-01 3.5300e-01 6.2000e-01 4.7700e-01 4.4000e-02 1.3900e-01
CUB050 1.7000e-02 2.0000e-03 3.2400e-01 2.6000e-02 3.0000e-03 5.0000e-03
CUB051 8.8700e-01 9.9100e-01 3.1900e-01 9.0400e-01 2.1200e-01 3.1500e-01
CUB052 2.0000e-03 1.0000e-03 7.6000e-02 3.0000e-03 1.0000e-03 3.0000e-03
CUB053 8.9600e-01 9.5800e-01 5.2900e-01 9.4100e-01 5.2600e-01 4.4300e-01
CUB056 9.3200e-01 9.4200e-01 2.7900e-01 9.5700e-01 2.8400e-01 3.2100e-01
CUB061 3.5000e-02 1.0000e-03 4.1000e-01 2.9000e-02 1.0000e-03 1.0000e-02
NAU101 1.0000e-03 1.0000e-03 4.6000e-02 1.0000e-03 1.0000e-03 1.0000e-03
NAU102 5.6100e-01 5.5400e-01 6.4200e-01 5.7000e-01 1.5100e-01 2.1400e-01
NAU105 2.1000e-02 5.0000e-03 2.5400e-01 2.2000e-02 1.0000e-03 1.4000e-02
NAU106 2.5900e-01 1.7600e-01 8.5800e-01 2.8900e-01 2.8000e-02 7.6000e-02
NAU107 6.5200e-01 6.6900e-01 5.5800e-01 6.9600e-01 2.0500e-01 2.5000e-01
NAU108 2.8600e-01 2.0200e-01 1.1700e-01 2.8600e-01 5.4800e-01 7.0200e-01
NAU109 8.6000e-02 2.3000e-02 8.4800e-01 9.0000e-02 3.0000e-03 2.7000e-02
NAU110 2.1000e-02 2.0000e-03 4.1000e-01 3.0000e-02 1.0000e-03 6.0000e-03
NAU114 9.4700e-01 7.1900e-01 1.8400e-01 8.8600e-01 2.6500e-01 3.6100e-01
NAU117 5.2600e-01 2.9900e-01 1.2100e-01 4.9800e-01 9.0700e-01 7.2200e-01
NAU121 2.9300e-01 4.5000e-02 2.9000e-02 2.5400e-01 9.7100e-01 7.4900e-01
NAU123 2.8400e-01 1.5400e-01 6.9100e-01 2.8700e-01 7.0000e-03 6.4000e-02
NAU124 4.9500e-01 2.9700e-01 9.7000e-02 4.7000e-01 8.7700e-01 7.1200e-01
NAU129 4.7700e-01 1.7300e-01 4.8000e-02 4.2100e-01 8.0100e-01 6.5300e-01
NAU130 1.5700e-01 6.0000e-02 9.3500e-01 1.7500e-01 5.0000e-03 5.1000e-02
NAU132 1.0800e-01 3.1000e-02 8.9700e-01 1.1500e-01 8.0000e-03 3.2000e-02
NAU133 1.0000e-03 1.0000e-03 2.0000e-02 1.0000e-03 1.0000e-03 2.0000e-03
NAU134 7.9100e-01 8.7000e-01 3.0100e-01 8.2700e-01 1.1500e-01 2.4900e-01
NAU136 3.8000e-02 8.0000e-03 5.7300e-01 5.2000e-02 1.0000e-03 1.8000e-02
NAU139 8.8500e-01 9.7000e-01 2.1600e-01 9.2700e-01 1.2500e-01 2.4500e-01
NAU144 3.4400e-01 1.5900e-01 7.0900e-01 3.2200e-01 1.7000e-02 7.2000e-02
NAU147 8.7800e-01 9.6800e-01 4.4700e-01 9.1600e-01 3.7300e-01 4.0100e-01
NAU148 3.6900e-01 1.5100e-01 5.9000e-02 3.4800e-01 8.6200e-01 8.6900e-01
NAU149 1.2900e-01 8.5000e-02 8.4100e-01 1.5000e-01 1.3000e-02 4.1000e-02
NAU150 5.8600e-01 2.9500e-01 8.6000e-02 5.3600e-01 6.8300e-01 5.7100e-01
NAU153 6.7400e-01 7.2700e-01 4.0900e-01 7.1400e-01 1.2400e-01 2.2600e-01
NAU154 7.8000e-01 8.5000e-01 4.0100e-01 8.1300e-01 2.2700e-01 2.5300e-01
NAU155 3.9900e-01 2.0300e-01 8.5000e-02 3.5900e-01 8.9800e-01 8.7500e-01
NAU157 4.6400e-01 1.3500e-01 4.0000e-02 4.1800e-01 7.1000e-01 6.0100e-01
NAU159 3.0100e-01 1.4200e-01 7.5100e-01 3.3500e-01 1.8000e-02 9.0000e-02
NAU160 3.0300e-01 2.2700e-01 8.8100e-01 3.5400e-01 4.4000e-02 1.0100e-01
NAU161 5.0000e-03 1.0000e-03 1.9700e-01 8.0000e-03 1.0000e-03 5.0000e-03
NAU164 1.6000e-01 1.0100e-01 7.6200e-01 1.8600e-01 1.8000e-02 7.2000e-02
NCS203            8.5500e-01 2.7600e-01 9.6700e-01 3.6100e-01 3.4700e-01
NCS204 8.5891e-01            2.0800e-01 9.0900e-01 1.4100e-01 2.2600e-01
NCS210 2.7277e-01 2.2400e-01            3.0800e-01 4.0000e-02 9.3000e-02
NCS212 9.5910e-01 9.0489e-01 2.9122e-01            3.6000e-01 3.7400e-01
NCS213 3.8445e-01 1.4212e-01 5.1806e-02 3.3763e-01            7.8400e-01
NCS214 3.7268e-01 2.3145e-01 9.8533e-02 3.5605e-01 7.6448e-01           
NCS233 9.6506e-01 7.6515e-01 1.8845e-01 9.1464e-01 2.9126e-01 3.2740e-01
NCS234 3.5468e-01 2.6523e-01 1.1574e-01 3.5349e-01 6.8230e-01 8.8584e-01
NCS237 1.9318e-02 1.9411e-03 3.2451e-03 1.6243e-02 4.4816e-02 2.5415e-01
NCS243 7.7666e-02 2.6151e-02 5.9871e-01 7.8305e-02 4.4715e-03 2.8702e-02
NCS248 6.2054e-01 5.8027e-01 2.9296e-01 6.4613e-01 3.6556e-02 1.3974e-01
NCS253 4.6351e-01 3.2936e-01 4.7276e-01 4.7296e-01 2.6491e-02 1.1929e-01
NCS255 3.7278e-01 1.3021e-01 4.8744e-02 3.2542e-01 9.8520e-01 7.7158e-01
NCS263 9.4056e-01 7.2725e-01 2.1264e-01 8.9173e-01 3.2693e-01 3.8510e-01
           NCS233     NCS234     NCS237     NCS243     NCS248     NCS253
CUB000 1.1000e-02 2.7000e-02 1.0000e-03 8.3500e-01 7.0000e-03 2.8000e-02
CUB003 1.5200e-01 9.4100e-01 1.9000e-01 3.0000e-03 3.6000e-02 3.9000e-02
CUB004 1.0000e-03 5.0000e-03 1.0000e-03 2.2000e-02 1.0000e-03 1.0000e-03
CUB007 1.4200e-01 8.8000e-02 2.0000e-03 6.5200e-01 2.2500e-01 4.1800e-01
CUB008 8.3100e-01 2.9200e-01 3.0000e-03 4.6000e-02 6.9200e-01 5.2000e-01
CUB009 7.1900e-01 4.7300e-01 1.2000e-02 1.9000e-02 2.7700e-01 1.5900e-01
CUB010 9.4400e-01 3.4400e-01 5.0000e-03 1.2000e-02 3.5000e-01 1.8800e-01
CUB011 9.5700e-01 3.9000e-01 8.0000e-03 4.2000e-02 5.1200e-01 3.5400e-01
CUB012 5.2600e-01 2.0600e-01 3.0000e-03 8.8000e-02 9.5100e-01 7.5800e-01
CUB015 1.6400e-01 7.9900e-01 5.9000e-02 2.0000e-03 2.1000e-02 1.0000e-02
CUB016 1.3200e-01 9.9300e-01 2.4400e-01 2.0000e-03 2.1000e-02 1.9000e-02
CUB017 9.3000e-02 9.6000e-02 1.0000e-03 4.4500e-01 1.3700e-01 3.0700e-01
CUB019 5.6600e-01 2.4400e-01 4.0000e-03 1.1100e-01 9.3200e-01 8.1000e-01
CUB026 7.0100e-01 2.9300e-01 3.0000e-02 2.4000e-01 9.7000e-01 8.5400e-01
CUB027 3.5700e-01 1.7000e-01 3.0000e-03 3.1200e-01 5.7600e-01 8.1000e-01
CUB028 9.5700e-01 4.2200e-01 1.6000e-02 5.3000e-02 5.3500e-01 3.6700e-01
CUB029 7.3400e-01 2.9700e-01 6.0000e-03 5.9000e-02 7.8300e-01 5.0800e-01
CUB032 8.3600e-01 3.5400e-01 2.2000e-02 1.1100e-01 7.6600e-01 5.7500e-01
CUB033 3.8400e-01 1.5800e-01 4.0000e-03 3.2000e-01 6.1100e-01 8.3600e-01
CUB036 9.0100e-01 4.0200e-01 4.0000e-03 1.9000e-02 3.1500e-01 1.9000e-01
CUB037 6.7000e-02 8.2000e-02 1.0000e-03 2.3000e-01 3.4000e-02 2.1200e-01
CUB038 9.0900e-01 3.8500e-01 3.0000e-02 1.4600e-01 7.7700e-01 6.5700e-01
CUB040 8.9800e-01 3.2000e-01 1.0000e-02 5.7000e-02 6.8100e-01 4.5900e-01
CUB042 1.4000e-02 3.2000e-02 1.0000e-03 9.8600e-01 1.0000e-02 4.3000e-02
CUB044 7.3000e-01 5.4300e-01 6.6000e-02 5.0000e-02 3.8400e-01 3.2200e-01
CUB048 1.0000e-02 2.1000e-02 1.0000e-03 7.2400e-01 9.0000e-03 3.8000e-02
CUB049 2.9000e-01 1.9700e-01 4.0000e-03 1.6900e-01 5.0700e-01 8.4700e-01
CUB050 9.0000e-03 2.0000e-02 1.0000e-03 5.2800e-01 5.0000e-03 1.3000e-02
CUB051 7.9700e-01 3.2800e-01 1.0000e-02 5.3000e-02 7.1300e-01 4.9000e-01
CUB052 1.0000e-03 3.0000e-03 1.0000e-03 1.1900e-01 1.0000e-03 1.0000e-03
CUB053 8.6100e-01 3.8400e-01 8.5000e-02 3.1200e-01 9.1300e-01 7.8900e-01
CUB056 8.6900e-01 3.5300e-01 7.0000e-03 4.8000e-02 6.5700e-01 4.5600e-01
CUB061 3.0000e-03 4.5000e-02 1.0000e-03 6.4100e-01 1.0000e-03 1.0000e-03
NAU101 1.0000e-03 2.0000e-03 1.0000e-03 4.7000e-02 1.0000e-03 1.0000e-03
NAU102 4.8100e-01 2.3400e-01 1.0000e-02 3.2000e-01 7.0400e-01 9.3400e-01
NAU105 3.0000e-03 2.3000e-02 1.0000e-03 4.3700e-01 2.0000e-03 1.4000e-02
NAU106 1.5500e-01 1.1200e-01 3.0000e-03 3.6600e-01 2.4600e-01 4.9900e-01
NAU107 5.5600e-01 2.3600e-01 7.0000e-03 2.2100e-01 8.6200e-01 9.2400e-01
NAU108 2.7400e-01 7.9900e-01 7.5900e-01 5.4000e-02 1.7100e-01 1.6700e-01
NAU109 2.1000e-02 5.9000e-02 1.0000e-03 5.9700e-01 1.7000e-02 8.6000e-02
NAU110 7.0000e-03 2.4000e-02 1.0000e-03 7.4700e-01 1.0000e-03 5.0000e-03
NAU114 9.8300e-01 3.7100e-01 9.0000e-03 2.1000e-02 3.2600e-01 1.9100e-01
NAU117 4.8000e-01 6.6200e-01 5.8000e-02 2.1000e-02 1.8000e-01 1.2900e-01
NAU121 1.8900e-01 6.8200e-01 1.8000e-02 1.0000e-03 2.0000e-03 3.0000e-03
NAU123 1.4900e-01 9.4000e-02 1.0000e-03 1.9700e-01 1.7900e-01 5.1300e-01
NAU124 4.8000e-01 6.2000e-01 6.1000e-02 1.6000e-02 1.6700e-01 1.2100e-01
NAU129 3.5900e-01 6.2100e-01 1.9000e-02 3.0000e-03 4.9000e-02 3.2000e-02
NAU130 6.6000e-02 9.0000e-02 2.0000e-03 3.9600e-01 6.2000e-02 2.2300e-01
NAU132 3.7000e-02 5.3000e-02 1.0000e-03 5.8200e-01 2.8000e-02 1.3900e-01
NAU133 1.0000e-03 3.0000e-03 1.0000e-03 2.3000e-02 1.0000e-03 1.0000e-03
NAU134 6.6700e-01 3.2000e-01 3.0000e-03 2.4000e-02 6.5900e-01 3.5200e-01
NAU136 9.0000e-03 4.1000e-02 1.0000e-03 9.6500e-01 1.0000e-03 1.2000e-02
NAU139 7.9700e-01 2.8100e-01 3.0000e-03 1.8000e-02 4.7900e-01 2.1800e-01
NAU144 1.7900e-01 1.4600e-01 4.0000e-03 1.8900e-01 2.3200e-01 5.9900e-01
NAU147 8.3500e-01 3.8800e-01 3.2000e-02 1.8000e-01 8.5800e-01 6.7800e-01
NAU148 2.7300e-01 7.8900e-01 9.7000e-02 1.1000e-02 6.5000e-02 5.5000e-02
NAU149 6.6000e-02 5.1000e-02 1.0000e-03 7.1200e-01 1.2700e-01 2.6200e-01
NAU150 5.5000e-01 5.4600e-01 2.0000e-02 7.0000e-03 1.0200e-01 6.0000e-02
NAU153 5.8000e-01 2.4800e-01 3.0000e-03 1.1000e-01 9.7200e-01 7.4400e-01
NAU154 7.1400e-01 2.6700e-01 4.0000e-03 9.6000e-02 8.9000e-01 6.6100e-01
NAU155 3.6200e-01 7.5400e-01 1.2300e-01 9.0000e-03 1.1800e-01 8.2000e-02
NAU157 3.5600e-01 5.4500e-01 1.1000e-02 4.0000e-03 3.1000e-02 1.9000e-02
NAU159 1.6700e-01 1.6200e-01 1.0000e-03 2.9100e-01 1.9700e-01 4.7100e-01
NAU160 2.1800e-01 1.2500e-01 4.0000e-03 4.2700e-01 3.3200e-01 5.7100e-01
NAU161 2.0000e-03 1.0000e-02 1.0000e-03 3.0300e-01 1.0000e-03 1.0000e-03
NAU164 9.7000e-02 1.0000e-01 2.0000e-03 8.6500e-01 1.4700e-01 2.5800e-01
NCS203 9.6700e-01 3.5900e-01 2.1000e-02 7.3000e-02 6.3200e-01 4.6100e-01
NCS204 7.6700e-01 2.6800e-01 3.0000e-03 1.7000e-02 5.9800e-01 3.1300e-01
NCS210 2.0800e-01 1.1700e-01 1.0000e-03 5.9900e-01 3.0700e-01 4.7800e-01
NCS212 9.0900e-01 3.7800e-01 1.2000e-02 8.5000e-02 6.6600e-01 4.7500e-01
NCS213 2.8800e-01 6.9300e-01 4.5000e-02 5.0000e-03 3.1000e-02 2.9000e-02
NCS214 3.2900e-01 8.9600e-01 2.7200e-01 1.6000e-02 1.4500e-01 1.2600e-01
NCS233            3.4800e-01 5.0000e-03 2.2000e-02 4.6200e-01 2.7800e-01
NCS234 3.3595e-01            4.7000e-01 5.0000e-02 1.9000e-01 1.6600e-01
NCS237 6.3221e-03 4.3015e-01            1.0000e-03 1.0000e-03 2.0000e-03
NCS243 2.7744e-02 4.9618e-02 2.6199e-04            2.4000e-02 6.4000e-02
NCS248 4.3603e-01 1.9273e-01 3.6384e-04 2.5892e-02            4.8700e-01
NCS253 2.7635e-01 1.7250e-01 5.1431e-04 8.1148e-02 4.6131e-01           
NCS255 2.7663e-01 6.8787e-01 4.3864e-02 3.9257e-03 3.0702e-02 2.2369e-02
NCS263 9.6432e-01 4.0078e-01 1.0923e-02 3.2944e-02 3.7789e-01 2.3857e-01
           NCS255 NCS263
CUB000 1.0000e-03  0.010
CUB003 6.1700e-01  0.221
CUB004 1.0000e-03  0.003
CUB007 2.4000e-02  0.146
CUB008 2.3100e-01  0.790
CUB009 5.4300e-01  0.766
CUB010 2.8700e-01  0.993
CUB011 3.0800e-01  0.933
CUB012 1.0600e-01  0.515
CUB015 7.6200e-01  0.208
CUB016 5.2500e-01  0.162
CUB017 1.3000e-02  0.087
CUB019 1.2800e-01  0.548
CUB026 2.8200e-01  0.673
CUB027 8.1000e-02  0.362
CUB028 4.1800e-01  0.986
CUB029 1.8000e-01  0.715
CUB032 2.7800e-01  0.835
CUB033 9.0000e-02  0.401
CUB036 3.5500e-01  0.943
CUB037 5.0000e-03  0.041
CUB038 4.2600e-01  0.883
CUB040 3.0100e-01  0.872
CUB042 1.0000e-03  0.012
CUB044 7.1600e-01  0.744
CUB048 1.0000e-03  0.006
CUB049 4.9000e-02  0.284
CUB050 1.0000e-03  0.004
CUB051 2.3900e-01  0.760
CUB052 1.0000e-03  0.001
CUB053 5.1500e-01  0.875
CUB056 2.8000e-01  0.850
CUB061 1.0000e-03  0.002
NAU101 1.0000e-03  0.001
NAU102 1.4500e-01  0.476
NAU105 1.0000e-03  0.008
NAU106 2.0000e-02  0.150
NAU107 2.0700e-01  0.593
NAU108 5.4300e-01  0.359
NAU109 2.0000e-03  0.018
NAU110 1.0000e-03  0.010
NAU114 2.4900e-01  0.988
NAU117 8.8900e-01  0.522
NAU121 9.8900e-01  0.201
NAU123 1.0000e-02  0.122
NAU124 8.5900e-01  0.509
NAU129 7.9800e-01  0.399
NAU130 4.0000e-03  0.061
NAU132 2.0000e-03  0.034
NAU133 1.0000e-03  0.001
NAU134 1.0300e-01  0.627
NAU136 2.0000e-03  0.009
NAU139 1.1700e-01  0.747
NAU144 1.7000e-02  0.138
NAU147 3.8500e-01  0.801
NAU148 8.6100e-01  0.340
NAU149 1.0000e-02  0.080
NAU150 6.5000e-01  0.555
NAU153 1.1700e-01  0.555
NAU154 2.0400e-01  0.704
NAU155 9.1800e-01  0.414
NAU157 7.0600e-01  0.412
NAU159 2.2000e-02  0.146
NAU160 4.8000e-02  0.230
NAU161 1.0000e-03  0.001
NAU164 3.0000e-02  0.104
NCS203 3.9900e-01  0.946
NCS204 1.2600e-01  0.742
NCS210 4.3000e-02  0.225
NCS212 3.3900e-01  0.886
NCS213 9.7800e-01  0.321
NCS214 7.8100e-01  0.421
NCS233 2.8700e-01  0.964
NCS234 6.7400e-01  0.412
NCS237 5.5000e-02  0.010
NCS243 3.0000e-03  0.032
NCS248 2.1000e-02  0.381
NCS253 2.4000e-02  0.245
NCS255             0.309
NCS263 3.1026e-01       
