NCS263_vs._NCS263	0.084759961	0.071829847	0.052009234	0.056847324	0.021294232	0.198616607	0.093270096	0.074494913	0.091644687	0.081459105	0.23715138	0.044129721	0.093162087	0.071200843	0.223652696	0.076033286	0.049856104	0.206474091	0.050874378	0.197768103	0.194586213
NAU109_vs._NAU109	0.054906174	0.030995086	0.050831878	0.084078813	0.083219803	0.083346435	0.147862261	0.0622013	0.04393054	0.02684275	0.076734403	0.128102509	0.118760019	0.190403105	0.09510976	0.039710652	0.067766503	0.094213311	0.085831817	0.160233531	0.060176454	0.074496657	0.119041585	0.111798339	0.180889445	0.084843214	0.107339826	0.090583424	0.191225202	0.090468901	0.051441882	0.14006418	0.069314181	0.146208858	0.055200711	0.137227041
CUB026_vs._CUB026	0.135897727	0.104555208	0.099443753	0.082734973	0.088013192	0.124876306	0.11789249	0.066265647	0.07882088	0.099905778	0.119777267	0.123758819	0.124000127	0.049006019	0.057168979	0.089672848	0.10655478	0.090805164	0.047565592	0.073013181	0.088147039	0.077458769	0.075661177	0.085174095	0.069396481	0.133669642	0.095359292	0.101517146
NCS204_vs._NCS204	0.093581515	0.077250088	0.073673668	0.058098014	0.077324124	0.149001734	0.160886293	0.076688733	0.100094265	0.078543531	0.062493673	0.094674043	0.177462277	0.1884747	0.102091314	0.099269022	0.069521182	0.079419724	0.14061067	0.147539455	0.065464819	0.069663582	0.067951164	0.129724058	0.169638703	0.078996121	0.074520082	0.146460716	0.165142117	0.076175441	0.113082132	0.123918813	0.057646975	0.107992987	0.102011169	0.124489202
NAU149_vs._NAU149	0.296451036	0.052917948	0.066368118	0.166858497	0.093438211	0.050017553	0.055344262	0.07865843	0.289256382	0.266000052	0.254050779	0.349956919	0.294695519	0.29466557	0.247161518	0.059125406	0.147357425	0.091243117	0.051901547	0.0661694	0.06259299	0.115992243	0.132599631	0.057240509	0.084023182	0.04905221	0.22566435	0.151085034	0.187491635	0.142833489	0.102885468	0.077054553	0.124127305	0.069352197	0.066123085	0.078889506
NAU134_vs._NAU134	0.167644636	0.149053831	0.086724269	0.056714517	0.093830264	0.065954682	0.052110923	0.146491095	0.149931907	0.11429221	0.180205822	0.1226674	0.1263912	0.102150743	0.175058543	0.055935144	0.077218517	0.113758861	0.072785769	0.095143097	0.12581625
CUB028_vs._CUB028	0.082537776	0.193080499	0.122885114	0.097395916	0.082543041	0.234054286	0.11813888	0.193562511	0.089381888	0.087183464	0.059700105	0.221714918	0.087292946	0.232981631	0.173873449	0.190021806	0.326593879	0.227255343	0.105205642	0.093332045	0.211211692	0.058629722	0.054838979	0.25355047	0.103869562	0.219262805	0.080999151	0.168012704
NAU133_vs._NAU133	0.139439771	0.116668055	0.108432699	0.127228117	0.107386079	0.194521159	0.077280816	0.132225437	0.189793118	0.181608406	0.127316732	0.205062078	0.269896894	0.125430033	0.21464742	0.085165924	0.127238398	0.083201262	0.153948156	0.103872831	0.08918136	0.126107352	0.12325688	0.125131128	0.091964229	0.100652986	0.177092166	0.231280386	0.085798993	0.134907342	0.156023916	0.123234099	0.115621914	0.190609771	0.179284536	0.121240055
NAU159_vs._NAU159	0.153489589	0.119813504	0.135286811	0.084046807	0.159277578	0.109693974	0.135518077	0.1288842	0.151563936	0.165781611	0.133450993	0.105351895	0.116136573	0.157291654	0.123576042	0.135575866	0.171448513	0.140824839	0.139814831	0.127962649	0.134462608
NAU124_vs._NAU124	0.074975219	0.111274286	0.097958111	0.229673168	0.081735067	0.155114952	0.119258191	0.209690514	0.110488109	0.093214444	0.237056039	0.072714058	0.135218789	0.132212888	0.208626831	0.136433781	0.24394509	0.116301453	0.194731148	0.166956261	0.263011408	0.184972613	0.085633686	0.120551545	0.07920997	0.156272357	0.196875207	0.194056436	0.154040523	0.182662642	0.117245113	0.11885585	0.183188081	0.135536365	0.119989766	0.148287637
NAU110_vs._NAU110	0.240293086	0.25490736	0.26038238	0.246009033	0.249049543	0.231963945	0.313314111	0.280819806	0.131374332	0.135831394	0.127636965	0.113170323	0.118659843	0.140537613	0.0969499	0.09292864	0.181161881	0.139482503	0.136921505	0.147266041	0.140416158	0.201678281	0.150420509	0.122738373	0.138903705	0.15506668	0.129582832	0.149432074	0.212008144	0.127927331	0.090676976	0.149972138	0.106588083	0.155624398	0.137487829	0.135791663
CUB056_vs._CUB056	0.157443718	0.223217433	0.069863955	0.232921734	0.107604831	0.135247007	0.248037298	0.138960085	0.115577349	0.183307714	0.085926393	0.100579741	0.1529224	0.18636345	0.181504285	0.151510386	0.136174692	0.156410187	0.207032421	0.070338994	0.085866726	0.207481829	0.175062781	0.156297659	0.193951478	0.082134492	0.162922735	0.155854653
CUB027_vs._CUB027	0.187300355	0.099474118	0.163363673	0.249637921	0.13785117	0.264243427	0.163224291	0.186809391	0.107106973	0.189604202	0.252689378	0.201487213	0.175203272	0.144376038	0.166465582	0.123170031	0.228620933	0.14098727	0.196473527	0.105434667	0.126257613	0.184281328	0.111399701	0.191525202	0.102803612	0.097002102	0.187317769	0.177809748	0.164045974	0.2026717	0.203242075	0.118527317	0.118199717	0.133808822	0.162518182	0.086203328
CUB008_vs._CUB008	0.276092705	0.2758331	0.234404566	0.239910182	0.239162285	0.335715266	0.231708186	0.090360035	0.174873938	0.099495947	0.168321659	0.135211217	0.19839629	0.124752777	0.139587277	0.274738598	0.198215961	0.116215918	0.127496866	0.194306499	0.080098044	0.093988382	0.228319187	0.16995754	0.10319547	0.194587501	0.151456696	0.05285874	0.167017019	0.096550168	0.160338069	0.161825716	0.085471986	0.232169089	0.154553596	0.255573237	0.169223657	0.24232801	0.178038505	0.137300928	0.266824313	0.211502942	0.180312145	0.095071542	0.124774275
CUB040_vs._CUB040	0.15155778	0.160246657	0.153172972	0.129104123	0.166674366	0.209100873	0.139516222	0.140642112	0.2748992	0.189245679	0.150865924	0.148604121	0.157401702	0.112464321	0.114184662	0.187973556	0.258971598	0.150056121	0.16471187	0.170270489	0.221451092	0.208066659	0.178751967	0.312709433	0.151658673	0.151767204	0.150807273	0.169482554	0.158251462	0.260064208	0.132235403	0.208560786	0.110134867	0.130954463	0.280050499	0.199017983	0.177389574	0.18122892	0.265069102	0.174425971	0.222575109	0.269250253	0.168098434	0.303836952	0.25469584
CUB061_vs._CUB061	0.261532414	0.222453782	0.212296799	0.134105345	0.224292924	0.223586173	0.15483014	0.123411779	0.177414571	0.179081262	0.176694727	0.190309795	0.149952585	0.101696408	0.091680447	0.158565784	0.191651271	0.192198876	0.135694799	0.140440108	0.072425783
NCS243_vs._NCS243	0.191222551	0.193154639	0.306583476	0.184821648	0.080751439	0.076817954	0.153835596	0.199171706	0.224334407	0.133187305	0.230179192	0.182580541	0.134885213	0.184498629	0.192587243	0.153405656	0.180220977	0.125306291	0.266811288	0.262441593	0.313599108	0.222519592	0.214409561	0.157305582	0.124624462	0.121936087	0.154651591	0.117584174
NAU148_vs._NAU148	0.31237289	0.185639151	0.221106152	0.14519663	0.114907398	0.174649708	0.193793656	0.186617237	0.349028088	0.281415302	0.30948109	0.366333026	0.416978146	0.243723927	0.142307303	0.164108483	0.243656959	0.276115805	0.197645354	0.140988526	0.13561407	0.165635162	0.127971098	0.167785152	0.19722105	0.123258126	0.179728764	0.130922542
NAU157_vs._NAU157	0.114841545	0.192311216	0.399335654	0.140526481	0.234488814	0.100454437	0.180989645	0.162075537	0.183973508	0.197200541	0.382342645	0.16187398	0.239679779	0.116112788	0.188749354	0.19446963	0.205853193	0.490685994	0.110440705	0.134715846	0.194248991	0.124760797	0.263866961	0.13139637	0.436390039	0.471013262	0.416374865	0.482069813	0.399992679	0.49087441	0.159134521	0.154065258	0.128067646	0.212897736	0.140422767	0.243888419	0.158887577	0.247355253	0.16292275	0.170013432	0.175837798	0.185080581	0.245173814	0.070755369	0.256468711
CUB044_vs._CUB044	0.145654331	0.083177426	0.104611464	0.230672169	0.181592785	0.16716025	0.242486384	0.183129594	0.135856436	0.092319361	0.094941321	0.28516291	0.118096662	0.101897717	0.308386113	0.254012443	0.136144023	0.077760698	0.272809061	0.143680571	0.114193468	0.263465718	0.21127305	0.096048454	0.281104871	0.120464529	0.09591045	0.279440148	0.225773914	0.112487076	0.297327192	0.330018101	0.319270975	0.209572645	0.305851865	0.092695441	0.321791407	0.256347263	0.128259099	0.297906376	0.262302158	0.096891106	0.192057634	0.283973476	0.230444824
CUB012_vs._CUB012	0.100869722	0.209408419	0.126794433	0.121490513	0.166199511	0.154897315	0.237317434	0.194293551	0.275767482	0.195190123	0.111964175	0.137537027	0.150354219	0.146967289	0.262214992	0.178274947	0.272670628	0.204730744	0.205001188	0.195229084	0.200985658	0.217984211	0.142119948	0.269621093	0.148379142	0.150256218	0.146437582	0.276992201	0.157801184	0.246138779	0.191823786	0.140391792	0.217520297	0.197320014	0.305537421	0.183028046	0.326013659	0.193639156	0.186954869	0.264321151	0.200169484	0.286545135	0.206603155	0.415804802	0.273407697
CUB050_vs._CUB050	0.194967872	0.197758724	0.235877779	0.235609393	0.217924479	0.273805861	0.202263502	0.216885532	0.165997942	0.191876539	0.178881483	0.182832121	0.307505867	0.146594688	0.197945464	0.178651777	0.183728585	0.172942099	0.268281883	0.17267146	0.161771018	0.198206324	0.173849014	0.317403924	0.239636951	0.152225743	0.110892816	0.247180414	0.178830977	0.189064727	0.226392284	0.178052259	0.138918211	0.272880793	0.247646303	0.2048082
NAU132_vs._NAU132	0.322831593	0.160297981	0.227692324	0.20822228	0.234772816	0.153926344	0.217475097	0.16908357	0.309800004	0.123530297	0.188252163	0.300875097	0.280193073	0.224879884	0.381383279	0.209630215	0.182984777	0.182691359	0.156971721	0.188302594	0.203264687	0.104589574	0.22359914	0.178650274	0.159663959	0.285241694	0.173410252	0.169166076	0.131731541	0.259708094	0.239647252	0.185550627	0.25269481	0.190123163	0.185987962	0.255373949
CUB053_vs._CUB053	0.433026573	0.239346321	0.138298022	0.414139302	0.31113546	0.394554911	0.435052179	0.378196523	0.284474841	0.204604624	0.368708761	0.033080239	0.150623411	0.056436118	0.037288946	0.078491216	0.286799612	0.172648345	0.187479537	0.105149175	0.164273846	0.20603646	0.157762808	0.197401428	0.352609134	0.256298772	0.330635485	0.373481611	0.315851213	0.236938521	0.134858482	0.036077703	0.029294749	0.093633659	0.276397541	0.111564205	0.150653005	0.104045837	0.188037165	0.052834698	0.08444885	0.253349426	0.106699646	0.280559828	0.250894594
NAU105_vs._NAU105	0.244920518	0.393623093	0.091029401	0.126901944	0.123033882	0.181788999	0.181732653	0.234375585	0.20206315	0.200348498	0.284448109	0.361580776	0.325346277	0.333270497	0.386168414	0.147029359	0.110048543	0.204966956	0.121138622	0.121214581	0.204088399
CUB051_vs._CUB051	0.294716064	0.136468778	0.276491997	0.229648672	0.274979968	0.321433378	0.221870346	0.058760515	0.207845338	0.101652084	0.21857396	0.208955263	0.152505902	0.208192864	0.26957494	0.194397981	0.092717509	0.224194491	0.200810994	0.21227109	0.1905953
CUB000_vs._CUB000	0.175656357	0.238817308	0.232256742	0.274440039	0.260882826	0.160883315	0.152517844	0.150483739	0.233253431	0.260819429	0.274839564	0.292193995	0.215794476	0.172285429	0.159172674	0.137025454	0.284216439	0.255025128	0.170336939	0.184089702	0.186640989	0.267473987	0.260823606	0.182905507	0.185704218	0.193850751	0.356961609	0.283597458	0.242240469	0.205020884	0.222835111	0.215124218	0.258025797	0.141610999	0.157104074	0.116912529
NAU101_vs._NAU101	0.094362496	0.216290324	0.274909444	0.30898391	0.313657642	0.281469787	0.24291198	0.322089511	0.216995666	0.250156754	0.286589344	0.283670018	0.243450481	0.194290096	0.287655199	0.244050042	0.322333186	0.285444094	0.238320689	0.262735864	0.268233073	0.166258596	0.13528132	0.129200669	0.118833522	0.204422677	0.170067828	0.205405963	0.133446198	0.216827579	0.120787423	0.144206668	0.182405205	0.123758017	0.145453042	0.176576855
NAU144_vs._NAU144	0.448397881	0.226296077	0.158089283	0.203603162	0.168586478	0.41180832	0.111262594	0.422374078	0.441168202	0.381215315	0.431109553	0.395494825	0.443853901	0.132580752	0.189242237	0.171148063	0.314088849	0.213653683	0.191646009	0.123208535	0.371339937	0.155065361	0.185682156	0.30371904	0.215338098	0.375074794	0.164844684	0.404819218
CUB052_vs._CUB052	0.133745796	0.102623814	0.194850016	0.130732699	0.189250359	0.116926797	0.340050891	0.108459968	0.313303893	0.149079546	0.284254846	0.223052341	0.285894265	0.124103517	0.420189613	0.153222888	0.401665277	0.195255286	0.141878547	0.211471491	0.155356623	0.334151007	0.151558584	0.328734723	0.152565981	0.181458749	0.251649843	0.280916661	0.225246304	0.309927739	0.173697844	0.210741372	0.265877182	0.166535361	0.311376152	0.240796156	0.299182478	0.175518451	0.220829154	0.422164582	0.128458891	0.357967644	0.348098393	0.34771278	0.304939457
NCS214_vs._NCS214	0.363396531	0.448090002	0.423601686	0.4597695	0.413016422	0.405887228	0.255517013	0.195526201	0.257862917	0.299597823	0.222685363	0.180241226	0.194839916	0.222231856	0.155826542	0.219128658	0.205978768	0.188937114	0.206334602	0.134576032	0.203505884
NCS213_vs._NCS213	0.268508669	0.226628733	0.262608591	0.319873404	0.365063799	0.322955429	0.384033007	0.167316416	0.172550206	0.258389483	0.195382678	0.125764876	0.215876276	0.166562154	0.222040959	0.27118923	0.208678594	0.31188606	0.132397575	0.195935346	0.21407671	0.26198105	0.224596749	0.288784871	0.331057987	0.176845934	0.18093451	0.19665169
NCS248_vs._NCS248	0.231775272	0.343569249	0.14171892	0.170804604	0.187191975	0.219731843	0.227712127	0.25800213	0.281430217	0.26952857	0.17191016	0.211802539	0.178482729	0.195333149	0.319607632	0.349687925	0.294172189	0.276925208	0.251597512	0.291260984	0.353246243	0.205970252	0.212222275	0.259254347	0.271647807	0.223770396	0.154023061	0.151436603	0.152861915	0.26843036	0.117090348	0.132816112	0.235313635	0.159422544	0.254069429	0.330403629
CUB049_vs._CUB049	0.200291267	0.19796544	0.280482902	0.360564369	0.252880621	0.144612144	0.202503275	0.173676677	0.421594472	0.27035775	0.119408963	0.218987828	0.363994785	0.175029897	0.154299472	0.371108973	0.269459417	0.202471978	0.311677584	0.364207429	0.231327977
All_within_PersonalID	0.274512818	0.311986018	0.280350162	0.168377755	0.289517727	0.262389714	0.287928579	0.208763795	0.386061524	0.296569586	0.231561577	0.316181591	0.392750228	0.247267639	0.229272061	0.304422202	0.295512657	0.272556765	0.30581237	0.287604189	0.236024789	0.251885525	0.178161505	0.23443242	0.171563499	0.222939647	0.24265383	0.285730105	0.243579408	0.182445126	0.252903093	0.14946971	0.191144302	0.261480471	0.280663173	0.168443086	0.244300387	0.167795102	0.232444375	0.194197192	0.359611746	0.274366944	0.271193149	0.346935878	0.261214349	0.24361778	0.256304745	0.375123323	0.269180665	0.309646782	0.309344907	0.321447949	0.210509666	0.42449956	0.350822232	0.336568363	0.335341632	0.258455379	0.391366845	0.193182183	0.305795276	0.221459617	0.41650603	0.349848636	0.283744715	0.332455072	0.395721946	0.405692893	0.463456198	0.312726065	0.25345279	0.386177567	0.144026985	0.333730513	0.281360759	0.328904913	0.168115384	0.20867428	0.209972687	0.172518039	0.378746738	0.342416818	0.401396214	0.234262735	0.257489009	0.261266924	0.207624054	0.438894214	0.535771708	0.382642311	0.324993043	0.36758893	0.36638053	0.301593636	0.206815427	0.294454115	0.239936064	0.242062766	0.272119027	0.421407033	0.263719024	0.292728832	0.235855472	0.129556297	0.112577927	0.244695637	0.216240633	0.133305712	0.074975219	0.111274286	0.097958111	0.229673168	0.081735067	0.155114952	0.119258191	0.209690514	0.110488109	0.093214444	0.237056039	0.072714058	0.135218789	0.132212888	0.208626831	0.136433781	0.24394509	0.116301453	0.194731148	0.166956261	0.263011408	0.184972613	0.085633686	0.120551545	0.07920997	0.156272357	0.196875207	0.194056436	0.154040523	0.182662642	0.117245113	0.11885585	0.183188081	0.135536365	0.119989766	0.148287637	0.326891774	0.180714736	0.216493453	0.299164348	0.317410743	0.270092523	0.294904777	0.268849128	0.255210043	0.167678952	0.316711561	0.436162681	0.381181493	0.159631159	0.184518442	0.263807333	0.305911341	0.247929969	0.210060545	0.248887716	0.30623294	0.224040732	0.299740461	0.392967085	0.297100157	0.315050442	0.185298624	0.267925812	0.126189282	0.223745951	0.484645786	0.514307954	0.186982466	0.160397504	0.321238331	0.24951081	0.322134801	0.180136751	0.454872572	0.48681171	0.130487186	0.135421732	0.332015553	0.235714038	0.333147785	0.424971873	0.454913841	0.199026111	0.195473141	0.278123186	0.230789449	0.301821666	0.111212424	0.38222473	0.490006698	0.488543565	0.555185666	0.610590255	0.40364532	0.518389306	0.507926795	0.57672197	0.603617675	0.170828316	0.324077227	0.271720282	0.379991987	0.327706647	0.21243888	0.313533689	0.334029915	0.331199224	0.225435609	0.1989446	0.198510094	0.252748445	0.275707513	0.233164281	0.291192881	0.349411993	0.209354466	0.166896479	0.251051219	0.230474895	0.215768437	0.276399347	0.246318343	0.240078397	0.238722433	0.246858907	0.352955677	0.20653599	0.303961056	0.191103996	0.18996335	0.344770228	0.09281675	0.314576042	0.363924228	0.36449174	0.320582788	0.232743191	0.440199019	0.369836426	0.351863118	0.190967265	0.342278757	0.214122809	0.230610077	0.50636943	0.352517853	0.435583771	0.316830774	0.364403178	0.244930512	0.36001338	0.481874625	0.186126517	0.365830842	0.335396908	0.335502994	0.310223776	0.39818571	0.384310177	0.360768357	0.361428059	0.436839661	0.313830323	0.308581043	0.280081193	0.301662827	0.360007098	0.21774377	0.173062632	0.29334482	0.387981922	0.241777048	0.216642353	0.203156783	0.202891575	0.227476766	0.455839815	0.603251339	0.282291168	0.236764286	0.284757782	0.263471965	0.329383676	0.477375046	0.182055713	0.22791943	0.274049247	0.460033094	0.59552045	0.265538545	0.224569841	0.50416106	0.637435146	0.298333809	0.485183939	0.627339549	0.33711912	0.177049136	0.272024661	0.388238111	0.346138008	0.297741495	0.258514098	0.291291062	0.262494628	0.300461253	0.258703561	0.282853591	0.256157702	0.311360216	0.268008234	0.307370341	0.246652905	0.227317267	0.266586475	0.208743515	0.191153884	0.141129596	0.154929964	0.280246502	0.175201395	0.145383699	0.266171258	0.164071105	0.200761119	0.231935159	0.213170171	0.141976762	0.374076413	0.162415014	0.318697083	0.388292671	0.206525453	0.143219945	0.302268364	0.167307737	0.369096221	0.37047389	0.145304442	0.391068414	0.399385954	0.285888685	0.34266058	0.263707699	0.393391253	0.222660195	0.164848991	0.25576859	0.155261803	0.40386552	0.284919466	0.317335334	0.337129819	0.27734824	0.401098242	0.40435183	0.308635907	0.369505932	0.210600338	0.306721265	0.226581106	0.298360183	0.168567622	0.211563243	0.175656357	0.238817308	0.232256742	0.274440039	0.260882826	0.160883315	0.152517844	0.150483739	0.233253431	0.260819429	0.274839564	0.292193995	0.215794476	0.172285429	0.159172674	0.137025454	0.284216439	0.255025128	0.170336939	0.184089702	0.186640989	0.267473987	0.260823606	0.182905507	0.185704218	0.193850751	0.356961609	0.283597458	0.242240469	0.205020884	0.222835111	0.215124218	0.258025797	0.141610999	0.157104074	0.116912529	0.4089208	0.370655	0.422641659	0.430499947	0.323821624	0.540444574	0.468872842	0.513569644	0.470739915	0.252922428	0.294733209	0.463838917	0.272915238	0.611911358	0.544525568	0.417264284	0.566246279	0.164997859	0.374903759	0.184435348	0.445868956	0.40163383	0.316979462	0.408790453	0.438147032	0.239350871	0.396474443	0.424249857	0.245164687	0.399208222	0.308584607	0.490898917	0.385903033	0.533709311	0.394343124	0.468031592	0.359020822	0.375545278	0.408956291	0.27817211	0.369713024	0.289384225	0.475141466	0.237961413	0.428149813	0.276092705	0.2758331	0.234404566	0.239910182	0.239162285	0.335715266	0.231708186	0.090360035	0.174873938	0.099495947	0.168321659	0.135211217	0.19839629	0.124752777	0.139587277	0.274738598	0.198215961	0.116215918	0.127496866	0.194306499	0.080098044	0.093988382	0.228319187	0.16995754	0.10319547	0.194587501	0.151456696	0.05285874	0.167017019	0.096550168	0.160338069	0.161825716	0.085471986	0.232169089	0.154553596	0.255573237	0.169223657	0.24232801	0.178038505	0.137300928	0.266824313	0.211502942	0.180312145	0.095071542	0.124774275	0.190285766	0.306224565	0.503793666	0.349544005	0.382607424	0.331344195	0.213689844	0.282754626	0.240877921	0.41893826	0.417044187	0.404724948	0.319190357	0.221238722	0.259228116	0.409332459	0.442154528	0.401335551	0.240824254	0.280494075	0.220789625	0.591260981	0.567140312	0.515208037	0.493005042	0.499079882	0.217284977	0.437921898	0.415922157	0.458782363	0.401430843	0.407390228	0.37511873	0.287191491	0.257788443	0.219415486	0.262335965	0.289717745	0.27055111	0.232123168	0.216666489	0.294417218	0.255656025	0.245626272	0.314722385	0.174724131	0.256426176	0.294646477	0.253861376	0.367931991	0.267828721	0.207360336	0.225558505	0.221004832	0.30677947	0.296438597	0.34247112	0.298100927	0.247933623	0.328792634	0.268278927	0.224333011	0.151050032	0.233213219	0.139644939	0.30345434	0.291055638	0.335363849	0.488516323	0.389899728	0.418712539	0.337374961	0.342037079	0.374417266	0.536289266	0.433430113	0.483446912	0.28947333	0.423357333	0.497995085	0.436773222	0.501701003	0.398943223	0.510712255	0.433032382	0.472221993	0.361595268	0.184169435	0.28201268	0.221447443	0.496978394	0.358037353	0.100869722	0.209408419	0.126794433	0.121490513	0.166199511	0.154897315	0.237317434	0.194293551	0.275767482	0.195190123	0.111964175	0.137537027	0.150354219	0.146967289	0.262214992	0.178274947	0.272670628	0.204730744	0.205001188	0.195229084	0.200985658	0.217984211	0.142119948	0.269621093	0.148379142	0.150256218	0.146437582	0.276992201	0.157801184	0.246138779	0.191823786	0.140391792	0.217520297	0.197320014	0.305537421	0.183028046	0.326013659	0.193639156	0.186954869	0.264321151	0.200169484	0.286545135	0.206603155	0.415804802	0.273407697	0.29092901	0.214282031	0.238364996	0.257827221	0.445836696	0.205277233	0.263478013	0.267890238	0.429518511	0.471931188	0.283544469	0.185627461	0.368906676	0.395041993	0.172786712	0.357620407	0.429781492	0.123246767	0.526332173	0.336604404	0.421040333	0.345736813	0.347125778	0.202819053	0.355214346	0.280358325	0.171462068	0.187756675	0.23259594	0.245101454	0.464698567	0.365216304	0.488687667	0.307464014	0.303087607	0.34251605	0.321358385	0.377997541	0.475903283	0.270811808	0.244906267	0.277481284	0.261998643	0.305252254	0.53155348	0.434408077	0.411395494	0.281704653	0.313494484	0.334746699	0.162617855	0.372116869	0.305679778	0.320513283	0.345522988	0.469323406	0.208928985	0.198659564	0.276075649	0.438348835	0.120967109	0.187167962	0.316097624	0.201969597	0.348258719	0.374909564	0.387778544	0.275312626	0.281598254	0.332738872	0.41294723	0.281302534	0.259487018	0.368067267	0.24631253	0.297820372	0.257331404	0.18515884	0.27089751	0.37744834	0.181721405	0.178639898	0.18797152	0.267618226	0.133959456	0.244049122	0.161024621	0.142364894	0.264602044	0.165561312	0.177577154	0.224188171	0.203197284	0.184270752	0.229355838	0.174563577	0.250937078	0.327504168	0.199433465	0.228405948	0.189535873	0.299504451	0.414491573	0.247506208	0.26116663	0.211107348	0.250801341	0.306714846	0.359780776	0.298121481	0.287408295	0.357186557	0.290444464	0.334243489	0.274613037	0.147018998	0.19057789	0.176168259	0.240111178	0.232076664	0.190746648	0.166461647	0.246128282	0.250541384	0.159685809	0.26115031	0.274522088	0.277448335	0.214776209	0.31581765	0.404261528	0.226648922	0.263899194	0.303812243	0.318544092	0.556216454	0.244830081	0.342547112	0.434450442	0.397896424	0.325019763	0.305159736	0.617771546	0.480844319	0.543004414	0.297633598	0.373933587	0.343011078	0.543675814	0.278275319	0.371937328	0.310412199	0.29156327	0.529065242	0.263566973	0.388543732	0.187693535	0.613762981	0.357372368	0.422549271	0.608873462	0.352069227	0.413143234	0.538334135	0.574003418	0.278331935	0.227604018	0.185005622	0.269192572	0.204203591	0.201692326	0.616203165	0.414760658	0.341319854	0.22292218	0.357411974	0.250083615	0.307056864	0.614922535	0.48232511	0.40351235	0.366221764	0.273640233	0.246182556	0.628825965	0.458105044	0.378509788	0.222355127	0.315250836	0.666305853	0.486233774	0.445417466	0.206632497	0.601650766	0.366855671	0.313810711	0.596717235	0.351074988	0.27383229	0.608972507	0.571728807	0.229368026	0.17719956	0.192175786	0.322693041	0.215464647	0.161682181	0.209566894	0.33282647	0.202208336	0.312536909	0.201709215	0.210171369	0.209924266	0.330103256	0.352939713	0.261363129	0.244177099	0.176636992	0.301145444	0.245316838	0.308921708	0.293190053	0.455658753	0.229989914	0.238357511	0.382178557	0.202346839	0.328566525	0.26124111	0.139852067	0.150923702	0.303838819	0.377934695	0.226055972	0.238071412	0.39983703	0.185130221	0.248354048	0.322159204	0.190355059	0.208758759	0.361049427	0.303880981	0.405737731	0.278010558	0.286353868	0.437063348	0.179142526	0.205219375	0.171133833	0.241011023	0.270706393	0.243804891	0.263207465	0.163446112	0.250223948	0.24681664	0.240293086	0.25490736	0.26038238	0.246009033	0.249049543	0.231963945	0.313314111	0.280819806	0.131374332	0.135831394	0.127636965	0.113170323	0.118659843	0.140537613	0.0969499	0.09292864	0.181161881	0.139482503	0.136921505	0.147266041	0.140416158	0.201678281	0.150420509	0.122738373	0.138903705	0.15506668	0.129582832	0.149432074	0.212008144	0.127927331	0.090676976	0.149972138	0.106588083	0.155624398	0.137487829	0.135791663	0.261532414	0.222453782	0.212296799	0.134105345	0.224292924	0.223586173	0.15483014	0.123411779	0.177414571	0.179081262	0.176694727	0.190309795	0.149952585	0.101696408	0.091680447	0.158565784	0.191651271	0.192198876	0.135694799	0.140440108	0.072425783	0.359610496	0.317387539	0.2568882	0.372252734	0.357728467	0.274876643	0.193261239	0.23677402	0.09878735	0.248970751	0.249636651	0.143529317	0.203232203	0.197166268	0.145045544	0.234005412	0.266098887	0.143996501	0.272763827	0.229049299	0.22938309	0.094362496	0.216290324	0.274909444	0.30898391	0.313657642	0.281469787	0.24291198	0.322089511	0.216995666	0.250156754	0.286589344	0.283670018	0.243450481	0.194290096	0.287655199	0.244050042	0.322333186	0.285444094	0.238320689	0.262735864	0.268233073	0.166258596	0.13528132	0.129200669	0.118833522	0.204422677	0.170067828	0.205405963	0.133446198	0.216827579	0.120787423	0.144206668	0.182405205	0.123758017	0.145453042	0.176576855	0.423758163	0.318035842	0.365029473	0.456474692	0.503168826	0.392114256	0.307696997	0.336197124	0.366282811	0.345821202	0.351228499	0.321875999	0.346379483	0.34281464	0.353801225	0.254548021	0.283635384	0.35493271	0.193993592	0.184406249	0.234792392	0.390365081	0.305780315	0.323129923	0.253540108	0.324486057	0.315947626	0.206678878	0.304013285	0.261373172	0.352313966	0.331243531	0.33187423	0.251898707	0.202923104	0.233027935	0.261176392	0.223690766	0.281694864	0.230550714	0.363281298	0.278598071	0.274299304	0.263560386	0.195045958	0.199258374	0.29125264	0.235773635	0.181190116	0.220421112	0.242522932	0.335025612	0.377604143	0.286318234	0.235907102	0.311868116	0.331924059	0.154363896	0.300425352	0.253793321	0.22727413	0.326807365	0.28754551	0.288366735	0.244920518	0.393623093	0.091029401	0.126901944	0.123033882	0.181788999	0.181732653	0.234375585	0.20206315	0.200348498	0.284448109	0.361580776	0.325346277	0.333270497	0.386168414	0.147029359	0.110048543	0.204966956	0.121138622	0.121214581	0.204088399	0.054906174	0.030995086	0.050831878	0.084078813	0.083219803	0.083346435	0.147862261	0.0622013	0.04393054	0.02684275	0.076734403	0.128102509	0.118760019	0.190403105	0.09510976	0.039710652	0.067766503	0.094213311	0.085831817	0.160233531	0.060176454	0.074496657	0.119041585	0.111798339	0.180889445	0.084843214	0.107339826	0.090583424	0.191225202	0.090468901	0.051441882	0.14006418	0.069314181	0.146208858	0.055200711	0.137227041	0.293133364	0.309670611	0.295687462	0.923799168	0.224522577	0.405898182	0.234694509	0.205143964	0.822582998	0.199731865	0.250018448	0.224855525	0.812627675	0.253889936	0.314080291	0.854003848	0.258848861	0.246367084	0.872317837	0.770126934	0.291945853	0.408980069	0.277293814	0.427676747	0.352197001	0.214537837	0.400617489	0.262216425	0.25263412	0.286737644	0.34980122	0.280265886	0.310338777	0.152379291	0.151026237	0.174539319	0.291195342	0.356588568	0.29905949	0.221158512	0.117338188	0.268007432	0.16971475	0.21855363	0.263677123	0.308941834	0.268573001	0.257688647	0.24793513	0.271642521	0.292357506	0.203746525	0.211964475	0.269133313	0.214182484	0.316949425	0.271158327	0.244676695	0.249908178	0.210781044	0.248105345	0.248077305	0.190042286	0.340656644	0.381593106	0.537877705	0.195676714	0.237934194	0.24456121	0.289281442	0.374629056	0.484905999	0.433997712	0.340202146	0.326714438	0.27330221	0.602360997	0.448884436	0.253733378	0.22056851	0.242163264	0.591303023	0.560254037	0.551492579	0.524815699	0.290295538	0.302164266	0.388361248	0.118396996	0.22167463	0.238616074	0.093581515	0.077250088	0.073673668	0.058098014	0.077324124	0.149001734	0.160886293	0.076688733	0.100094265	0.078543531	0.062493673	0.094674043	0.177462277	0.1884747	0.102091314	0.099269022	0.069521182	0.079419724	0.14061067	0.147539455	0.065464819	0.069663582	0.067951164	0.129724058	0.169638703	0.078996121	0.074520082	0.146460716	0.165142117	0.076175441	0.113082132	0.123918813	0.057646975	0.107992987	0.102011169	0.124489202	0.182724354	0.253985411	0.262134847	0.241553473	0.372765632	0.190885046	0.296620947	0.355020043	0.208783995	0.224652391	0.293713215	0.267363682	0.179359856	0.213424309	0.271107495	0.2722275	0.354844308	0.340592047	0.270195793	0.19736673	0.356796962	0.266433192	0.431813851	0.248324811	0.203355392	0.3835273	0.501762301	0.282157387	0.359270938	0.50835919	0.3087197	0.353430417	0.200925101	0.277552575	0.336752213	0.39424215	0.435640434	0.257821037	0.319794902	0.447820809	0.288604105	0.469852892	0.366899277	0.423699915	0.301705612	0.221643965	0.315405013	0.323941766	0.297018111	0.294901101	0.421938004	0.24420924	0.429049231	0.314398394	0.304939311	0.217878981	0.262253014	0.223123597	0.302771284	0.269582257	0.265678278	0.311837843	0.242270388	0.248504099	0.350205074	0.63821653	0.359405769	0.276089047	0.371725994	0.356845964	0.328001388	0.54815305	0.199410473	0.219554631	0.188869724	0.357603704	0.179695002	0.581366069	0.538771877	0.615162856	0.652318852	0.581040486	0.222437416	0.158649651	0.382946249	0.208507385	0.243921151	0.301526849	0.195233527	0.407962226	0.185357818	0.343771176	0.214118005	0.2071882	0.237714187	0.247320579	0.295305365	0.38480102	0.297486103	0.173151416	0.168746159	0.2589562	0.175078684	0.221988714	0.472621869	0.333131148	0.181404313	0.227376309	0.196249781	0.287455371	0.448032614	0.305776245	0.196897298	0.22710464	0.369707642	0.469825529	0.239951658	0.208862701	0.264756428	0.523695423	0.31753648	0.184239729	0.477950751	0.41748856	0.248257341	0.334250763	0.437661056	0.277669405	0.250918499	0.195062442	0.296896179	0.281136109	0.231474177	0.189324727	0.273859935	0.147433727	0.340202065	0.220841064	0.229824884	0.151160674	0.323979842	0.197004494	0.27255266	0.418023541	0.365421203	0.308979431	0.194757865	0.379169991	0.191488149	0.243656114	0.267622412	0.395748658	0.191239402	0.337406576	0.280337908	0.315115952	0.119858506	0.284986012	0.31764546	0.265076278	0.259005594	0.342148724	0.18401103	0.276899314	0.114841545	0.192311216	0.399335654	0.140526481	0.234488814	0.100454437	0.180989645	0.162075537	0.183973508	0.197200541	0.382342645	0.16187398	0.239679779	0.116112788	0.188749354	0.19446963	0.205853193	0.490685994	0.110440705	0.134715846	0.194248991	0.124760797	0.263866961	0.13139637	0.436390039	0.471013262	0.416374865	0.482069813	0.399992679	0.49087441	0.159134521	0.154065258	0.128067646	0.212897736	0.140422767	0.243888419	0.158887577	0.247355253	0.16292275	0.170013432	0.175837798	0.185080581	0.245173814	0.070755369	0.256468711	0.153489589	0.119813504	0.135286811	0.084046807	0.159277578	0.109693974	0.135518077	0.1288842	0.151563936	0.165781611	0.133450993	0.105351895	0.116136573	0.157291654	0.123576042	0.135575866	0.171448513	0.140824839	0.139814831	0.127962649	0.134462608	0.084759961	0.071829847	0.052009234	0.056847324	0.021294232	0.198616607	0.093270096	0.074494913	0.091644687	0.081459105	0.23715138	0.044129721	0.093162087	0.071200843	0.223652696	0.076033286	0.049856104	0.206474091	0.050874378	0.197768103	0.194586213	0.15155778	0.160246657	0.153172972	0.129104123	0.166674366	0.209100873	0.139516222	0.140642112	0.2748992	0.189245679	0.150865924	0.148604121	0.157401702	0.112464321	0.114184662	0.187973556	0.258971598	0.150056121	0.16471187	0.170270489	0.221451092	0.208066659	0.178751967	0.312709433	0.151658673	0.151767204	0.150807273	0.169482554	0.158251462	0.260064208	0.132235403	0.208560786	0.110134867	0.130954463	0.280050499	0.199017983	0.177389574	0.18122892	0.265069102	0.174425971	0.222575109	0.269250253	0.168098434	0.303836952	0.25469584	0.094155772	0.32042557	0.171021314	0.152014687	0.221833985	0.228100398	0.296550852	0.202091167	0.352033724	0.173103538	0.188068493	0.193142689	0.220314042	0.3121251	0.231739793	0.359009654	0.350597691	0.414788135	0.422232038	0.425174562	0.394620177	0.221142127	0.225568401	0.236500606	0.332821294	0.232006587	0.254375282	0.258704751	0.235566603	0.1295108	0.124006753	0.314080829	0.237263182	0.319666128	0.234062499	0.159181025	0.145654331	0.083177426	0.104611464	0.230672169	0.181592785	0.16716025	0.242486384	0.183129594	0.135856436	0.092319361	0.094941321	0.28516291	0.118096662	0.101897717	0.308386113	0.254012443	0.136144023	0.077760698	0.272809061	0.143680571	0.114193468	0.263465718	0.21127305	0.096048454	0.281104871	0.120464529	0.09591045	0.279440148	0.225773914	0.112487076	0.297327192	0.330018101	0.319270975	0.209572645	0.305851865	0.092695441	0.321791407	0.256347263	0.128259099	0.297906376	0.262302158	0.096891106	0.192057634	0.283973476	0.230444824	0.154029736	0.289786954	0.151531244	0.273571209	0.236716809	0.151399071	0.137308235	0.146166936	0.409932239	0.251341028	0.201146146	0.305299311	0.195413327	0.165757005	0.204710607	0.232656634	0.430198377	0.34899795	0.234905977	0.162067083	0.252791213	0.315678549	0.32965874	0.276200293	0.361853627	0.286388555	0.191272929	0.204418961	0.199514338	0.495896953	0.21041768	0.30299699	0.246392074	0.264752877	0.170341046	0.21806622	0.266478632	0.291722257	0.298482094	0.189834	0.170534075	0.421190644	0.099127355	0.396533262	0.411693159	0.200291267	0.19796544	0.280482902	0.360564369	0.252880621	0.144612144	0.202503275	0.173676677	0.421594472	0.27035775	0.119408963	0.218987828	0.363994785	0.175029897	0.154299472	0.371108973	0.269459417	0.202471978	0.311677584	0.364207429	0.231327977	0.268508669	0.226628733	0.262608591	0.319873404	0.365063799	0.322955429	0.384033007	0.167316416	0.172550206	0.258389483	0.195382678	0.125764876	0.215876276	0.166562154	0.222040959	0.27118923	0.208678594	0.31188606	0.132397575	0.195935346	0.21407671	0.26198105	0.224596749	0.288784871	0.331057987	0.176845934	0.18093451	0.19665169	0.203382315	0.233358125	0.22641724	0.264899524	0.220686312	0.294528498	0.17826326	0.308198112	0.301376215	0.332684061	0.252035365	0.358095725	0.257368483	0.211703285	0.198823569	0.199270691	0.318095819	0.219349399	0.180251572	0.211816122	0.303734196	0.139239388	0.240877478	0.325954524	0.203375202	0.357051832	0.183335676	0.293957674	0.155319182	0.145576256	0.221082643	0.240720746	0.348154252	0.263305776	0.223656093	0.171153868	0.186862293	0.153729494	0.398189648	0.223593838	0.186945121	0.229101505	0.18845343	0.40924231	0.258071224	0.236304881	0.240409039	0.472219693	0.150601375	0.296004798	0.442038342	0.251094918	0.233025875	0.424580494	0.351383015	0.253757939	0.363396531	0.448090002	0.423601686	0.4597695	0.413016422	0.405887228	0.255517013	0.195526201	0.257862917	0.299597823	0.222685363	0.180241226	0.194839916	0.222231856	0.155826542	0.219128658	0.205978768	0.188937114	0.206334602	0.134576032	0.203505884	0.296451036	0.052917948	0.066368118	0.166858497	0.093438211	0.050017553	0.055344262	0.07865843	0.289256382	0.266000052	0.254050779	0.349956919	0.294695519	0.29466557	0.247161518	0.059125406	0.147357425	0.091243117	0.051901547	0.0661694	0.06259299	0.115992243	0.132599631	0.057240509	0.084023182	0.04905221	0.22566435	0.151085034	0.187491635	0.142833489	0.102885468	0.077054553	0.124127305	0.069352197	0.066123085	0.078889506	0.31237289	0.185639151	0.221106152	0.14519663	0.114907398	0.174649708	0.193793656	0.186617237	0.349028088	0.281415302	0.30948109	0.366333026	0.416978146	0.243723927	0.142307303	0.164108483	0.243656959	0.276115805	0.197645354	0.140988526	0.13561407	0.165635162	0.127971098	0.167785152	0.19722105	0.123258126	0.179728764	0.130922542	0.262150328	0.168051223	0.450756063	0.255802765	0.304810351	0.178348632	0.215818821	0.512255955	0.306658345	0.300391327	0.237964636	0.441801832	0.261984674	0.320215378	0.175594375	0.527480568	0.537571998	0.460261853	0.323117152	0.195572149	0.272117849	0.448397881	0.226296077	0.158089283	0.203603162	0.168586478	0.41180832	0.111262594	0.422374078	0.441168202	0.381215315	0.431109553	0.395494825	0.443853901	0.132580752	0.189242237	0.171148063	0.314088849	0.213653683	0.191646009	0.123208535	0.371339937	0.155065361	0.185682156	0.30371904	0.215338098	0.375074794	0.164844684	0.404819218	0.157443718	0.223217433	0.069863955	0.232921734	0.107604831	0.135247007	0.248037298	0.138960085	0.115577349	0.183307714	0.085926393	0.100579741	0.1529224	0.18636345	0.181504285	0.151510386	0.136174692	0.156410187	0.207032421	0.070338994	0.085866726	0.207481829	0.175062781	0.156297659	0.193951478	0.082134492	0.162922735	0.155854653	0.433026573	0.239346321	0.138298022	0.414139302	0.31113546	0.394554911	0.435052179	0.378196523	0.284474841	0.204604624	0.368708761	0.033080239	0.150623411	0.056436118	0.037288946	0.078491216	0.286799612	0.172648345	0.187479537	0.105149175	0.164273846	0.20603646	0.157762808	0.197401428	0.352609134	0.256298772	0.330635485	0.373481611	0.315851213	0.236938521	0.134858482	0.036077703	0.029294749	0.093633659	0.276397541	0.111564205	0.150653005	0.104045837	0.188037165	0.052834698	0.08444885	0.253349426	0.106699646	0.280559828	0.250894594	0.133745796	0.102623814	0.194850016	0.130732699	0.189250359	0.116926797	0.340050891	0.108459968	0.313303893	0.149079546	0.284254846	0.223052341	0.285894265	0.124103517	0.420189613	0.153222888	0.401665277	0.195255286	0.141878547	0.211471491	0.155356623	0.334151007	0.151558584	0.328734723	0.152565981	0.181458749	0.251649843	0.280916661	0.225246304	0.309927739	0.173697844	0.210741372	0.265877182	0.166535361	0.311376152	0.240796156	0.299182478	0.175518451	0.220829154	0.422164582	0.128458891	0.357967644	0.348098393	0.34771278	0.304939457	0.194967872	0.197758724	0.235877779	0.235609393	0.217924479	0.273805861	0.202263502	0.216885532	0.165997942	0.191876539	0.178881483	0.182832121	0.307505867	0.146594688	0.197945464	0.178651777	0.183728585	0.172942099	0.268281883	0.17267146	0.161771018	0.198206324	0.173849014	0.317403924	0.239636951	0.152225743	0.110892816	0.247180414	0.178830977	0.189064727	0.226392284	0.178052259	0.138918211	0.272880793	0.247646303	0.2048082	0.124593741	0.089471809	0.119161673	0.337968901	0.346664863	0.522771238	0.185386863	0.227022243	0.102403374	0.119899234	0.295672758	0.360415066	0.511103523	0.206327274	0.22583912	0.094321712	0.295058038	0.342654634	0.539151261	0.173388038	0.198766314	0.295580572	0.309095032	0.508901963	0.134949026	0.162358048	0.279152534	0.511012705	0.265064858	0.199355952	0.450552277	0.204025212	0.218322126	0.484888989	0.463808925	0.13509979	0.294716064	0.136468778	0.276491997	0.229648672	0.274979968	0.321433378	0.221870346	0.058760515	0.207845338	0.101652084	0.21857396	0.208955263	0.152505902	0.208192864	0.26957494	0.194397981	0.092717509	0.224194491	0.200810994	0.21227109	0.1905953	0.175823247	0.161528339	0.270092842	0.194151891	0.289164346	0.317823019	0.178959213	0.206656377	0.222493362	0.308282435	0.203213092	0.372344735	0.353501954	0.136866346	0.18367426	0.261369391	0.23396041	0.328653203	0.218955362	0.184413066	0.252852162	0.281903557	0.349908334	0.285729223	0.254053979	0.305079909	0.283556661	0.273826792	0.213934894	0.258461578	0.355777333	0.367338009	0.373141483	0.30570313	0.371440752	0.175958214	0.231775272	0.343569249	0.14171892	0.170804604	0.187191975	0.219731843	0.227712127	0.25800213	0.281430217	0.26952857	0.17191016	0.211802539	0.178482729	0.195333149	0.319607632	0.349687925	0.294172189	0.276925208	0.251597512	0.291260984	0.353246243	0.205970252	0.212222275	0.259254347	0.271647807	0.223770396	0.154023061	0.151436603	0.152861915	0.26843036	0.117090348	0.132816112	0.235313635	0.159422544	0.254069429	0.330403629	0.411048895	0.407731616	0.353496058	0.315051	0.425778481	0.33247262	0.408906145	0.250798215	0.168868391	0.295690071	0.270655731	0.273150964	0.289071793	0.242449354	0.314227454	0.225340168	0.234411578	0.210418805	0.263833034	0.172287015	0.316094657	0.200710124	0.220956875	0.205509996	0.184910391	0.267012605	0.257352999	0.20217178	0.235647429	0.283263097	0.273197965	0.150707636	0.32265959	0.283996909	0.246649995	0.291089304	0.24192408	0.564215942	0.326418938	0.612774115	0.514913807	0.409461915	0.549642498	0.291658792	0.593168985	0.448538389	0.241465143	0.523292268	0.116161953	0.243209177	0.538620453	0.573493849	0.443802117	0.309507917	0.235190272	0.583057702	0.424466924	0.322831593	0.160297981	0.227692324	0.20822228	0.234772816	0.153926344	0.217475097	0.16908357	0.309800004	0.123530297	0.188252163	0.300875097	0.280193073	0.224879884	0.381383279	0.209630215	0.182984777	0.182691359	0.156971721	0.188302594	0.203264687	0.104589574	0.22359914	0.178650274	0.159663959	0.285241694	0.173410252	0.169166076	0.131731541	0.259708094	0.239647252	0.185550627	0.25269481	0.190123163	0.185987962	0.255373949	0.139439771	0.116668055	0.108432699	0.127228117	0.107386079	0.194521159	0.077280816	0.132225437	0.189793118	0.181608406	0.127316732	0.205062078	0.269896894	0.125430033	0.21464742	0.085165924	0.127238398	0.083201262	0.153948156	0.103872831	0.08918136	0.126107352	0.12325688	0.125131128	0.091964229	0.100652986	0.177092166	0.231280386	0.085798993	0.134907342	0.156023916	0.123234099	0.115621914	0.190609771	0.179284536	0.121240055	0.320555666	0.383609195	0.223693424	0.300889102	0.407413033	0.21062365	0.265042319	0.194595301	0.1745219	0.144238742	0.193677327	0.356227274	0.209160765	0.253308119	0.229626063	0.21105636	0.413121433	0.272468148	0.153935446	0.259410475	0.289951858	0.157324301	0.208987061	0.342672844	0.163676257	0.411402923	0.25934453	0.267601689	0.191222551	0.193154639	0.306583476	0.184821648	0.080751439	0.076817954	0.153835596	0.199171706	0.224334407	0.133187305	0.230179192	0.182580541	0.134885213	0.184498629	0.192587243	0.153405656	0.180220977	0.125306291	0.266811288	0.262441593	0.313599108	0.222519592	0.214409561	0.157305582	0.124624462	0.121936087	0.154651591	0.117584174	0.271523217	0.223738867	0.148907043	0.190498057	0.154662217	0.272465823	0.196478921	0.230739646	0.26052783	0.339163766	0.267324534	0.17046273	0.307077742	0.233181708	0.265360414	0.175063946	0.227855074	0.232132368	0.25437119	0.099473076	0.29448328	0.119873464	0.250316332	0.318876798	0.24337752	0.269223088	0.148474156	0.289041534	0.167644636	0.149053831	0.086724269	0.056714517	0.093830264	0.065954682	0.052110923	0.146491095	0.149931907	0.11429221	0.180205822	0.1226674	0.1263912	0.102150743	0.175058543	0.055935144	0.077218517	0.113758861	0.072785769	0.095143097	0.12581625	0.082537776	0.193080499	0.122885114	0.097395916	0.082543041	0.234054286	0.11813888	0.193562511	0.089381888	0.087183464	0.059700105	0.221714918	0.087292946	0.232981631	0.173873449	0.190021806	0.326593879	0.227255343	0.105205642	0.093332045	0.211211692	0.058629722	0.054838979	0.25355047	0.103869562	0.219262805	0.080999151	0.168012704	0.324323385	0.354208008	0.275291888	0.24784227	0.248195861	0.214434027	0.156328635	0.186594023	0.253218197	0.355195664	0.385986568	0.228389658	0.277882606	0.392013645	0.394361737	0.148143652	0.252972097	0.314838759	0.221546143	0.293569161	0.260692406	0.135897727	0.104555208	0.099443753	0.082734973	0.088013192	0.124876306	0.11789249	0.066265647	0.07882088	0.099905778	0.119777267	0.123758819	0.124000127	0.049006019	0.057168979	0.089672848	0.10655478	0.090805164	0.047565592	0.073013181	0.088147039	0.077458769	0.075661177	0.085174095	0.069396481	0.133669642	0.095359292	0.101517146	0.187300355	0.099474118	0.163363673	0.249637921	0.13785117	0.264243427	0.163224291	0.186809391	0.107106973	0.189604202	0.252689378	0.201487213	0.175203272	0.144376038	0.166465582	0.123170031	0.228620933	0.14098727	0.196473527	0.105434667	0.126257613	0.184281328	0.111399701	0.191525202	0.102803612	0.097002102	0.187317769	0.177809748	0.164045974	0.2026717	0.203242075	0.118527317	0.118199717	0.133808822	0.162518182	0.086203328
CUB042_vs._CUB042	0.094155772	0.32042557	0.171021314	0.152014687	0.221833985	0.228100398	0.296550852	0.202091167	0.352033724	0.173103538	0.188068493	0.193142689	0.220314042	0.3121251	0.231739793	0.359009654	0.350597691	0.414788135	0.422232038	0.425174562	0.394620177	0.221142127	0.225568401	0.236500606	0.332821294	0.232006587	0.254375282	0.258704751	0.235566603	0.1295108	0.124006753	0.314080829	0.237263182	0.319666128	0.234062499	0.159181025
NAU102_vs._NAU102	0.359610496	0.317387539	0.2568882	0.372252734	0.357728467	0.274876643	0.193261239	0.23677402	0.09878735	0.248970751	0.249636651	0.143529317	0.203232203	0.197166268	0.145045544	0.234005412	0.266098887	0.143996501	0.272763827	0.229049299	0.22938309
NCS212_vs._NCS212	0.203382315	0.233358125	0.22641724	0.264899524	0.220686312	0.294528498	0.17826326	0.308198112	0.301376215	0.332684061	0.252035365	0.358095725	0.257368483	0.211703285	0.198823569	0.199270691	0.318095819	0.219349399	0.180251572	0.211816122	0.303734196	0.139239388	0.240877478	0.325954524	0.203375202	0.357051832	0.183335676	0.293957674
NAU136_vs._NAU136	0.271523217	0.223738867	0.148907043	0.190498057	0.154662217	0.272465823	0.196478921	0.230739646	0.26052783	0.339163766	0.267324534	0.17046273	0.307077742	0.233181708	0.265360414	0.175063946	0.227855074	0.232132368	0.25437119	0.099473076	0.29448328	0.119873464	0.250316332	0.318876798	0.24337752	0.269223088	0.148474156	0.289041534
NCS210_vs._NCS210	0.155319182	0.145576256	0.221082643	0.240720746	0.348154252	0.263305776	0.223656093	0.171153868	0.186862293	0.153729494	0.398189648	0.223593838	0.186945121	0.229101505	0.18845343	0.40924231	0.258071224	0.236304881	0.240409039	0.472219693	0.150601375	0.296004798	0.442038342	0.251094918	0.233025875	0.424580494	0.351383015	0.253757939
NAU114_vs._NAU114	0.17719956	0.192175786	0.322693041	0.215464647	0.161682181	0.209566894	0.33282647	0.202208336	0.312536909	0.201709215	0.210171369	0.209924266	0.330103256	0.352939713	0.261363129	0.244177099	0.176636992	0.301145444	0.245316838	0.308921708	0.293190053	0.455658753	0.229989914	0.238357511	0.382178557	0.202346839	0.328566525	0.26124111
CUB017_vs._CUB017	0.387778544	0.275312626	0.281598254	0.332738872	0.41294723	0.281302534	0.259487018	0.368067267	0.24631253	0.297820372	0.257331404	0.18515884	0.27089751	0.37744834	0.181721405	0.178639898	0.18797152	0.267618226	0.133959456	0.244049122	0.161024621	0.142364894	0.264602044	0.165561312	0.177577154	0.224188171	0.203197284	0.184270752	0.229355838	0.174563577	0.250937078	0.327504168	0.199433465	0.228405948	0.189535873	0.299504451
NCS233_vs._NCS233	0.124593741	0.089471809	0.119161673	0.337968901	0.346664863	0.522771238	0.185386863	0.227022243	0.102403374	0.119899234	0.295672758	0.360415066	0.511103523	0.206327274	0.22583912	0.094321712	0.295058038	0.342654634	0.539151261	0.173388038	0.198766314	0.295580572	0.309095032	0.508901963	0.134949026	0.162358048	0.279152534	0.511012705	0.265064858	0.199355952	0.450552277	0.204025212	0.218322126	0.484888989	0.463808925	0.13509979
CUB048_vs._CUB048	0.154029736	0.289786954	0.151531244	0.273571209	0.236716809	0.151399071	0.137308235	0.146166936	0.409932239	0.251341028	0.201146146	0.305299311	0.195413327	0.165757005	0.204710607	0.232656634	0.430198377	0.34899795	0.234905977	0.162067083	0.252791213	0.315678549	0.32965874	0.276200293	0.361853627	0.286388555	0.191272929	0.204418961	0.199514338	0.495896953	0.21041768	0.30299699	0.246392074	0.264752877	0.170341046	0.21806622	0.266478632	0.291722257	0.298482094	0.189834	0.170534075	0.421190644	0.099127355	0.396533262	0.411693159
CUB032_vs._CUB032	0.1989446	0.198510094	0.252748445	0.275707513	0.233164281	0.291192881	0.349411993	0.209354466	0.166896479	0.251051219	0.230474895	0.215768437	0.276399347	0.246318343	0.240078397	0.238722433	0.246858907	0.352955677	0.20653599	0.303961056	0.191103996	0.18996335	0.344770228	0.09281675	0.314576042	0.363924228	0.36449174	0.320582788
NAU117_vs._NAU117	0.139852067	0.150923702	0.303838819	0.377934695	0.226055972	0.238071412	0.39983703	0.185130221	0.248354048	0.322159204	0.190355059	0.208758759	0.361049427	0.303880981	0.405737731	0.278010558	0.286353868	0.437063348	0.179142526	0.205219375	0.171133833	0.241011023	0.270706393	0.243804891	0.263207465	0.163446112	0.250223948	0.24681664
NAU161_vs._NAU161	0.16971475	0.21855363	0.263677123	0.308941834	0.268573001	0.257688647	0.24793513	0.271642521	0.292357506	0.203746525	0.211964475	0.269133313	0.214182484	0.316949425	0.271158327	0.244676695	0.249908178	0.210781044	0.248105345	0.248077305	0.190042286
CUB016_vs._CUB016	0.414491573	0.247506208	0.26116663	0.211107348	0.250801341	0.306714846	0.359780776	0.298121481	0.287408295	0.357186557	0.290444464	0.334243489	0.274613037	0.147018998	0.19057789	0.176168259	0.240111178	0.232076664	0.190746648	0.166461647	0.246128282	0.250541384	0.159685809	0.26115031	0.274522088	0.277448335	0.214776209	0.31581765
NAU130_vs._NAU130	0.320555666	0.383609195	0.223693424	0.300889102	0.407413033	0.21062365	0.265042319	0.194595301	0.1745219	0.144238742	0.193677327	0.356227274	0.209160765	0.253308119	0.229626063	0.21105636	0.413121433	0.272468148	0.153935446	0.259410475	0.289951858	0.157324301	0.208987061	0.342672844	0.163676257	0.411402923	0.25934453	0.267601689
NAU129_vs._NAU129	0.274512818	0.311986018	0.280350162	0.168377755	0.289517727	0.262389714	0.287928579	0.208763795	0.386061524	0.296569586	0.231561577	0.316181591	0.392750228	0.247267639	0.229272061	0.304422202	0.295512657	0.272556765	0.30581237	0.287604189	0.236024789	0.251885525	0.178161505	0.23443242	0.171563499	0.222939647	0.24265383	0.285730105	0.243579408	0.182445126	0.252903093	0.14946971	0.191144302	0.261480471	0.280663173	0.168443086
CUB004_vs._CUB004	0.346138008	0.297741495	0.258514098	0.291291062	0.262494628	0.300461253	0.258703561	0.282853591	0.256157702	0.311360216	0.268008234	0.307370341	0.246652905	0.227317267	0.266586475	0.208743515	0.191153884	0.141129596	0.154929964	0.280246502	0.175201395	0.145383699	0.266171258	0.164071105	0.200761119	0.231935159	0.213170171	0.141976762
NCS255_vs._NCS255	0.262335965	0.289717745	0.27055111	0.232123168	0.216666489	0.294417218	0.255656025	0.245626272	0.314722385	0.174724131	0.256426176	0.294646477	0.253861376	0.367931991	0.267828721	0.207360336	0.225558505	0.221004832	0.30677947	0.296438597	0.34247112	0.298100927	0.247933623	0.328792634	0.268278927	0.224333011	0.151050032	0.233213219
CUB029_vs._CUB029	0.324323385	0.354208008	0.275291888	0.24784227	0.248195861	0.214434027	0.156328635	0.186594023	0.253218197	0.355195664	0.385986568	0.228389658	0.277882606	0.392013645	0.394361737	0.148143652	0.252972097	0.314838759	0.221546143	0.293569161	0.260692406
NAU154_vs._NAU154	0.214118005	0.2071882	0.237714187	0.247320579	0.295305365	0.38480102	0.297486103	0.173151416	0.168746159	0.2589562	0.175078684	0.221988714	0.472621869	0.333131148	0.181404313	0.227376309	0.196249781	0.287455371	0.448032614	0.305776245	0.196897298	0.22710464	0.369707642	0.469825529	0.239951658	0.208862701	0.264756428	0.523695423	0.31753648	0.184239729	0.477950751	0.41748856	0.248257341	0.334250763	0.437661056	0.277669405
NAU123_vs._NAU123	0.144026985	0.333730513	0.281360759	0.328904913	0.168115384	0.20867428	0.209972687	0.172518039	0.378746738	0.342416818	0.401396214	0.234262735	0.257489009	0.261266924	0.207624054	0.438894214	0.535771708	0.382642311	0.324993043	0.36758893	0.36638053	0.301593636	0.206815427	0.294454115	0.239936064	0.242062766	0.272119027	0.421407033	0.263719024	0.292728832	0.235855472	0.129556297	0.112577927	0.244695637	0.216240633	0.133305712
NCS234_vs._NCS234	0.175823247	0.161528339	0.270092842	0.194151891	0.289164346	0.317823019	0.178959213	0.206656377	0.222493362	0.308282435	0.203213092	0.372344735	0.353501954	0.136866346	0.18367426	0.261369391	0.23396041	0.328653203	0.218955362	0.184413066	0.252852162	0.281903557	0.349908334	0.285729223	0.254053979	0.305079909	0.283556661	0.273826792	0.213934894	0.258461578	0.355777333	0.367338009	0.373141483	0.30570313	0.371440752	0.175958214
NAU139_vs._NAU139	0.411048895	0.407731616	0.353496058	0.315051	0.425778481	0.33247262	0.408906145	0.250798215	0.168868391	0.295690071	0.270655731	0.273150964	0.289071793	0.242449354	0.314227454	0.225340168	0.234411578	0.210418805	0.263833034	0.172287015	0.316094657	0.200710124	0.220956875	0.205509996	0.184910391	0.267012605	0.257352999	0.20217178	0.235647429	0.283263097	0.273197965	0.150707636	0.32265959	0.283996909	0.246649995	0.291089304
NAU106_vs._NAU106	0.261176392	0.223690766	0.281694864	0.230550714	0.363281298	0.278598071	0.274299304	0.263560386	0.195045958	0.199258374	0.29125264	0.235773635	0.181190116	0.220421112	0.242522932	0.335025612	0.377604143	0.286318234	0.235907102	0.311868116	0.331924059	0.154363896	0.300425352	0.253793321	0.22727413	0.326807365	0.28754551	0.288366735
CUB038_vs._CUB038	0.326891774	0.180714736	0.216493453	0.299164348	0.317410743	0.270092523	0.294904777	0.268849128	0.255210043	0.167678952	0.316711561	0.436162681	0.381181493	0.159631159	0.184518442	0.263807333	0.305911341	0.247929969	0.210060545	0.248887716	0.30623294	0.224040732	0.299740461	0.392967085	0.297100157	0.315050442	0.185298624	0.267925812
NAU155_vs._NAU155	0.250918499	0.195062442	0.296896179	0.281136109	0.231474177	0.189324727	0.273859935	0.147433727	0.340202065	0.220841064	0.229824884	0.151160674	0.323979842	0.197004494	0.27255266	0.418023541	0.365421203	0.308979431	0.194757865	0.379169991	0.191488149	0.243656114	0.267622412	0.395748658	0.191239402	0.337406576	0.280337908	0.315115952	0.119858506	0.284986012	0.31764546	0.265076278	0.259005594	0.342148724	0.18401103	0.276899314
NCS203_vs._NCS203	0.182724354	0.253985411	0.262134847	0.241553473	0.372765632	0.190885046	0.296620947	0.355020043	0.208783995	0.224652391	0.293713215	0.267363682	0.179359856	0.213424309	0.271107495	0.2722275	0.354844308	0.340592047	0.270195793	0.19736673	0.356796962	0.266433192	0.431813851	0.248324811	0.203355392	0.3835273	0.501762301	0.282157387	0.359270938	0.50835919	0.3087197	0.353430417	0.200925101	0.277552575	0.336752213	0.39424215
NAU164_vs._NAU164	0.408980069	0.277293814	0.427676747	0.352197001	0.214537837	0.400617489	0.262216425	0.25263412	0.286737644	0.34980122	0.280265886	0.310338777	0.152379291	0.151026237	0.174539319	0.291195342	0.356588568	0.29905949	0.221158512	0.117338188	0.268007432
CUB036_vs._CUB036	0.216642353	0.203156783	0.202891575	0.227476766	0.455839815	0.603251339	0.282291168	0.236764286	0.284757782	0.263471965	0.329383676	0.477375046	0.182055713	0.22791943	0.274049247	0.460033094	0.59552045	0.265538545	0.224569841	0.50416106	0.637435146	0.298333809	0.485183939	0.627339549	0.33711912	0.177049136	0.272024661	0.388238111
CUB011_vs._CUB011	0.29092901	0.214282031	0.238364996	0.257827221	0.445836696	0.205277233	0.263478013	0.267890238	0.429518511	0.471931188	0.283544469	0.185627461	0.368906676	0.395041993	0.172786712	0.357620407	0.429781492	0.123246767	0.526332173	0.336604404	0.421040333
NAU108_vs._NAU108	0.293133364	0.309670611	0.295687462	0.923799168	0.224522577	0.405898182	0.234694509	0.205143964	0.822582998	0.199731865	0.250018448	0.224855525	0.812627675	0.253889936	0.314080291	0.854003848	0.258848861	0.246367084	0.872317837	0.770126934	0.291945853
CUB007_vs._CUB007	0.374076413	0.162415014	0.318697083	0.388292671	0.206525453	0.143219945	0.302268364	0.167307737	0.369096221	0.37047389	0.145304442	0.391068414	0.399385954	0.285888685	0.34266058	0.263707699	0.393391253	0.222660195	0.164848991	0.25576859	0.155261803	0.40386552	0.284919466	0.317335334	0.337129819	0.27734824	0.401098242	0.40435183	0.308635907	0.369505932	0.210600338	0.306721265	0.226581106	0.298360183	0.168567622	0.211563243
NAU147_vs._NAU147	0.262150328	0.168051223	0.450756063	0.255802765	0.304810351	0.178348632	0.215818821	0.512255955	0.306658345	0.300391327	0.237964636	0.441801832	0.261984674	0.320215378	0.175594375	0.527480568	0.537571998	0.460261853	0.323117152	0.195572149	0.272117849
NAU150_vs._NAU150	0.435640434	0.257821037	0.319794902	0.447820809	0.288604105	0.469852892	0.366899277	0.423699915	0.301705612	0.221643965	0.315405013	0.323941766	0.297018111	0.294901101	0.421938004	0.24420924	0.429049231	0.314398394	0.304939311	0.217878981	0.262253014	0.223123597	0.302771284	0.269582257	0.265678278	0.311837843	0.242270388	0.248504099
NAU121_vs._NAU121	0.244300387	0.167795102	0.232444375	0.194197192	0.359611746	0.274366944	0.271193149	0.346935878	0.261214349	0.24361778	0.256304745	0.375123323	0.269180665	0.309646782	0.309344907	0.321447949	0.210509666	0.42449956	0.350822232	0.336568363	0.335341632	0.258455379	0.391366845	0.193182183	0.305795276	0.221459617	0.41650603	0.349848636	0.283744715	0.332455072	0.395721946	0.405692893	0.463456198	0.312726065	0.25345279	0.386177567
CUB010_vs._CUB010	0.345736813	0.347125778	0.202819053	0.355214346	0.280358325	0.171462068	0.187756675	0.23259594	0.245101454	0.464698567	0.365216304	0.488687667	0.307464014	0.303087607	0.34251605	0.321358385	0.377997541	0.475903283	0.270811808	0.244906267	0.277481284	0.261998643	0.305252254	0.53155348	0.434408077	0.411395494	0.281704653	0.313494484	0.334746699	0.162617855	0.372116869	0.305679778	0.320513283	0.345522988	0.469323406	0.208928985	0.198659564	0.276075649	0.438348835	0.120967109	0.187167962	0.316097624	0.201969597	0.348258719	0.374909564
NAU107_vs._NAU107	0.423758163	0.318035842	0.365029473	0.456474692	0.503168826	0.392114256	0.307696997	0.336197124	0.366282811	0.345821202	0.351228499	0.321875999	0.346379483	0.34281464	0.353801225	0.254548021	0.283635384	0.35493271	0.193993592	0.184406249	0.234792392	0.390365081	0.305780315	0.323129923	0.253540108	0.324486057	0.315947626	0.206678878	0.304013285	0.261373172	0.352313966	0.331243531	0.33187423	0.251898707	0.202923104	0.233027935
CUB033_vs._CUB033	0.126189282	0.223745951	0.484645786	0.514307954	0.186982466	0.160397504	0.321238331	0.24951081	0.322134801	0.180136751	0.454872572	0.48681171	0.130487186	0.135421732	0.332015553	0.235714038	0.333147785	0.424971873	0.454913841	0.199026111	0.195473141	0.278123186	0.230789449	0.301821666	0.111212424	0.38222473	0.490006698	0.488543565	0.555185666	0.610590255	0.40364532	0.518389306	0.507926795	0.57672197	0.603617675	0.170828316	0.324077227	0.271720282	0.379991987	0.327706647	0.21243888	0.313533689	0.334029915	0.331199224	0.225435609
NAU160_vs._NAU160	0.340656644	0.381593106	0.537877705	0.195676714	0.237934194	0.24456121	0.289281442	0.374629056	0.484905999	0.433997712	0.340202146	0.326714438	0.27330221	0.602360997	0.448884436	0.253733378	0.22056851	0.242163264	0.591303023	0.560254037	0.551492579	0.524815699	0.290295538	0.302164266	0.388361248	0.118396996	0.22167463	0.238616074
CUB037_vs._CUB037	0.232743191	0.440199019	0.369836426	0.351863118	0.190967265	0.342278757	0.214122809	0.230610077	0.50636943	0.352517853	0.435583771	0.316830774	0.364403178	0.244930512	0.36001338	0.481874625	0.186126517	0.365830842	0.335396908	0.335502994	0.310223776	0.39818571	0.384310177	0.360768357	0.361428059	0.436839661	0.313830323	0.308581043	0.280081193	0.301662827	0.360007098	0.21774377	0.173062632	0.29334482	0.387981922	0.241777048
NAU153_vs._NAU153	0.350205074	0.63821653	0.359405769	0.276089047	0.371725994	0.356845964	0.328001388	0.54815305	0.199410473	0.219554631	0.188869724	0.357603704	0.179695002	0.581366069	0.538771877	0.615162856	0.652318852	0.581040486	0.222437416	0.158649651	0.382946249	0.208507385	0.243921151	0.301526849	0.195233527	0.407962226	0.185357818	0.343771176
CUB019_vs._CUB019	0.227604018	0.185005622	0.269192572	0.204203591	0.201692326	0.616203165	0.414760658	0.341319854	0.22292218	0.357411974	0.250083615	0.307056864	0.614922535	0.48232511	0.40351235	0.366221764	0.273640233	0.246182556	0.628825965	0.458105044	0.378509788	0.222355127	0.315250836	0.666305853	0.486233774	0.445417466	0.206632497	0.601650766	0.366855671	0.313810711	0.596717235	0.351074988	0.27383229	0.608972507	0.571728807	0.229368026
CUB015_vs._CUB015	0.404261528	0.226648922	0.263899194	0.303812243	0.318544092	0.556216454	0.244830081	0.342547112	0.434450442	0.397896424	0.325019763	0.305159736	0.617771546	0.480844319	0.543004414	0.297633598	0.373933587	0.343011078	0.543675814	0.278275319	0.371937328	0.310412199	0.29156327	0.529065242	0.263566973	0.388543732	0.187693535	0.613762981	0.357372368	0.422549271	0.608873462	0.352069227	0.413143234	0.538334135	0.574003418	0.278331935
CUB009_vs._CUB009	0.190285766	0.306224565	0.503793666	0.349544005	0.382607424	0.331344195	0.213689844	0.282754626	0.240877921	0.41893826	0.417044187	0.404724948	0.319190357	0.221238722	0.259228116	0.409332459	0.442154528	0.401335551	0.240824254	0.280494075	0.220789625	0.591260981	0.567140312	0.515208037	0.493005042	0.499079882	0.217284977	0.437921898	0.415922157	0.458782363	0.401430843	0.407390228	0.37511873	0.287191491	0.257788443	0.219415486
NCS253_vs._NCS253	0.139644939	0.30345434	0.291055638	0.335363849	0.488516323	0.389899728	0.418712539	0.337374961	0.342037079	0.374417266	0.536289266	0.433430113	0.483446912	0.28947333	0.423357333	0.497995085	0.436773222	0.501701003	0.398943223	0.510712255	0.433032382	0.472221993	0.361595268	0.184169435	0.28201268	0.221447443	0.496978394	0.358037353
CUB003_vs._CUB003	0.4089208	0.370655	0.422641659	0.430499947	0.323821624	0.540444574	0.468872842	0.513569644	0.470739915	0.252922428	0.294733209	0.463838917	0.272915238	0.611911358	0.544525568	0.417264284	0.566246279	0.164997859	0.374903759	0.184435348	0.445868956	0.40163383	0.316979462	0.408790453	0.438147032	0.239350871	0.396474443	0.424249857	0.245164687	0.399208222	0.308584607	0.490898917	0.385903033	0.533709311	0.394343124	0.468031592	0.359020822	0.375545278	0.408956291	0.27817211	0.369713024	0.289384225	0.475141466	0.237961413	0.428149813
NCS237_vs._NCS237	0.24192408	0.564215942	0.326418938	0.612774115	0.514913807	0.409461915	0.549642498	0.291658792	0.593168985	0.448538389	0.241465143	0.523292268	0.116161953	0.243209177	0.538620453	0.573493849	0.443802117	0.309507917	0.235190272	0.583057702	0.424466924
