NAU132_vs._NAU132	0.48894905	0.07636628	0.07248505	0.094337649	0.091500485	0.086745665	0.114540646	0.114410692	0.470625822	0.477348592	0.508977219	0.474883701	0.501150249	0.455458234	0.455172452	0.06332824	0.117373489	0.116182353	0.098806345	0.136277946	0.13296313	0.081654703	0.132041753	0.094090121	0.148099604	0.133859094	0.148714388	0.098435746	0.175939931	0.151588335	0.106476384	0.097220509	0.085243119	0.132156009	0.091404837	0.091905242
NCS210_vs._NCS210	0.107726171	0.173526569	0.251818419	0.211147495	0.196104884	0.213501067	0.201614634	0.121342796	0.269875336	0.216290976	0.206391997	0.212041006	0.194082255	0.300186344	0.215211988	0.234908381	0.245654466	0.268862311	0.193200654	0.237397839	0.243554106	0.362234199	0.188354891	0.24888685	0.313666101	0.128961109	0.290863472	0.297780619
CUB029_vs._CUB029	0.428290355	0.410671092	0.402435133	0.412264482	0.410602337	0.368403732	0.366867277	0.356856228	0.235823251	0.173310502	0.249705381	0.151619366	0.210383069	0.267963042	0.336474339	0.165738653	0.221430512	0.123016313	0.181699646	0.219856281	0.324777434	0.199274067	0.119750258	0.170542277	0.218642372	0.291810411	0.198361657	0.200494626	0.135717391	0.2394532	0.175854457	0.213518328	0.324048055	0.188417193	0.274163042	0.190652667
CUB051_vs._CUB051	0.615499866	0.187864665	0.203430668	0.244185132	0.124818657	0.321691722	0.544728531	0.57902549	0.449392986	0.598299287	0.40544328	0.123664245	0.143567201	0.126123448	0.222448089	0.188490106	0.165823111	0.2574751	0.204563815	0.127026592	0.266973035
NAU106_vs._NAU106	0.204675264	0.181892261	0.222831078	0.160739482	0.272384322	0.165317045	0.248747536	0.257929885	0.257974892	0.196340694	0.32445696	0.207474631	0.227079334	0.156425025	0.182087377	0.237949229	0.247362586	0.301704765	0.204231748	0.21239454	0.252621019	0.309330718	0.268335344	0.185107185	0.21034065	0.304141629	0.37530377	0.196048729
NCS234_vs._NCS234	0.185877684	0.143621572	0.462676955	0.194670802	0.190463753	0.219498894	0.233524521	0.107643268	0.424052171	0.129425866	0.136977231	0.251164244	0.344420535	0.427900651	0.121684518	0.122155149	0.219291254	0.280686059	0.422029981	0.440686274	0.402919221	0.453006938	0.088400635	0.229597112	0.318467785	0.247257937	0.30735735	0.250586513
CUB026_vs._CUB026	0.242636549	0.201558532	0.299492482	0.371209835	0.282982762	0.270306311	0.358620489	0.112658501	0.100775351	0.218692754	0.097896653	0.230379552	0.307945996	0.164010852	0.274495171	0.148280994	0.217328447	0.289924431	0.183486957	0.13124561	0.244481481	0.232612827	0.239998917	0.27507132	0.23203749	0.264112761	0.317975633	0.29133161
CUB000_vs._CUB000	0.426192956	0.231391246	0.187344345	0.170697639	0.187396921	0.212891626	0.350486844	0.14913051	0.186800974	0.477831166	0.438430933	0.462322563	0.475426013	0.42823922	0.32751396	0.445037742	0.382567434	0.153138105	0.218598261	0.173872803	0.330160394	0.353745452	0.189866142	0.259444002	0.22575464	0.2109973	0.336482705	0.354064115	0.152617235	0.268794371	0.160178292	0.198074903	0.359392883	0.143629715	0.180933545	0.241318073	0.353438069	0.173227915	0.213970655	0.363679866	0.24266949	0.187905416	0.347296704	0.2962783	0.234550876
NCS248_vs._NCS248	0.2406903	0.321589965	0.138115066	0.311844399	0.274412498	0.205361592	0.16103815	0.180232525	0.250491377	0.23378539	0.254575109	0.238225188	0.231997212	0.191287998	0.255373019	0.269472111	0.281346504	0.270122263	0.243495675	0.265967355	0.263229086	0.309032383	0.264091398	0.14848981	0.16426931	0.163759275	0.336000229	0.326138743	0.266419143	0.346883978	0.208775692	0.245878876	0.257068567	0.164716898	0.167156695	0.196153453
NCS263_vs._NCS263	0.494510726	0.220612303	0.140605682	0.303772097	0.206332914	0.22376185	0.255350262	0.367383803	0.398645862	0.337325719	0.412826956	0.421888556	0.416348588	0.181796247	0.213047972	0.244670809	0.214248707	0.264560415	0.255941121	0.152259134	0.157678172	0.197761098	0.312310147	0.263718411	0.292247173	0.20498653	0.14122205	0.18567948
NAU101_vs._NAU101	0.142573439	0.278906616	0.316238409	0.412816771	0.304274577	0.336222381	0.303728226	0.326804394	0.241116691	0.308783368	0.42404945	0.320659928	0.291890418	0.303114035	0.316773329	0.188989533	0.252490329	0.260199635	0.235934285	0.185382254	0.262940668	0.216728246	0.176865176	0.158916774	0.100447837	0.182489845	0.296251004	0.319014514	0.195532325	0.312733207	0.201358498	0.200030713	0.202943153	0.202013753	0.178381823	0.178541156
CUB008_vs._CUB008	0.182054542	0.329884785	0.207390495	0.337836005	0.53990993	0.247549063	0.21331085	0.216274703	0.239943757	0.157093857	0.272267343	0.491853136	0.188381619	0.183612598	0.208324047	0.25041922	0.301664458	0.436134967	0.218840268	0.321992457	0.314751118	0.285205812	0.492229807	0.201914294	0.230740221	0.246726186	0.369544097	0.271046622	0.288396461	0.262971834	0.513809789	0.526494694	0.494866605	0.246909299	0.241491438	0.157947061
NCS213_vs._NCS213	0.201931786	0.272221502	0.245874883	0.256951754	0.335707027	0.317533351	0.24612389	0.193070115	0.225226272	0.285433245	0.226023765	0.258732997	0.335767874	0.293434915	0.237516479	0.185169945	0.231596576	0.242299332	0.312638399	0.284076327	0.269451262
CUB048_vs._CUB048	0.23643716	0.330929906	0.206018269	0.547151768	0.259104917	0.315913903	0.245190638	0.337083754	0.530760308	0.226388144	0.206503763	0.403858914	0.194737883	0.183760757	0.150849408	0.22687177	0.375290344	0.250740029	0.337827704	0.216980399	0.168297673	0.211787932	0.282356498	0.308352742	0.462731453	0.253247772	0.265008766	0.224026719	0.282851339	0.443271909	0.431074253	0.328858017	0.390927218	0.42819453	0.079640742	0.230797524	0.154557173	0.245919081	0.414396483	0.169686339	0.260665715	0.300443011	0.188924504	0.375600206	0.410337556
CUB056_vs._CUB056	0.21404379	0.361418192	0.127934949	0.324190592	0.164072082	0.295506642	0.299071689	0.274641968	0.221981423	0.329947634	0.188485412	0.244701974	0.259789093	0.370129957	0.289774492	0.29878925	0.246838078	0.265746893	0.335290153	0.117455999	0.286982741	0.275376842	0.284634416	0.224438358	0.250715873	0.236150464	0.218441289	0.180842289
NCS212_vs._NCS212	0.227816994	0.274046372	0.335725397	0.274512841	0.314294892	0.300696059	0.232235154	0.213216156	0.260037479	0.253516527	0.278635952	0.297838233	0.226975832	0.197882357	0.234099985	0.148732672	0.351499239	0.27797949	0.22801726	0.204690683	0.32920837	0.305316535	0.268596453	0.210356808	0.267995821	0.365594779	0.299148914	0.243783945
NCS243_vs._NCS243	0.284761546	0.254287511	0.264857527	0.28507195	0.136521403	0.21388289	0.188025558	0.344095487	0.430616111	0.446827968	0.313906881	0.332208684	0.353440026	0.293935462	0.297870357	0.175059374	0.137638833	0.263311371	0.127451121	0.22613034	0.243480823	0.355620129	0.242828687	0.272069204	0.311102182	0.162199899	0.197562213	0.272838508
NAU149_vs._NAU149	0.25516435	0.192726828	0.34888743	0.298588867	0.209223219	0.25433934	0.318516572	0.207833595	0.312065574	0.173396082	0.173752673	0.225456883	0.344600508	0.42580082	0.207122165	0.387851992	0.344179601	0.241610057	0.299029424	0.33070561	0.253414631	0.137862035	0.260013843	0.38234884	0.450234744	0.284395787	0.28140499	0.385747163	0.485699823	0.247696226	0.267683561	0.302607613	0.194206186	0.215313144	0.204035089	0.315022647
NAU150_vs._NAU150	0.320582533	0.32303705	0.272594614	0.273549137	0.372720272	0.301385837	0.242385918	0.275627252	0.301543573	0.229118155	0.251216032	0.337414545	0.300633872	0.325763991	0.304522507	0.251593764	0.250370797	0.362158238	0.267155249	0.23915028	0.237938278	0.172681867	0.33303732	0.254499169	0.28912843	0.247388538	0.359510037	0.260288192	0.310722179	0.277394557	0.313886491	0.381274638	0.314900664	0.252564293	0.191772449	0.196094594
CUB042_vs._CUB042	0.163269452	0.238094378	0.217420152	0.187830103	0.19465465	0.210150992	0.186682632	0.317609244	0.245317851	0.245803358	0.288667714	0.277792181	0.264333344	0.224679132	0.24433857	0.306377592	0.304115183	0.236694892	0.363616367	0.367442274	0.263580752	0.214341972	0.386162888	0.359642739	0.310481025	0.322813144	0.28532594	0.245903278	0.43769178	0.394220519	0.228840199	0.308762229	0.313077483	0.267563279	0.28991111	0.280076764	0.22147096	0.314442668	0.140259185	0.245109838	0.359001884	0.304759643	0.339757466	0.203021435	0.308111041
CUB009_vs._CUB009	0.171464453	0.278911913	0.314782606	0.256077726	0.266758385	0.277598793	0.233492827	0.24984871	0.319408986	0.290399417	0.205076705	0.240815788	0.277774946	0.293186948	0.238450553	0.231616569	0.412552743	0.333249688	0.367530508	0.294625438	0.287558719	0.355431754	0.257535599	0.329245649	0.297559013	0.262392148	0.291304643	0.323414917	0.332986281	0.306308362	0.188498702	0.277960696	0.187099199	0.33720724	0.202959427	0.244228621
CUB012_vs._CUB012	0.325345487	0.257781465	0.222721589	0.192055224	0.222944756	0.650497219	0.288946534	0.288745531	0.283198386	0.20938216	0.301776918	0.283514783	0.407024587	0.570944476	0.364733791	0.28709759	0.259883499	0.253559734	0.203678575	0.335038733	0.556873666	0.317791055	0.291697416	0.198202185	0.163603193	0.243533413	0.565640316	0.176566089	0.191683358	0.239250535	0.185086562	0.588004247	0.219763904	0.206255393	0.225706084	0.631745427	0.214515412	0.238590095	0.334254542	0.596648467	0.590187588	0.592096455	0.135169565	0.340140726	0.319327687
NAU110_vs._NAU110	0.318179393	0.188728953	0.213076747	0.279850367	0.208938302	0.43633272	0.203092212	0.249081545	0.328880144	0.32975169	0.29215195	0.313989303	0.466173075	0.300437471	0.298191278	0.097902474	0.300723094	0.125582255	0.475905921	0.162843179	0.278506106	0.304989216	0.109771777	0.482402537	0.156896503	0.295471132	0.272311363	0.377489781	0.238954589	0.1874566	0.454317622	0.11873579	0.255212873	0.416356064	0.393242193	0.214208975
NCS204_vs._NCS204	0.378406321	0.248813991	0.177832719	0.290640388	0.278339046	0.243892235	0.439305054	0.363489716	0.474991251	0.400911593	0.410950548	0.218927782	0.357572659	0.199251777	0.209891156	0.300223509	0.250292435	0.231005058	0.361906254	0.312421629	0.138836377
CUB017_vs._CUB017	0.512472602	0.257786505	0.274769599	0.310313421	0.369823413	0.46644256	0.287932767	0.248681256	0.390735411	0.459979669	0.345556051	0.288880547	0.150296354	0.558772203	0.446989932	0.231622938	0.246996372	0.284866204	0.356698237	0.333657108	0.212146777	0.238056084	0.288745534	0.384628001	0.36579582	0.234390685	0.19780128	0.263731923	0.367142128	0.196397177	0.203364623	0.45885542	0.295910047	0.505958949	0.366348714	0.252235715
CUB053_vs._CUB053	0.23360959	0.228383805	0.175075495	0.523551538	0.31031362	0.173673403	0.420581834	0.300537985	0.322031601	0.255406561	0.33335606	0.18010969	0.242730429	0.257904536	0.120159401	0.23902827	0.578392483	0.299923931	0.266759936	0.450257829	0.354576412	0.558199765	0.354792483	0.159250024	0.467453879	0.339642976	0.354961746	0.507476947	0.232984604	0.269743563	0.335728285	0.233828156	0.182041543	0.438416399	0.29475054	0.219757527
CUB027_vs._CUB027	0.223490498	0.1495617	0.293220517	0.427447144	0.211948002	0.478585978	0.147964833	0.291812249	0.140672292	0.306231923	0.414209336	0.244391846	0.46490047	0.191484261	0.319021573	0.326327353	0.449484728	0.222148804	0.501012896	0.180553705	0.329609831	0.341634781	0.231218307	0.414656241	0.245010434	0.235888434	0.351992894	0.148213434	0.346661565	0.329481105	0.439031146	0.180156815	0.189299245	0.421632137	0.427561851	0.235114934
All_within_PersonalID	0.358314582	0.315889371	0.364722229	0.324207796	0.280143234	0.276692066	0.494021682	0.369139527	0.451017045	0.215323636	0.344319778	0.419190418	0.559583292	0.472030766	0.328879665	0.311207615	0.369634797	0.603022545	0.435241269	0.278009391	0.467713687	0.206646603	0.332208232	0.38701107	0.54968224	0.417386906	0.38299389	0.60687107	0.231839097	0.415193932	0.509043124	0.426754431	0.272557483	0.231706983	0.430300604	0.337280656	0.450037599	0.648312639	0.536409352	0.404000176	0.10973422	0.503043521	0.452202935	0.608942528	0.301615999	0.462929437	0.408977463	0.251051568	0.441726296	0.440613353	0.320262177	0.617400319	0.450740294	0.330864134	0.369196668	0.50134962	0.166286187	0.319252297	0.38573271	0.366882129	0.219084927	0.463752915	0.417828597	0.29901347	0.325283039	0.178364457	0.252867275	0.270287504	0.259116035	0.36989633	0.332311084	0.259218576	0.347137452	0.181063483	0.392540652	0.464288747	0.422938007	0.189662314	0.198864533	0.260471186	0.399744369	0.344879733	0.293055513	0.245129978	0.338375855	0.271626309	0.369632929	0.455723864	0.401695944	0.328734587	0.295831323	0.240685406	0.326330986	0.469322531	0.644111877	0.619963101	0.416379865	0.408216841	0.403635899	0.451544933	0.268915413	0.447136913	0.603395415	0.569962655	0.364862241	0.420490061	0.375649755	0.456088941	0.293361551	0.361623822	0.34397386	0.200153984	0.15511863	0.225288196	0.287379142	0.361153644	0.206105804	0.448375714	0.422086646	0.46258193	0.489153644	0.551026784	0.414316774	0.412296166	0.440971322	0.456392186	0.52170127	0.197959646	0.125236126	0.28159472	0.314192376	0.186432258	0.275564682	0.309535554	0.30170644	0.322251172	0.36554892	0.319154722	0.378054777	0.358506592	0.537893142	0.299117939	0.30043677	0.282926608	0.224914752	0.254727879	0.249607464	0.55437649	0.318089371	0.347552252	0.178070802	0.301008176	0.159349501	0.423072413	0.40216558	0.425044769	0.189004847	0.281476907	0.491439394	0.394366833	0.33520006	0.173922338	0.247830562	0.673330511	0.679701338	0.511342318	0.507527952	0.351282631	0.351973085	0.352459741	0.317524828	0.273522254	0.205276556	0.389005201	0.275639988	0.532283674	0.438275452	0.483045341	0.215638022	0.295238779	0.305200793	0.213967387	0.445444585	0.371476779	0.471639997	0.683980026	0.311186151	0.47921771	0.47991328	0.463756958	0.574824772	0.448844716	0.579240735	0.302565016	0.240150849	0.401534457	0.314736839	0.457057998	0.746891965	0.454250202	0.601404253	0.587039777	0.579981659	0.589958061	0.448442942	0.433667899	0.456766865	0.440596935	0.531672399	0.511328532	0.323450194	0.403979738	0.303800055	0.332949053	0.283056153	0.389684978	0.304177814	0.25618245	0.538854213	0.446420374	0.531734758	0.493824312	0.494259399	0.533933629	0.510939444	0.404835589	0.559793589	0.386109653	0.396159758	0.306035144	0.198066205	0.539914726	0.447418436	0.415357213	0.424426315	0.333017266	0.457795692	0.477734189	0.480699381	0.475210264	0.287959415	0.173611327	0.303262286	0.321548224	0.325186381	0.251635437	0.426192956	0.231391246	0.187344345	0.170697639	0.187396921	0.212891626	0.350486844	0.14913051	0.186800974	0.477831166	0.438430933	0.462322563	0.475426013	0.42823922	0.32751396	0.445037742	0.382567434	0.153138105	0.218598261	0.173872803	0.330160394	0.353745452	0.189866142	0.259444002	0.22575464	0.2109973	0.336482705	0.354064115	0.152617235	0.268794371	0.160178292	0.198074903	0.359392883	0.143629715	0.180933545	0.241318073	0.353438069	0.173227915	0.213970655	0.363679866	0.24266949	0.187905416	0.347296704	0.2962783	0.234550876	0.57655493	0.421826169	0.327927296	0.455572497	0.408450391	0.352776212	0.485587399	0.470225714	0.462993132	0.449321867	0.429830076	0.407545959	0.291024645	0.673851624	0.708788965	0.21892891	0.694742388	0.350225097	0.418333386	0.346781614	0.480695225	0.488441828	0.383345979	0.447322935	0.278169985	0.201673485	0.337925904	0.423669815	0.317898174	0.377095316	0.255798626	0.494940015	0.575210864	0.365406781	0.532277381	0.459935167	0.504390842	0.229753753	0.461070781	0.303857321	0.518152296	0.294043908	0.535466531	0.222781019	0.53898348	0.182054542	0.329884785	0.207390495	0.337836005	0.53990993	0.247549063	0.21331085	0.216274703	0.239943757	0.157093857	0.272267343	0.491853136	0.188381619	0.183612598	0.208324047	0.25041922	0.301664458	0.436134967	0.218840268	0.321992457	0.314751118	0.285205812	0.492229807	0.201914294	0.230740221	0.246726186	0.369544097	0.271046622	0.288396461	0.262971834	0.513809789	0.526494694	0.494866605	0.246909299	0.241491438	0.157947061	0.171464453	0.278911913	0.314782606	0.256077726	0.266758385	0.277598793	0.233492827	0.24984871	0.319408986	0.290399417	0.205076705	0.240815788	0.277774946	0.293186948	0.238450553	0.231616569	0.412552743	0.333249688	0.367530508	0.294625438	0.287558719	0.355431754	0.257535599	0.329245649	0.297559013	0.262392148	0.291304643	0.323414917	0.332986281	0.306308362	0.188498702	0.277960696	0.187099199	0.33720724	0.202959427	0.244228621	0.302179396	0.451140803	0.442582108	0.458727313	0.44908844	0.467999381	0.458892318	0.508039573	0.335207601	0.499850274	0.584065807	0.538400656	0.571588497	0.567277142	0.621336231	0.401270011	0.544471164	0.504757567	0.526065182	0.520357399	0.569690176	0.472125715	0.456813696	0.466794329	0.533402164	0.559427829	0.269772347	0.213671316	0.317614373	0.436604314	0.211036509	0.33299715	0.484319387	0.272966595	0.416354676	0.200151917	0.325345487	0.257781465	0.222721589	0.192055224	0.222944756	0.650497219	0.288946534	0.288745531	0.283198386	0.20938216	0.301776918	0.283514783	0.407024587	0.570944476	0.364733791	0.28709759	0.259883499	0.253559734	0.203678575	0.335038733	0.556873666	0.317791055	0.291697416	0.198202185	0.163603193	0.243533413	0.565640316	0.176566089	0.191683358	0.239250535	0.185086562	0.588004247	0.219763904	0.206255393	0.225706084	0.631745427	0.214515412	0.238590095	0.334254542	0.596648467	0.590187588	0.592096455	0.135169565	0.340140726	0.319327687	0.247666645	0.385487807	0.397310322	0.488556082	0.324383252	0.419364143	0.290864942	0.270386443	0.503576315	0.256703451	0.275698664	0.207786495	0.398269687	0.317073985	0.23574833	0.433880714	0.339621674	0.179015415	0.438108106	0.454193683	0.359138809	0.512201717	0.443116106	0.408832002	0.317665818	0.271093405	0.276303004	0.499159333	0.438779681	0.354947527	0.604272071	0.499409586	0.425445213	0.626282556	0.495319248	0.51283482	0.435853871	0.314799194	0.655205831	0.388118384	0.336183025	0.388137808	0.397490409	0.205465641	0.321758244	0.434553627	0.251748259	0.404806822	0.482696847	0.512472602	0.257786505	0.274769599	0.310313421	0.369823413	0.46644256	0.287932767	0.248681256	0.390735411	0.459979669	0.345556051	0.288880547	0.150296354	0.558772203	0.446989932	0.231622938	0.246996372	0.284866204	0.356698237	0.333657108	0.212146777	0.238056084	0.288745534	0.384628001	0.36579582	0.234390685	0.19780128	0.263731923	0.367142128	0.196397177	0.203364623	0.45885542	0.295910047	0.505958949	0.366348714	0.252235715	0.275772917	0.19971391	0.302565995	0.357058064	0.404606817	0.371827457	0.305976939	0.418609224	0.298603037	0.371607128	0.32079458	0.252391033	0.365678698	0.359331897	0.453614665	0.470928679	0.423565212	0.542562302	0.344253355	0.434803661	0.557047912	0.271235892	0.409456386	0.252887085	0.54299003	0.351204254	0.550643665	0.20570969	0.421856479	0.416194428	0.275855173	0.420983746	0.256124766	0.430409167	0.326225996	0.287939727	0.318793891	0.281339546	0.53208526	0.431177439	0.449739928	0.389131645	0.404665601	0.401010529	0.427816866	0.282799947	0.287810412	0.449164834	0.362744037	0.54433471	0.327662429	0.502168463	0.459262564	0.358360913	0.555436931	0.326516458	0.440866319	0.267561193	0.35863459	0.152109635	0.338891055	0.326173569	0.500667053	0.196329279	0.381481526	0.230354303	0.249653264	0.207555686	0.248324682	0.370553718	0.270854172	0.353573647	0.345680287	0.243532035	0.278971641	0.335726421	0.367320477	0.4176052	0.282796906	0.239030412	0.480505364	0.19684917	0.310195523	0.211464602	0.36188712	0.325282222	0.409515767	0.43092855	0.307897664	0.323181601	0.419184402	0.463672345	0.360796161	0.318179393	0.188728953	0.213076747	0.279850367	0.208938302	0.43633272	0.203092212	0.249081545	0.328880144	0.32975169	0.29215195	0.313989303	0.466173075	0.300437471	0.298191278	0.097902474	0.300723094	0.125582255	0.475905921	0.162843179	0.278506106	0.304989216	0.109771777	0.482402537	0.156896503	0.295471132	0.272311363	0.377489781	0.238954589	0.1874566	0.454317622	0.11873579	0.255212873	0.416356064	0.393242193	0.214208975	0.142573439	0.278906616	0.316238409	0.412816771	0.304274577	0.336222381	0.303728226	0.326804394	0.241116691	0.308783368	0.42404945	0.320659928	0.291890418	0.303114035	0.316773329	0.188989533	0.252490329	0.260199635	0.235934285	0.185382254	0.262940668	0.216728246	0.176865176	0.158916774	0.100447837	0.182489845	0.296251004	0.319014514	0.195532325	0.312733207	0.201358498	0.200030713	0.202943153	0.202013753	0.178381823	0.178541156	0.204675264	0.181892261	0.222831078	0.160739482	0.272384322	0.165317045	0.248747536	0.257929885	0.257974892	0.196340694	0.32445696	0.207474631	0.227079334	0.156425025	0.182087377	0.237949229	0.247362586	0.301704765	0.204231748	0.21239454	0.252621019	0.309330718	0.268335344	0.185107185	0.21034065	0.304141629	0.37530377	0.196048729	0.333792784	0.696211908	0.246952793	0.337309427	0.305326566	0.304781022	0.464095866	0.307370533	0.361559407	0.349737352	0.38926629	0.595712417	0.582462357	0.580235894	0.62189875	0.15368842	0.110254203	0.173110449	0.139709413	0.101372257	0.159466138	0.311202732	0.285141664	0.407927726	0.253231417	0.388403154	0.525505799	0.343942127	0.106965288	0.500094566	0.411052241	0.175356236	0.430451329	0.143248859	0.497635888	0.400348957	0.20178362	0.424641945	0.139277439	0.347235721	0.463128504	0.715206829	0.538804163	0.445348393	0.577024058	0.468268554	0.419922619	0.186854699	0.427517572	0.627374458	0.136065952	0.391757593	0.19543047	0.175100608	0.170466906	0.598848472	0.533825869	0.577125324	0.629825402	0.609094704	0.374771159	0.117370336	0.154126862	0.193900456	0.359735141	0.423801561	0.341873307	0.191532106	0.190954878	0.248388936	0.332572288	0.283001076	0.58105472	0.373275714	0.39408804	0.396687985	0.336646282	0.454183782	0.477793272	0.26772534	0.448512197	0.566872538	0.287422844	0.28058465	0.419119615	0.611661742	0.542500168	0.630911867	0.420829678	0.421519269	0.376270889	0.378406321	0.248813991	0.177832719	0.290640388	0.278339046	0.243892235	0.439305054	0.363489716	0.474991251	0.400911593	0.410950548	0.218927782	0.357572659	0.199251777	0.209891156	0.300223509	0.250292435	0.231005058	0.361906254	0.312421629	0.138836377	0.222200645	0.297733969	0.284985448	0.355831147	0.254609576	0.334541701	0.199978675	0.228628013	0.360291832	0.286631409	0.369569654	0.307068049	0.328121626	0.266392718	0.250826568	0.379720265	0.460030648	0.217303207	0.475250124	0.376260616	0.307265832	0.399831845	0.40206766	0.230253953	0.216091099	0.380141905	0.399635143	0.371758754	0.39727293	0.334034666	0.463808119	0.355259309	0.202520677	0.289025408	0.430642272	0.354545672	0.320582533	0.32303705	0.272594614	0.273549137	0.372720272	0.301385837	0.242385918	0.275627252	0.301543573	0.229118155	0.251216032	0.337414545	0.300633872	0.325763991	0.304522507	0.251593764	0.250370797	0.362158238	0.267155249	0.23915028	0.237938278	0.172681867	0.33303732	0.254499169	0.28912843	0.247388538	0.359510037	0.260288192	0.310722179	0.277394557	0.313886491	0.381274638	0.314900664	0.252564293	0.191772449	0.196094594	0.575065104	0.557209294	0.543799486	0.451646556	0.626283327	0.631168788	0.458497404	0.424032156	0.472224558	0.558825975	0.599457282	0.249620706	0.391500314	0.262044197	0.248525562	0.402785004	0.358949399	0.369681624	0.500445117	0.489709998	0.309752791	0.431767291	0.366437819	0.582155413	0.419808992	0.466361706	0.661492848	0.471308509	0.498801292	0.310259918	0.30239626	0.195133093	0.271357731	0.644033507	0.215848796	0.442490577	0.441124788	0.312227869	0.330323927	0.588426821	0.33138485	0.408337425	0.255538997	0.315152217	0.764405331	0.221833688	0.515988825	0.247891978	0.694047088	0.227503481	0.450401574	0.693962974	0.251058929	0.500842724	0.690648507	0.331360682	0.496524917	0.469701382	0.43508099	0.543436084	0.332419677	0.473548975	0.602114819	0.527697219	0.555089272	0.2733507	0.179518578	0.315784633	0.242651859	0.352222209	0.315544373	0.265265874	0.339396666	0.235183991	0.280049569	0.322632963	0.318728459	0.348755772	0.389517441	0.293762101	0.383902917	0.390000379	0.301427816	0.275886302	0.398527484	0.320176772	0.387692641	0.276142984	0.248515122	0.386706129	0.363397048	0.327025721	0.396364323	0.494510726	0.220612303	0.140605682	0.303772097	0.206332914	0.22376185	0.255350262	0.367383803	0.398645862	0.337325719	0.412826956	0.421888556	0.416348588	0.181796247	0.213047972	0.244670809	0.214248707	0.264560415	0.255941121	0.152259134	0.157678172	0.197761098	0.312310147	0.263718411	0.292247173	0.20498653	0.14122205	0.18567948	0.247009063	0.253345541	0.302651674	0.344369741	0.394923897	0.503859641	0.329087285	0.303849799	0.271927727	0.351513538	0.198651751	0.244714572	0.487401234	0.454510132	0.230489502	0.301384622	0.313302004	0.383166251	0.38442294	0.375393038	0.580446502	0.422999576	0.376893906	0.365814798	0.155808881	0.509750409	0.408660429	0.122376755	0.297866331	0.234833407	0.461505824	0.351465264	0.131375048	0.280238946	0.26409874	0.609196968	0.493310398	0.45837702	0.471085794	0.394299048	0.411994694	0.421556478	0.258836182	0.23978965	0.26546743	0.163269452	0.238094378	0.217420152	0.187830103	0.19465465	0.210150992	0.186682632	0.317609244	0.245317851	0.245803358	0.288667714	0.277792181	0.264333344	0.224679132	0.24433857	0.306377592	0.304115183	0.236694892	0.363616367	0.367442274	0.263580752	0.214341972	0.386162888	0.359642739	0.310481025	0.322813144	0.28532594	0.245903278	0.43769178	0.394220519	0.228840199	0.308762229	0.313077483	0.267563279	0.28991111	0.280076764	0.22147096	0.314442668	0.140259185	0.245109838	0.359001884	0.304759643	0.339757466	0.203021435	0.308111041	0.446197674	0.340598737	0.334573455	0.418538509	0.189924114	0.261680562	0.507739866	0.466120469	0.469381177	0.428758611	0.471645195	0.462041666	0.510615424	0.552667122	0.559305333	0.305355006	0.47075254	0.406793969	0.546171845	0.313830827	0.406452548	0.253740928	0.249988759	0.342861939	0.284124105	0.304844984	0.295854151	0.278555063	0.338948311	0.345470776	0.251741218	0.37728448	0.374183867	0.45471265	0.421288883	0.358032511	0.23643716	0.330929906	0.206018269	0.547151768	0.259104917	0.315913903	0.245190638	0.337083754	0.530760308	0.226388144	0.206503763	0.403858914	0.194737883	0.183760757	0.150849408	0.22687177	0.375290344	0.250740029	0.337827704	0.216980399	0.168297673	0.211787932	0.282356498	0.308352742	0.462731453	0.253247772	0.265008766	0.224026719	0.282851339	0.443271909	0.431074253	0.328858017	0.390927218	0.42819453	0.079640742	0.230797524	0.154557173	0.245919081	0.414396483	0.169686339	0.260665715	0.300443011	0.188924504	0.375600206	0.410337556	0.201931786	0.272221502	0.245874883	0.256951754	0.335707027	0.317533351	0.24612389	0.193070115	0.225226272	0.285433245	0.226023765	0.258732997	0.335767874	0.293434915	0.237516479	0.185169945	0.231596576	0.242299332	0.312638399	0.284076327	0.269451262	0.227816994	0.274046372	0.335725397	0.274512841	0.314294892	0.300696059	0.232235154	0.213216156	0.260037479	0.253516527	0.278635952	0.297838233	0.226975832	0.197882357	0.234099985	0.148732672	0.351499239	0.27797949	0.22801726	0.204690683	0.32920837	0.305316535	0.268596453	0.210356808	0.267995821	0.365594779	0.299148914	0.243783945	0.107726171	0.173526569	0.251818419	0.211147495	0.196104884	0.213501067	0.201614634	0.121342796	0.269875336	0.216290976	0.206391997	0.212041006	0.194082255	0.300186344	0.215211988	0.234908381	0.245654466	0.268862311	0.193200654	0.237397839	0.243554106	0.362234199	0.188354891	0.24888685	0.313666101	0.128961109	0.290863472	0.297780619	0.158785006	0.286327721	0.426063199	0.289444382	0.263368655	0.348860317	0.377749378	0.283458665	0.429486221	0.21408038	0.268925023	0.308352301	0.344087464	0.450981932	0.346175029	0.400956426	0.45130955	0.485243089	0.518356345	0.586596568	0.593624288	0.627903287	0.241733375	0.198983827	0.300723862	0.22073016	0.236325921	0.293762197	0.25516435	0.192726828	0.34888743	0.298588867	0.209223219	0.25433934	0.318516572	0.207833595	0.312065574	0.173396082	0.173752673	0.225456883	0.344600508	0.42580082	0.207122165	0.387851992	0.344179601	0.241610057	0.299029424	0.33070561	0.253414631	0.137862035	0.260013843	0.38234884	0.450234744	0.284395787	0.28140499	0.385747163	0.485699823	0.247696226	0.267683561	0.302607613	0.194206186	0.215313144	0.204035089	0.315022647	0.321988241	0.260266215	0.240599826	0.315953276	0.449549442	0.296667887	0.416862304	0.368537599	0.477726539	0.611623065	0.454170424	0.282210083	0.212831037	0.297307617	0.22336903	0.280212454	0.453220438	0.292613903	0.329624532	0.230426305	0.317639959	0.274266981	0.264068219	0.20509061	0.471844013	0.32515446	0.410208746	0.3419812	0.339060077	0.386131848	0.321740665	0.440599043	0.281270097	0.365507434	0.231633829	0.207639201	0.535117439	0.360807072	0.388564266	0.369866961	0.401221597	0.248940234	0.21404379	0.361418192	0.127934949	0.324190592	0.164072082	0.295506642	0.299071689	0.274641968	0.221981423	0.329947634	0.188485412	0.244701974	0.259789093	0.370129957	0.289774492	0.29878925	0.246838078	0.265746893	0.335290153	0.117455999	0.286982741	0.275376842	0.284634416	0.224438358	0.250715873	0.236150464	0.218441289	0.180842289	0.23360959	0.228383805	0.175075495	0.523551538	0.31031362	0.173673403	0.420581834	0.300537985	0.322031601	0.255406561	0.33335606	0.18010969	0.242730429	0.257904536	0.120159401	0.23902827	0.578392483	0.299923931	0.266759936	0.450257829	0.354576412	0.558199765	0.354792483	0.159250024	0.467453879	0.339642976	0.354961746	0.507476947	0.232984604	0.269743563	0.335728285	0.233828156	0.182041543	0.438416399	0.29475054	0.219757527	0.114418405	0.220106808	0.239194249	0.220781125	0.367304565	0.499603301	0.292859762	0.194361224	0.588284985	0.205875991	0.247689712	0.218128144	0.355512856	0.513332788	0.309701245	0.185693669	0.58636859	0.241678727	0.279708709	0.373820961	0.527933919	0.28632752	0.223500714	0.601173855	0.19310489	0.407509184	0.404108046	0.226794947	0.199610585	0.636319016	0.382648348	0.463657274	0.256379891	0.165954327	0.628327422	0.527041792	0.371901875	0.337139649	0.316928764	0.345038411	0.460812639	0.627921926	0.25523745	0.587058085	0.592077577	0.379775759	0.346504833	0.337060341	0.338414906	0.334399103	0.355932814	0.426862943	0.507080867	0.230775224	0.304759634	0.327366015	0.263590748	0.198207731	0.288638582	0.424194062	0.251644186	0.315454113	0.160914728	0.180742167	0.330422838	0.34791464	0.198550889	0.273044222	0.250657489	0.368111358	0.410681862	0.324565105	0.275317776	0.383814233	0.442145973	0.197159455	0.369599746	0.296082196	0.323629711	0.363890179	0.502235266	0.338494993	0.135889247	0.141563909	0.384525684	0.456871173	0.477589955	0.384204963	0.518743921	0.306968542	0.28761375	0.157072589	0.20030827	0.352591578	0.273249888	0.305651272	0.06791121	0.362707521	0.430150408	0.429098584	0.33422121	0.44431955	0.337010715	0.406796156	0.414181938	0.317561358	0.421797932	0.152703745	0.370614575	0.336068649	0.319030057	0.372224388	0.315223932	0.282768062	0.307157372	0.421003056	0.299495062	0.615499866	0.187864665	0.203430668	0.244185132	0.124818657	0.321691722	0.544728531	0.57902549	0.449392986	0.598299287	0.40544328	0.123664245	0.143567201	0.126123448	0.222448089	0.188490106	0.165823111	0.2574751	0.204563815	0.127026592	0.266973035	0.185877684	0.143621572	0.462676955	0.194670802	0.190463753	0.219498894	0.233524521	0.107643268	0.424052171	0.129425866	0.136977231	0.251164244	0.344420535	0.427900651	0.121684518	0.122155149	0.219291254	0.280686059	0.422029981	0.440686274	0.402919221	0.453006938	0.088400635	0.229597112	0.318467785	0.247257937	0.30735735	0.250586513	0.2406903	0.321589965	0.138115066	0.311844399	0.274412498	0.205361592	0.16103815	0.180232525	0.250491377	0.23378539	0.254575109	0.238225188	0.231997212	0.191287998	0.255373019	0.269472111	0.281346504	0.270122263	0.243495675	0.265967355	0.263229086	0.309032383	0.264091398	0.14848981	0.16426931	0.163759275	0.336000229	0.326138743	0.266419143	0.346883978	0.208775692	0.245878876	0.257068567	0.164716898	0.167156695	0.196153453	0.48894905	0.07636628	0.07248505	0.094337649	0.091500485	0.086745665	0.114540646	0.114410692	0.470625822	0.477348592	0.508977219	0.474883701	0.501150249	0.455458234	0.455172452	0.06332824	0.117373489	0.116182353	0.098806345	0.136277946	0.13296313	0.081654703	0.132041753	0.094090121	0.148099604	0.133859094	0.148714388	0.098435746	0.175939931	0.151588335	0.106476384	0.097220509	0.085243119	0.132156009	0.091404837	0.091905242	0.2231688	0.191968679	0.392039271	0.456316428	0.444175189	0.255400322	0.436122415	0.132379273	0.384635901	0.455252806	0.401372211	0.2426809	0.446449849	0.326561716	0.392778775	0.344710816	0.163077611	0.367586074	0.265699771	0.204294562	0.289796647	0.229484868	0.186677593	0.311525582	0.170442825	0.307973129	0.160580894	0.312279739	0.284761546	0.254287511	0.264857527	0.28507195	0.136521403	0.21388289	0.188025558	0.344095487	0.430616111	0.446827968	0.313906881	0.332208684	0.353440026	0.293935462	0.297870357	0.175059374	0.137638833	0.263311371	0.127451121	0.22613034	0.243480823	0.355620129	0.242828687	0.272069204	0.311102182	0.162199899	0.197562213	0.272838508	0.21300505	0.260178478	0.414538453	0.42229285	0.454448584	0.335578137	0.185250388	0.368115659	0.3796754	0.412699448	0.317755139	0.302647791	0.371398968	0.445524524	0.313741147	0.227574151	0.527250465	0.235731638	0.509249864	0.222950649	0.463534803	0.550439693	0.237686282	0.402495269	0.410392274	0.293864624	0.31844248	0.561315783	0.71697617	0.739656423	0.424473743	0.637264689	0.298621375	0.319741646	0.240639434	0.206188536	0.112465897	0.415750755	0.167936465	0.428319502	0.163037016	0.314216604	0.279255241	0.388498782	0.368920275	0.342203266	0.270424661	0.384192723	0.381871943	0.402044052	0.362366421	0.296168668	0.39308539	0.227842021	0.312530762	0.326110007	0.201188261	0.334599261	0.24925297	0.146193778	0.314435311	0.320652059	0.251502048	0.428290355	0.410671092	0.402435133	0.412264482	0.410602337	0.368403732	0.366867277	0.356856228	0.235823251	0.173310502	0.249705381	0.151619366	0.210383069	0.267963042	0.336474339	0.165738653	0.221430512	0.123016313	0.181699646	0.219856281	0.324777434	0.199274067	0.119750258	0.170542277	0.218642372	0.291810411	0.198361657	0.200494626	0.135717391	0.2394532	0.175854457	0.213518328	0.324048055	0.188417193	0.274163042	0.190652667	0.242636549	0.201558532	0.299492482	0.371209835	0.282982762	0.270306311	0.358620489	0.112658501	0.100775351	0.218692754	0.097896653	0.230379552	0.307945996	0.164010852	0.274495171	0.148280994	0.217328447	0.289924431	0.183486957	0.13124561	0.244481481	0.232612827	0.239998917	0.27507132	0.23203749	0.264112761	0.317975633	0.29133161	0.223490498	0.1495617	0.293220517	0.427447144	0.211948002	0.478585978	0.147964833	0.291812249	0.140672292	0.306231923	0.414209336	0.244391846	0.46490047	0.191484261	0.319021573	0.326327353	0.449484728	0.222148804	0.501012896	0.180553705	0.329609831	0.341634781	0.231218307	0.414656241	0.245010434	0.235888434	0.351992894	0.148213434	0.346661565	0.329481105	0.439031146	0.180156815	0.189299245	0.421632137	0.427561851	0.235114934
NAU133_vs._NAU133	0.2231688	0.191968679	0.392039271	0.456316428	0.444175189	0.255400322	0.436122415	0.132379273	0.384635901	0.455252806	0.401372211	0.2426809	0.446449849	0.326561716	0.392778775	0.344710816	0.163077611	0.367586074	0.265699771	0.204294562	0.289796647	0.229484868	0.186677593	0.311525582	0.170442825	0.307973129	0.160580894	0.312279739
CUB038_vs._CUB038	0.325283039	0.178364457	0.252867275	0.270287504	0.259116035	0.36989633	0.332311084	0.259218576	0.347137452	0.181063483	0.392540652	0.464288747	0.422938007	0.189662314	0.198864533	0.260471186	0.399744369	0.344879733	0.293055513	0.245129978	0.338375855	0.271626309	0.369632929	0.455723864	0.401695944	0.328734587	0.295831323	0.240685406
NAU148_vs._NAU148	0.321988241	0.260266215	0.240599826	0.315953276	0.449549442	0.296667887	0.416862304	0.368537599	0.477726539	0.611623065	0.454170424	0.282210083	0.212831037	0.297307617	0.22336903	0.280212454	0.453220438	0.292613903	0.329624532	0.230426305	0.317639959
NAU134_vs._NAU134	0.550439693	0.237686282	0.402495269	0.410392274	0.293864624	0.31844248	0.561315783	0.71697617	0.739656423	0.424473743	0.637264689	0.298621375	0.319741646	0.240639434	0.206188536	0.112465897	0.415750755	0.167936465	0.428319502	0.163037016	0.314216604
CUB028_vs._CUB028	0.279255241	0.388498782	0.368920275	0.342203266	0.270424661	0.384192723	0.381871943	0.402044052	0.362366421	0.296168668	0.39308539	0.227842021	0.312530762	0.326110007	0.201188261	0.334599261	0.24925297	0.146193778	0.314435311	0.320652059	0.251502048
CUB019_vs._CUB019	0.267561193	0.35863459	0.152109635	0.338891055	0.326173569	0.500667053	0.196329279	0.381481526	0.230354303	0.249653264	0.207555686	0.248324682	0.370553718	0.270854172	0.353573647	0.345680287	0.243532035	0.278971641	0.335726421	0.367320477	0.4176052	0.282796906	0.239030412	0.480505364	0.19684917	0.310195523	0.211464602	0.36188712	0.325282222	0.409515767	0.43092855	0.307897664	0.323181601	0.419184402	0.463672345	0.360796161
NCS214_vs._NCS214	0.158785006	0.286327721	0.426063199	0.289444382	0.263368655	0.348860317	0.377749378	0.283458665	0.429486221	0.21408038	0.268925023	0.308352301	0.344087464	0.450981932	0.346175029	0.400956426	0.45130955	0.485243089	0.518356345	0.586596568	0.593624288	0.627903287	0.241733375	0.198983827	0.300723862	0.22073016	0.236325921	0.293762197
CUB037_vs._CUB037	0.319154722	0.378054777	0.358506592	0.537893142	0.299117939	0.30043677	0.282926608	0.224914752	0.254727879	0.249607464	0.55437649	0.318089371	0.347552252	0.178070802	0.301008176	0.159349501	0.423072413	0.40216558	0.425044769	0.189004847	0.281476907	0.491439394	0.394366833	0.33520006	0.173922338	0.247830562	0.673330511	0.679701338	0.511342318	0.507527952	0.351282631	0.351973085	0.352459741	0.317524828	0.273522254	0.205276556
CUB050_vs._CUB050	0.379775759	0.346504833	0.337060341	0.338414906	0.334399103	0.355932814	0.426862943	0.507080867	0.230775224	0.304759634	0.327366015	0.263590748	0.198207731	0.288638582	0.424194062	0.251644186	0.315454113	0.160914728	0.180742167	0.330422838	0.34791464	0.198550889	0.273044222	0.250657489	0.368111358	0.410681862	0.324565105	0.275317776	0.383814233	0.442145973	0.197159455	0.369599746	0.296082196	0.323629711	0.363890179	0.502235266
NAU105_vs._NAU105	0.333792784	0.696211908	0.246952793	0.337309427	0.305326566	0.304781022	0.464095866	0.307370533	0.361559407	0.349737352	0.38926629	0.595712417	0.582462357	0.580235894	0.62189875	0.15368842	0.110254203	0.173110449	0.139709413	0.101372257	0.159466138
NCS203_vs._NCS203	0.222200645	0.297733969	0.284985448	0.355831147	0.254609576	0.334541701	0.199978675	0.228628013	0.360291832	0.286631409	0.369569654	0.307068049	0.328121626	0.266392718	0.250826568	0.379720265	0.460030648	0.217303207	0.475250124	0.376260616	0.307265832	0.399831845	0.40206766	0.230253953	0.216091099	0.380141905	0.399635143	0.371758754	0.39727293	0.334034666	0.463808119	0.355259309	0.202520677	0.289025408	0.430642272	0.354545672
NAU157_vs._NAU157	0.469701382	0.43508099	0.543436084	0.332419677	0.473548975	0.602114819	0.527697219	0.555089272	0.2733507	0.179518578	0.315784633	0.242651859	0.352222209	0.315544373	0.265265874	0.339396666	0.235183991	0.280049569	0.322632963	0.318728459	0.348755772	0.389517441	0.293762101	0.383902917	0.390000379	0.301427816	0.275886302	0.398527484	0.320176772	0.387692641	0.276142984	0.248515122	0.386706129	0.363397048	0.327025721	0.396364323
NCS233_vs._NCS233	0.338494993	0.135889247	0.141563909	0.384525684	0.456871173	0.477589955	0.384204963	0.518743921	0.306968542	0.28761375	0.157072589	0.20030827	0.352591578	0.273249888	0.305651272	0.06791121	0.362707521	0.430150408	0.429098584	0.33422121	0.44431955	0.337010715	0.406796156	0.414181938	0.317561358	0.421797932	0.152703745	0.370614575	0.336068649	0.319030057	0.372224388	0.315223932	0.282768062	0.307157372	0.421003056	0.299495062
CUB052_vs._CUB052	0.114418405	0.220106808	0.239194249	0.220781125	0.367304565	0.499603301	0.292859762	0.194361224	0.588284985	0.205875991	0.247689712	0.218128144	0.355512856	0.513332788	0.309701245	0.185693669	0.58636859	0.241678727	0.279708709	0.373820961	0.527933919	0.28632752	0.223500714	0.601173855	0.19310489	0.407509184	0.404108046	0.226794947	0.199610585	0.636319016	0.382648348	0.463657274	0.256379891	0.165954327	0.628327422	0.527041792	0.371901875	0.337139649	0.316928764	0.345038411	0.460812639	0.627921926	0.25523745	0.587058085	0.592077577
CUB011_vs._CUB011	0.247666645	0.385487807	0.397310322	0.488556082	0.324383252	0.419364143	0.290864942	0.270386443	0.503576315	0.256703451	0.275698664	0.207786495	0.398269687	0.317073985	0.23574833	0.433880714	0.339621674	0.179015415	0.438108106	0.454193683	0.359138809
NAU164_vs._NAU164	0.627374458	0.136065952	0.391757593	0.19543047	0.175100608	0.170466906	0.598848472	0.533825869	0.577125324	0.629825402	0.609094704	0.374771159	0.117370336	0.154126862	0.193900456	0.359735141	0.423801561	0.341873307	0.191532106	0.190954878	0.248388936
NAU147_vs._NAU147	0.274266981	0.264068219	0.20509061	0.471844013	0.32515446	0.410208746	0.3419812	0.339060077	0.386131848	0.321740665	0.440599043	0.281270097	0.365507434	0.231633829	0.207639201	0.535117439	0.360807072	0.388564266	0.369866961	0.401221597	0.248940234
CUB040_vs._CUB040	0.247009063	0.253345541	0.302651674	0.344369741	0.394923897	0.503859641	0.329087285	0.303849799	0.271927727	0.351513538	0.198651751	0.244714572	0.487401234	0.454510132	0.230489502	0.301384622	0.313302004	0.383166251	0.38442294	0.375393038	0.580446502	0.422999576	0.376893906	0.365814798	0.155808881	0.509750409	0.408660429	0.122376755	0.297866331	0.234833407	0.461505824	0.351465264	0.131375048	0.280238946	0.26409874	0.609196968	0.493310398	0.45837702	0.471085794	0.394299048	0.411994694	0.421556478	0.258836182	0.23978965	0.26546743
CUB016_vs._CUB016	0.275772917	0.19971391	0.302565995	0.357058064	0.404606817	0.371827457	0.305976939	0.418609224	0.298603037	0.371607128	0.32079458	0.252391033	0.365678698	0.359331897	0.453614665	0.470928679	0.423565212	0.542562302	0.344253355	0.434803661	0.557047912
NAU136_vs._NAU136	0.21300505	0.260178478	0.414538453	0.42229285	0.454448584	0.335578137	0.185250388	0.368115659	0.3796754	0.412699448	0.317755139	0.302647791	0.371398968	0.445524524	0.313741147	0.227574151	0.527250465	0.235731638	0.509249864	0.222950649	0.463534803
NAU121_vs._NAU121	0.358314582	0.315889371	0.364722229	0.324207796	0.280143234	0.276692066	0.494021682	0.369139527	0.451017045	0.215323636	0.344319778	0.419190418	0.559583292	0.472030766	0.328879665	0.311207615	0.369634797	0.603022545	0.435241269	0.278009391	0.467713687	0.206646603	0.332208232	0.38701107	0.54968224	0.417386906	0.38299389	0.60687107
CUB033_vs._CUB033	0.326330986	0.469322531	0.644111877	0.619963101	0.416379865	0.408216841	0.403635899	0.451544933	0.268915413	0.447136913	0.603395415	0.569962655	0.364862241	0.420490061	0.375649755	0.456088941	0.293361551	0.361623822	0.34397386	0.200153984	0.15511863	0.225288196	0.287379142	0.361153644	0.206105804	0.448375714	0.422086646	0.46258193	0.489153644	0.551026784	0.414316774	0.412296166	0.440971322	0.456392186	0.52170127	0.197959646	0.125236126	0.28159472	0.314192376	0.186432258	0.275564682	0.309535554	0.30170644	0.322251172	0.36554892
CUB044_vs._CUB044	0.446197674	0.340598737	0.334573455	0.418538509	0.189924114	0.261680562	0.507739866	0.466120469	0.469381177	0.428758611	0.471645195	0.462041666	0.510615424	0.552667122	0.559305333	0.305355006	0.47075254	0.406793969	0.546171845	0.313830827	0.406452548	0.253740928	0.249988759	0.342861939	0.284124105	0.304844984	0.295854151	0.278555063	0.338948311	0.345470776	0.251741218	0.37728448	0.374183867	0.45471265	0.421288883	0.358032511
CUB015_vs._CUB015	0.271235892	0.409456386	0.252887085	0.54299003	0.351204254	0.550643665	0.20570969	0.421856479	0.416194428	0.275855173	0.420983746	0.256124766	0.430409167	0.326225996	0.287939727	0.318793891	0.281339546	0.53208526	0.431177439	0.449739928	0.389131645	0.404665601	0.401010529	0.427816866	0.282799947	0.287810412	0.449164834	0.362744037	0.54433471	0.327662429	0.502168463	0.459262564	0.358360913	0.555436931	0.326516458	0.440866319
NAU109_vs._NAU109	0.311202732	0.285141664	0.407927726	0.253231417	0.388403154	0.525505799	0.343942127	0.106965288	0.500094566	0.411052241	0.175356236	0.430451329	0.143248859	0.497635888	0.400348957	0.20178362	0.424641945	0.139277439	0.347235721	0.463128504	0.715206829	0.538804163	0.445348393	0.577024058	0.468268554	0.419922619	0.186854699	0.427517572
NAU123_vs._NAU123	0.231839097	0.415193932	0.509043124	0.426754431	0.272557483	0.231706983	0.430300604	0.337280656	0.450037599	0.648312639	0.536409352	0.404000176	0.10973422	0.503043521	0.452202935	0.608942528	0.301615999	0.462929437	0.408977463	0.251051568	0.441726296	0.440613353	0.320262177	0.617400319	0.450740294	0.330864134	0.369196668	0.50134962	0.166286187	0.319252297	0.38573271	0.366882129	0.219084927	0.463752915	0.417828597	0.29901347
CUB010_vs._CUB010	0.512201717	0.443116106	0.408832002	0.317665818	0.271093405	0.276303004	0.499159333	0.438779681	0.354947527	0.604272071	0.499409586	0.425445213	0.626282556	0.495319248	0.51283482	0.435853871	0.314799194	0.655205831	0.388118384	0.336183025	0.388137808	0.397490409	0.205465641	0.321758244	0.434553627	0.251748259	0.404806822	0.482696847
NAU160_vs._NAU160	0.332572288	0.283001076	0.58105472	0.373275714	0.39408804	0.396687985	0.336646282	0.454183782	0.477793272	0.26772534	0.448512197	0.566872538	0.287422844	0.28058465	0.419119615	0.611661742	0.542500168	0.630911867	0.420829678	0.421519269	0.376270889
CUB003_vs._CUB003	0.57655493	0.421826169	0.327927296	0.455572497	0.408450391	0.352776212	0.485587399	0.470225714	0.462993132	0.449321867	0.429830076	0.407545959	0.291024645	0.673851624	0.708788965	0.21892891	0.694742388	0.350225097	0.418333386	0.346781614	0.480695225	0.488441828	0.383345979	0.447322935	0.278169985	0.201673485	0.337925904	0.423669815	0.317898174	0.377095316	0.255798626	0.494940015	0.575210864	0.365406781	0.532277381	0.459935167	0.504390842	0.229753753	0.461070781	0.303857321	0.518152296	0.294043908	0.535466531	0.222781019	0.53898348
NAU155_vs._NAU155	0.431767291	0.366437819	0.582155413	0.419808992	0.466361706	0.661492848	0.471308509	0.498801292	0.310259918	0.30239626	0.195133093	0.271357731	0.644033507	0.215848796	0.442490577	0.441124788	0.312227869	0.330323927	0.588426821	0.33138485	0.408337425	0.255538997	0.315152217	0.764405331	0.221833688	0.515988825	0.247891978	0.694047088	0.227503481	0.450401574	0.693962974	0.251058929	0.500842724	0.690648507	0.331360682	0.496524917
CUB007_vs._CUB007	0.538854213	0.446420374	0.531734758	0.493824312	0.494259399	0.533933629	0.510939444	0.404835589	0.559793589	0.386109653	0.396159758	0.306035144	0.198066205	0.539914726	0.447418436	0.415357213	0.424426315	0.333017266	0.457795692	0.477734189	0.480699381	0.475210264	0.287959415	0.173611327	0.303262286	0.321548224	0.325186381	0.251635437
CUB004_vs._CUB004	0.389005201	0.275639988	0.532283674	0.438275452	0.483045341	0.215638022	0.295238779	0.305200793	0.213967387	0.445444585	0.371476779	0.471639997	0.683980026	0.311186151	0.47921771	0.47991328	0.463756958	0.574824772	0.448844716	0.579240735	0.302565016	0.240150849	0.401534457	0.314736839	0.457057998	0.746891965	0.454250202	0.601404253	0.587039777	0.579981659	0.589958061	0.448442942	0.433667899	0.456766865	0.440596935	0.531672399	0.511328532	0.323450194	0.403979738	0.303800055	0.332949053	0.283056153	0.389684978	0.304177814	0.25618245
NAU154_vs._NAU154	0.575065104	0.557209294	0.543799486	0.451646556	0.626283327	0.631168788	0.458497404	0.424032156	0.472224558	0.558825975	0.599457282	0.249620706	0.391500314	0.262044197	0.248525562	0.402785004	0.358949399	0.369681624	0.500445117	0.489709998	0.309752791
NCS253_vs._NCS253	0.302179396	0.451140803	0.442582108	0.458727313	0.44908844	0.467999381	0.458892318	0.508039573	0.335207601	0.499850274	0.584065807	0.538400656	0.571588497	0.567277142	0.621336231	0.401270011	0.544471164	0.504757567	0.526065182	0.520357399	0.569690176	0.472125715	0.456813696	0.466794329	0.533402164	0.559427829	0.269772347	0.213671316	0.317614373	0.436604314	0.211036509	0.33299715	0.484319387	0.272966595	0.416354676	0.200151917
