Analysis of Variance Table

Response: Distances
           Df Sum Sq  Mean Sq F value    Pr(>F)    
Groups     74 3.8373 0.051856    3.14 1.886e-14 ***
Residuals 563 9.2978 0.016515                      
---
Signif. codes:  0 ‘***’ 0.001 ‘**’ 0.01 ‘*’ 0.05 ‘.’ 0.1 ‘ ’ 1 

Permutation test for homogeneity of multivariate dispersions

No. of permutations: 999  

**** STRATA ****
Permutations are unstratified

**** SAMPLES ****
Permutation type: free 
Mirrored permutations for Samples?: No 

Response: Distances
           Df Sum Sq  Mean Sq    F N.Perm Pr(>F)    
Groups     74 3.8373 0.051856 3.14    999  0.001 ***
Residuals 563 9.2978 0.016515                       
---
Signif. codes:  0 ‘***’ 0.001 ‘**’ 0.01 ‘*’ 0.05 ‘.’ 0.1 ‘ ’ 1 

Pairwise comparisons:
(Observed p-value below diagonal, permuted p-value above diagonal)
           CUB000     CUB003     CUB004     CUB007     CUB008     CUB009
CUB000            3.0300e-01 4.6600e-01 7.8500e-01 5.8000e-02 3.2100e-01
CUB003 2.8673e-01            1.7000e-02 1.7600e-01 1.0000e-03 1.1000e-02
CUB004 4.5191e-01 2.3238e-02            7.0700e-01 1.2000e-02 5.1300e-01
CUB007 8.0171e-01 1.9014e-01 6.9748e-01            1.1700e-01 4.9600e-01
CUB008 5.5192e-02 9.9314e-04 1.1492e-02 1.1562e-01            1.5700e-01
CUB009 3.0232e-01 1.7624e-02 4.7871e-01 4.7983e-01 1.5578e-01           
CUB010 4.2667e-01 1.9040e-02 9.4734e-01 6.7228e-01 7.0522e-03 4.7765e-01
CUB011 6.5533e-01 7.3767e-02 6.5317e-01 8.9524e-01 1.3658e-02 3.4727e-01
CUB012 9.1359e-01 3.1152e-01 3.2567e-01 7.1083e-01 2.6634e-02 2.0974e-01
CUB015 2.2592e-01 8.7107e-03 2.4282e-01 3.8637e-01 1.3378e-01 8.2807e-01
CUB017 1.6703e-01 6.0793e-01 1.4129e-02 1.1281e-01 1.0428e-03 1.2328e-02
CUB019 8.7500e-01 3.2096e-01 2.7082e-01 6.7066e-01 1.7702e-02 1.7167e-01
CUB026 7.7617e-01 2.9918e-01 5.5487e-02 5.6061e-01 4.9840e-04 4.1349e-02
CUB027 2.1784e-01 6.3203e-01 4.1421e-02 1.5702e-01 5.5748e-03 3.4518e-02
CUB028 2.0137e-01 4.8005e-01 5.8446e-02 1.5472e-01 1.3663e-02 5.2299e-02
CUB029 4.0396e-01 6.6074e-01 9.4846e-03 2.6416e-01 1.1252e-04 8.8648e-03
CUB032 6.2206e-01 7.1488e-02 7.6403e-01 8.5355e-01 2.6240e-02 4.2446e-01
CUB033 2.0258e-01 9.5679e-01 8.4082e-04 1.2385e-01 9.4781e-06 1.3614e-03
CUB036 1.1470e-01 4.3033e-01 6.9808e-03 7.7880e-02 5.6910e-04 7.0057e-03
CUB037 5.8719e-01 6.2367e-02 8.2903e-01 8.1708e-01 2.7178e-02 4.5679e-01
CUB038 2.6665e-01 6.3706e-01 7.7978e-02 2.0429e-01 1.6527e-02 6.6824e-02
CUB040 9.5938e-01 2.9907e-01 3.9233e-01 7.5888e-01 4.0333e-02 2.5785e-01
CUB042 2.7723e-01 1.0854e-02 4.4876e-01 4.6491e-01 8.0244e-02 9.4245e-01
CUB044 8.5817e-01 2.8934e-01 2.2256e-01 6.4063e-01 9.6982e-03 1.3363e-01
CUB048 8.5434e-01 2.9581e-01 2.2558e-01 6.3856e-01 1.0363e-02 1.3618e-01
CUB049 3.9640e-01 3.8650e-02 6.6118e-01 5.7824e-01 1.8856e-01 9.0231e-01
CUB050 3.8448e-01 7.8438e-01 2.4926e-02 2.5929e-01 7.3380e-04 1.9342e-02
CUB052 4.5863e-01 3.3472e-02 9.2478e-01 6.8283e-01 6.0116e-02 6.2499e-01
CUB053 2.8903e-01 8.7742e-01 8.6038e-03 1.8291e-01 1.5394e-04 7.2523e-03
CUB056 3.0627e-01 1.8638e-02 4.1690e-01 4.8238e-01 1.2360e-01 9.8721e-01
NAU101 6.7599e-01 2.9567e-01 9.1064e-03 4.5769e-01 2.1823e-05 1.0725e-02
NAU105 3.1156e-01 1.9699e-02 3.0430e-01 4.8672e-01 6.9963e-02 9.7433e-01
NAU106 8.1489e-01 1.1271e-01 4.1925e-01 9.3495e-01 9.7027e-03 2.2739e-01
NAU107 2.9103e-01 9.5915e-01 7.5078e-03 1.9310e-01 1.8453e-04 7.7771e-03
NAU108 1.8242e-01 5.4988e-01 2.1265e-02 1.3152e-01 2.5041e-03 1.9946e-02
NAU109 7.4816e-01 1.1085e-01 6.0092e-01 9.8309e-01 3.2397e-02 3.5153e-01
NAU110 6.3595e-01 5.5200e-02 5.9874e-01 8.9378e-01 6.1220e-03 2.9201e-01
NAU114 1.9864e-02 1.5439e-01 6.7109e-06 1.1507e-02 1.7932e-07 2.7811e-05
NAU117 3.7733e-02 1.8296e-01 1.5321e-04 2.4613e-02 8.7700e-06 3.4833e-04
NAU119 7.0430e-01 4.3401e-01 1.1486e-01 5.1902e-01 4.2531e-03 7.7483e-02
NAU121 8.3257e-02 3.6283e-01 3.6176e-03 5.4185e-02 2.3791e-04 3.6977e-03
NAU123 9.7068e-01 1.8582e-01 1.2507e-01 7.2900e-01 9.3725e-04 7.9279e-02
NAU124 7.4237e-01 5.9043e-01 3.2738e-01 5.9223e-01 6.3089e-02 2.4194e-01
NAU129 5.1352e-01 6.6312e-01 6.1406e-02 3.6740e-01 2.6974e-03 4.5379e-02
NAU130 4.2886e-01 2.5920e-02 8.5261e-01 6.5466e-01 2.4179e-02 5.9728e-01
NAU132 1.0966e-01 3.1974e-01 2.0453e-02 7.9471e-02 3.5201e-03 1.8909e-02
NAU133 6.3805e-01 5.4251e-01 1.4374e-01 4.7087e-01 9.6856e-03 9.6873e-02
NAU136 9.0776e-01 2.4206e-01 1.9709e-01 6.8010e-01 5.1704e-03 1.1655e-01
NAU137 2.6110e-01 9.5979e-01 2.5523e-03 1.7447e-01 5.6669e-05 4.0289e-03
NAU139 3.8845e-01 3.1469e-02 6.9323e-01 5.8059e-01 1.4734e-01 8.5094e-01
NAU144 2.8883e-01 1.8171e-02 3.8300e-01 4.5539e-01 1.8162e-01 9.1088e-01
NAU146 7.0308e-01 1.2677e-01 7.5126e-01 9.1035e-01 6.6034e-02 4.7521e-01
NAU147 4.2667e-01 4.4538e-02 6.8559e-01 6.1269e-01 1.3165e-01 8.4386e-01
NAU148 7.2251e-01 3.6790e-01 7.1557e-02 5.2298e-01 1.2272e-03 5.0286e-02
NAU149 4.3112e-01 8.2213e-01 6.8443e-02 3.0675e-01 4.6364e-03 4.9758e-02
NAU150 4.2956e-01 2.3883e-02 8.7207e-01 6.6100e-01 1.3262e-02 5.5047e-01
NAU153 7.1845e-01 1.1490e-01 6.7955e-01 9.4046e-01 4.5735e-02 4.1198e-01
NAU154 7.4851e-01 8.5147e-02 4.5533e-01 9.9432e-01 6.7862e-03 2.3501e-01
NAU155 2.1124e-04 9.1038e-04 4.7430e-08 1.3729e-04 4.2431e-09 3.0572e-07
NAU156 3.0421e-01 9.9080e-01 1.1084e-02 2.0991e-01 4.0592e-04 1.1627e-02
NAU157 9.2347e-01 2.0546e-01 1.4681e-01 6.8307e-01 1.8790e-03 8.5692e-02
NAU159 3.9440e-01 9.7067e-01 7.6000e-02 2.8921e-01 7.8359e-03 5.8936e-02
NAU160 9.5487e-01 2.5805e-01 2.8089e-01 7.4043e-01 1.3032e-02 1.7443e-01
NAU164 8.2681e-01 3.3574e-01 1.3345e-01 6.2628e-01 3.5470e-03 9.1816e-02
NCS203 5.0542e-01 5.2934e-02 9.1484e-01 7.1417e-01 4.4772e-02 6.1891e-01
NCS204 7.7130e-01 1.8153e-01 7.4844e-01 9.6612e-01 1.3690e-01 5.2225e-01
NCS212 1.5969e-01 6.2424e-01 6.2864e-03 1.0631e-01 3.2800e-04 6.4044e-03
NCS213 2.5775e-01 9.5187e-01 1.1898e-03 1.6459e-01 1.4688e-05 2.1570e-03
NCS214 1.0946e-01 3.7966e-01 6.7283e-03 7.6465e-02 6.6164e-04 7.2559e-03
NCS233 9.5945e-01 2.4043e-01 3.9146e-01 8.3429e-01 2.5399e-02 2.5056e-01
NCS237 7.9763e-01 1.5203e-01 5.5748e-01 9.8622e-01 3.1455e-02 3.4051e-01
NCS248 4.8004e-01 6.5471e-01 3.1957e-02 3.3436e-01 8.4352e-04 2.5643e-02
NCS253 8.3918e-01 2.7120e-01 1.3720e-01 6.1598e-01 2.7412e-03 8.2943e-02
NCS255 1.3011e-01 6.5347e-01 1.2949e-03 8.0239e-02 3.0710e-05 1.6447e-03
NCS263 9.6154e-02 5.3122e-01 1.4555e-04 5.9058e-02 3.0594e-06 3.9192e-04
           CUB010     CUB011     CUB012     CUB015     CUB017     CUB019
CUB000 4.5800e-01 6.9100e-01 9.1300e-01 2.2400e-01 1.9500e-01 8.8900e-01
CUB003 9.0000e-03 7.2000e-02 2.9900e-01 9.0000e-03 5.9400e-01 3.1200e-01
CUB004 9.4300e-01 6.6500e-01 3.3700e-01 2.4400e-01 1.5000e-02 2.6200e-01
CUB007 7.2000e-01 8.9800e-01 7.1100e-01 4.0800e-01 1.2100e-01 6.8300e-01
CUB008 6.0000e-03 1.1000e-02 2.1000e-02 1.3000e-01 3.0000e-03 1.7000e-02
CUB009 4.8700e-01 3.7000e-01 2.1000e-01 8.3500e-01 6.0000e-03 1.5400e-01
CUB010            6.1000e-01 3.1500e-01 2.1500e-01 1.9000e-02 2.4400e-01
CUB011 5.8609e-01            5.3700e-01 1.8100e-01 3.7000e-02 4.8500e-01
CUB012 2.9955e-01 5.3064e-01            1.4000e-01 1.6400e-01 9.5900e-01
CUB015 2.1375e-01 1.7211e-01 1.4158e-01            4.0000e-03 1.0100e-01
CUB017 1.1917e-02 4.5397e-02 1.7631e-01 6.8585e-03            1.6000e-01
CUB019 2.4471e-01 4.7271e-01 9.6103e-01 1.0855e-01 1.7901e-01           
CUB026 3.3596e-02 2.0618e-01 8.6234e-01 8.8495e-03 1.6028e-01 9.0286e-01
CUB027 3.7698e-02 9.6068e-02 2.3299e-01 2.4248e-02 9.6918e-01 2.3869e-01
CUB028 5.5066e-02 1.1660e-01 2.1327e-01 4.1619e-02 7.3933e-01 2.1779e-01
CUB029 5.6165e-03 5.1409e-02 4.4038e-01 1.8998e-03 3.4784e-01 4.5449e-01
CUB032 7.1009e-01 9.2428e-01 5.0182e-01 2.4815e-01 4.4438e-02 4.4662e-01
CUB033 3.7667e-04 8.6841e-03 2.0960e-01 1.7023e-04 5.8788e-01 2.0922e-01
CUB036 5.7182e-03 2.5895e-02 1.1720e-01 3.6602e-03 7.9343e-01 1.1696e-01
CUB037 7.7629e-01 8.5999e-01 4.6652e-01 2.6810e-01 3.9397e-02 4.1140e-01
CUB038 7.3211e-02 1.4980e-01 2.8370e-01 5.2308e-02 9.2511e-01 2.9037e-01
CUB040 3.6658e-01 5.9766e-01 9.5409e-01 1.8487e-01 1.7201e-01 9.1528e-01
CUB042 4.4189e-01 3.0072e-01 1.8191e-01 7.2636e-01 7.4676e-03 1.4371e-01
CUB044 1.9681e-01 4.2430e-01 9.5007e-01 7.7268e-02 1.5138e-01 9.9188e-01
CUB048 2.0021e-01 4.2590e-01 9.4528e-01 7.9926e-02 1.5539e-01 9.8659e-01
CUB049 6.7279e-01 5.0806e-01 3.0016e-01 7.5138e-01 2.6469e-02 2.5878e-01
CUB050 1.8958e-02 8.6017e-02 4.1819e-01 7.7120e-03 4.4647e-01 4.3145e-01
CUB052 9.5697e-01 6.7427e-01 3.4625e-01 4.4526e-01 1.9734e-02 2.9784e-01
CUB053 5.9437e-03 4.1075e-02 3.1337e-01 2.2348e-03 4.8304e-01 3.2197e-01
CUB056 4.0033e-01 2.9733e-01 2.0997e-01 8.2197e-01 1.4167e-02 1.6980e-01
NAU101 2.8346e-03 7.9520e-02 7.5796e-01 6.6607e-04 1.4457e-01 7.9623e-01
NAU105 2.4211e-01 2.1571e-01 2.1011e-01 7.8996e-01 1.6487e-02 1.6703e-01
NAU106 3.6621e-01 7.2834e-01 6.9375e-01 1.1308e-01 6.1987e-02 6.3735e-01
NAU107 4.8484e-03 3.7425e-02 3.0747e-01 2.1502e-03 5.6989e-01 3.1190e-01
NAU108 1.8367e-02 5.9591e-02 1.8895e-01 1.2152e-02 8.9180e-01 1.9036e-01
NAU109 5.5856e-01 8.7663e-01 6.3443e-01 2.2699e-01 6.2594e-02 5.8265e-01
NAU110 5.2029e-01 9.8709e-01 5.0320e-01 1.2019e-01 3.2312e-02 4.4198e-01
NAU114 2.5191e-06 1.5459e-04 1.6420e-02 2.5513e-06 5.1367e-01 1.4327e-02
NAU117 8.7006e-05 1.5134e-03 3.3143e-02 7.8833e-05 4.9539e-01 3.0219e-02
NAU119 9.4066e-02 2.7002e-01 7.7401e-01 3.6636e-02 2.4477e-01 8.0546e-01
NAU121 2.9004e-03 1.5628e-02 8.4795e-02 1.8076e-03 7.3022e-01 8.4339e-02
NAU123 8.1086e-02 3.7110e-01 9.1915e-01 1.8362e-02 1.0223e-01 8.6604e-01
NAU124 3.1216e-01 4.8174e-01 8.0131e-01 1.9426e-01 3.8285e-01 8.2686e-01
NAU129 4.9777e-02 1.6296e-01 5.5899e-01 2.1580e-02 3.8831e-01 5.7816e-01
NAU130 8.8496e-01 5.6597e-01 3.0970e-01 3.5254e-01 1.6973e-02 2.5786e-01
NAU132 1.8813e-02 5.1824e-02 1.1577e-01 1.3912e-02 5.7402e-01 1.1784e-01
NAU133 1.2748e-01 2.8866e-01 6.9986e-01 5.9368e-02 3.1337e-01 7.2708e-01
NAU136 1.6471e-01 4.1732e-01 9.9346e-01 5.4914e-02 1.2848e-01 9.4754e-01
NAU137 1.2607e-03 1.8755e-02 2.6797e-01 6.6733e-04 6.3600e-01 2.6723e-01
NAU139 7.0867e-01 5.2042e-01 2.8969e-01 6.8896e-01 2.0391e-02 2.4775e-01
NAU144 3.6903e-01 2.8279e-01 1.9815e-01 9.2809e-01 1.3866e-02 1.6066e-01
NAU146 7.1219e-01 9.9972e-01 5.9792e-01 3.3459e-01 8.1301e-02 5.4952e-01
NAU147 6.9519e-01 5.1315e-01 3.2354e-01 6.6548e-01 3.2356e-02 2.7801e-01
NAU148 5.0964e-02 2.1755e-01 7.9865e-01 1.6041e-02 2.0015e-01 8.3363e-01
NAU149 5.9483e-02 1.6141e-01 4.6952e-01 2.9288e-02 5.0363e-01 4.8545e-01
NAU150 9.0968e-01 5.5489e-01 3.0659e-01 2.8122e-01 1.5819e-02 2.5293e-01
NAU153 6.3788e-01 9.4536e-01 6.0837e-01 2.7677e-01 6.9184e-02 5.5801e-01
NAU154 3.9062e-01 8.0163e-01 6.2048e-01 1.0340e-01 4.7614e-02 5.6077e-01
NAU155 2.2735e-08 1.5651e-06 1.2880e-04 4.6509e-08 1.0806e-02 9.5961e-05
NAU156 7.5256e-03 4.7634e-02 3.1830e-01 3.7197e-03 6.3384e-01 3.2164e-01
NAU157 1.1155e-01 3.7214e-01 9.7033e-01 2.9695e-02 1.0694e-01 9.2016e-01
NAU159 6.7717e-02 1.6551e-01 4.2435e-01 3.8183e-02 6.4677e-01 4.3637e-01
NAU160 2.4611e-01 5.1065e-01 9.5089e-01 9.7238e-02 1.4697e-01 9.0724e-01
NAU164 1.0212e-01 3.2556e-01 9.0831e-01 3.5456e-02 1.9541e-01 9.4634e-01
NCS203 9.4797e-01 6.5165e-01 3.8983e-01 3.9514e-01 3.7291e-02 3.3724e-01
NCS204 7.2432e-01 9.3871e-01 6.8164e-01 4.2839e-01 1.0864e-01 6.4219e-01
NCS212 4.7560e-03 2.6627e-02 1.6411e-01 2.6769e-03 9.5848e-01 1.6404e-01
NCS213 4.8000e-04 1.2113e-02 2.6748e-01 2.3294e-04 5.4036e-01 2.6789e-01
NCS214 5.4927e-03 2.4814e-02 1.0985e-01 3.8130e-03 7.1388e-01 1.0865e-01
NCS233 3.5226e-01 6.3446e-01 8.6500e-01 1.5263e-01 1.4634e-01 8.2105e-01
NCS237 5.0950e-01 8.3366e-01 6.9055e-01 2.0796e-01 9.4855e-02 6.4045e-01
NCS248 2.3156e-02 1.0988e-01 5.2204e-01 9.0387e-03 3.7109e-01 5.3927e-01
NCS253 1.0914e-01 3.3237e-01 9.3300e-01 3.3984e-02 1.4207e-01 9.7665e-01
NCS255 7.9378e-04 9.2511e-03 1.3177e-01 4.0414e-04 8.6927e-01 1.3011e-01
NCS263 5.7661e-05 2.0567e-03 9.0999e-02 4.1505e-05 9.7897e-01 8.6138e-02
           CUB026     CUB027     CUB028     CUB029     CUB032     CUB033
CUB000 7.8200e-01 2.3800e-01 2.0300e-01 4.6600e-01 6.4300e-01 2.2000e-01
CUB003 3.0300e-01 6.2900e-01 4.7400e-01 6.7700e-01 6.7000e-02 9.5400e-01
CUB004 4.9000e-02 3.9000e-02 4.9000e-02 8.0000e-03 7.7300e-01 1.0000e-03
CUB007 5.8900e-01 1.6700e-01 1.5400e-01 2.9300e-01 8.7200e-01 1.3900e-01
CUB008 1.0000e-03 7.0000e-03 1.1000e-02 1.0000e-03 3.1000e-02 1.0000e-03
CUB009 2.4000e-02 1.7000e-02 4.0000e-02 1.1000e-02 4.4100e-01 2.0000e-03
CUB010 2.7000e-02 3.8000e-02 4.9000e-02 6.0000e-03 7.1800e-01 2.0000e-03
CUB011 2.1800e-01 1.1000e-01 1.2600e-01 5.9000e-02 9.3100e-01 7.0000e-03
CUB012 8.4600e-01 2.5400e-01 1.9100e-01 4.6200e-01 5.3700e-01 2.0300e-01
CUB015 1.0000e-02 2.3000e-02 3.9000e-02 4.0000e-03 2.6800e-01 1.0000e-03
CUB017 1.5100e-01 9.7300e-01 7.4900e-01 3.5400e-01 3.7000e-02 5.9000e-01
CUB019 9.2200e-01 2.3900e-01 1.9900e-01 4.5700e-01 4.6100e-01 2.0300e-01
CUB026            2.5900e-01 2.3600e-01 3.8700e-01 2.1300e-01 1.0200e-01
CUB027 2.4313e-01            7.8500e-01 4.5800e-01 1.0800e-01 6.5300e-01
CUB028 2.3240e-01 7.8145e-01            3.4400e-01 1.1900e-01 4.8700e-01
CUB029 3.7664e-01 4.2176e-01 3.4523e-01            4.8000e-02 5.1300e-01
CUB032 2.0610e-01 9.2477e-02 1.1274e-01 5.4124e-02            1.2000e-02
CUB033 1.0234e-01 6.3162e-01 4.8286e-01 4.8497e-01 1.0506e-02           
CUB036 9.3882e-02 8.5103e-01 8.9018e-01 2.1475e-01 2.5947e-02 3.8407e-01
CUB037 1.7006e-01 8.5291e-02 1.0651e-01 4.2906e-02 9.4146e-01 7.6712e-03
CUB038 3.0543e-01 9.5569e-01 8.4284e-01 4.6409e-01 1.4458e-01 6.4247e-01
CUB040 8.1612e-01 2.2542e-01 2.0731e-01 4.2197e-01 5.6623e-01 2.0724e-01
CUB042 2.0731e-02 2.4914e-02 4.0104e-02 3.6888e-03 3.8912e-01 3.6451e-04
CUB044 9.0324e-01 2.1026e-01 1.9075e-01 4.2131e-01 3.9876e-01 1.7435e-01
CUB048 9.1099e-01 2.1389e-01 1.9327e-01 4.3142e-01 4.0039e-01 1.8213e-01
CUB049 1.0727e-01 5.8619e-02 7.9225e-02 2.9424e-02 5.7792e-01 6.9654e-03
CUB050 3.9370e-01 5.0020e-01 3.9871e-01 8.7881e-01 8.4938e-02 6.8084e-01
CUB052 1.2154e-01 4.7459e-02 6.2546e-02 2.6556e-02 7.5553e-01 4.7324e-03
CUB053 2.6300e-01 5.3272e-01 4.0892e-01 7.2868e-01 4.1615e-02 7.8769e-01
CUB056 2.6652e-02 4.0825e-02 6.2955e-02 6.2918e-03 3.8373e-01 8.0026e-04
NAU101 8.3294e-01 2.3050e-01 2.1607e-01 3.7664e-01 8.9555e-02 7.1403e-02
NAU105 1.0567e-02 4.9092e-02 7.6856e-02 3.4256e-03 3.1919e-01 2.9665e-04
NAU106 4.0986e-01 1.1558e-01 1.2690e-01 1.1729e-01 6.7712e-01 2.6479e-02
NAU107 2.2708e-01 6.1416e-01 4.8616e-01 6.5045e-01 3.9654e-02 8.9218e-01
NAU108 1.6999e-01 9.3297e-01 8.4507e-01 3.2708e-01 5.8854e-02 5.2059e-01
NAU109 3.9395e-01 1.1095e-01 1.2160e-01 1.2733e-01 8.2115e-01 3.6183e-02
NAU110 1.6220e-01 7.5815e-02 9.4414e-02 3.3558e-02 9.0393e-01 4.1874e-03
NAU114 1.7616e-03 6.3169e-01 9.8007e-01 1.6547e-02 2.3083e-04 5.3004e-02
NAU117 8.8486e-03 6.0361e-01 9.1265e-01 3.7941e-02 1.8623e-03 8.9208e-02
NAU119 8.5527e-01 3.1673e-01 2.8311e-01 6.0870e-01 2.5958e-01 2.8042e-01
NAU121 6.5063e-02 7.9716e-01 9.1938e-01 1.6359e-01 1.5703e-02 3.1411e-01
NAU123 6.3873e-01 1.7682e-01 1.8333e-01 1.8812e-01 3.5737e-01 3.7409e-02
NAU124 8.7954e-01 4.1547e-01 3.4600e-01 7.8478e-01 4.6099e-01 5.3755e-01
NAU129 5.6929e-01 4.4884e-01 3.7501e-01 9.3441e-01 1.5867e-01 5.4220e-01
NAU130 5.2567e-02 4.7320e-02 6.7159e-02 1.0419e-02 6.7282e-01 1.1002e-03
NAU132 1.2370e-01 6.3012e-01 8.8314e-01 2.0345e-01 5.0094e-02 3.1377e-01
NAU133 7.6835e-01 3.6857e-01 3.0977e-01 7.6783e-01 2.7455e-01 4.3874e-01
NAU136 8.1002e-01 1.9477e-01 1.8737e-01 3.2391e-01 3.9345e-01 1.0803e-01
NAU137 1.4493e-01 6.7582e-01 5.4043e-01 5.3402e-01 2.2203e-02 9.9671e-01
NAU139 9.9058e-02 4.7786e-02 6.5200e-02 2.4278e-02 5.9343e-01 5.1108e-03
NAU144 2.9737e-02 3.9148e-02 6.0624e-02 7.0786e-03 3.6013e-01 1.0373e-03
NAU146 3.5795e-01 1.3837e-01 1.5615e-01 1.2980e-01 9.4344e-01 4.1646e-02
NAU147 9.2436e-02 7.2724e-02 9.8779e-02 2.6026e-02 5.9398e-01 5.3487e-03
NAU148 8.9247e-01 2.8016e-01 2.5815e-01 5.0178e-01 2.1332e-01 1.8050e-01
NAU149 4.8767e-01 5.4044e-01 4.2930e-01 8.8757e-01 1.5485e-01 7.5460e-01
NAU150 3.8500e-02 4.6246e-02 6.6577e-02 7.5123e-03 6.7339e-01 6.2577e-04
NAU153 3.6582e-01 1.2133e-01 1.3566e-01 1.2326e-01 8.8853e-01 3.6518e-02
NAU154 2.9839e-01 9.7868e-02 1.1298e-01 7.2660e-02 7.4048e-01 1.2617e-02
NAU155 8.2027e-06 3.4202e-02 1.6781e-01 3.4737e-05 2.3249e-06 7.5285e-05
NAU156 2.3755e-01 6.6941e-01 5.3819e-01 6.2278e-01 5.0205e-02 9.6455e-01
NAU157 7.4832e-01 1.7555e-01 1.7421e-01 2.5279e-01 3.5255e-01 6.4969e-02
NAU159 4.3616e-01 6.6536e-01 5.3091e-01 7.5849e-01 1.5955e-01 9.3240e-01
NAU160 7.7326e-01 2.1420e-01 2.0860e-01 3.3648e-01 4.8274e-01 1.2824e-01
NAU164 9.5413e-01 2.7637e-01 2.6492e-01 4.2586e-01 3.1565e-01 1.5586e-01
NCS203 1.0004e-01 8.4301e-02 1.1120e-01 2.6784e-02 7.4557e-01 4.3800e-03
NCS204 5.3507e-01 1.5113e-01 1.4984e-01 2.5229e-01 8.9664e-01 1.1949e-01
NCS212 1.1994e-01 9.3386e-01 7.1523e-01 3.1719e-01 2.7272e-02 5.8079e-01
NCS213 1.3476e-01 5.9614e-01 4.7209e-01 5.9188e-01 1.5093e-02 8.6278e-01
NCS214 8.3497e-02 7.8025e-01 9.6190e-01 1.8474e-01 2.5165e-02 3.2538e-01
NCS233 6.7055e-01 2.1522e-01 2.1754e-01 2.9273e-01 6.0095e-01 1.1381e-01
NCS237 4.3525e-01 1.5856e-01 1.7370e-01 1.5684e-01 7.8403e-01 4.7885e-02
NCS248 5.0081e-01 4.3959e-01 3.6833e-01 9.4420e-01 1.0996e-01 5.0554e-01
NCS253 9.0432e-01 2.1222e-01 2.0054e-01 3.6812e-01 3.1558e-01 1.2160e-01
NCS255 7.0698e-02 8.5809e-01 6.3956e-01 2.7724e-01 1.0206e-02 5.9494e-01
NCS263 2.2643e-02 9.4855e-01 7.1157e-01 1.5184e-01 2.7959e-03 3.9389e-01
           CUB036     CUB037     CUB038     CUB040     CUB042     CUB044
CUB000 1.2800e-01 6.0500e-01 2.5000e-01 9.7700e-01 2.9300e-01 8.7200e-01
CUB003 4.0500e-01 5.6000e-02 6.3400e-01 2.8700e-01 1.2000e-02 2.7000e-01
CUB004 9.0000e-03 8.2300e-01 7.3000e-02 3.9500e-01 4.4500e-01 2.4100e-01
CUB007 8.9000e-02 8.4300e-01 1.9000e-01 7.5600e-01 4.8400e-01 6.4800e-01
CUB008 3.0000e-03 1.6000e-02 1.8000e-02 3.5000e-02 7.0000e-02 6.0000e-03
CUB009 6.0000e-03 4.7200e-01 6.3000e-02 2.6100e-01 9.5400e-01 1.2500e-01
CUB010 6.0000e-03 7.7800e-01 6.2000e-02 3.7400e-01 4.5700e-01 1.8500e-01
CUB011 2.5000e-02 8.5800e-01 1.4500e-01 6.2800e-01 3.0600e-01 4.3900e-01
CUB012 1.1800e-01 4.7400e-01 2.8800e-01 9.6200e-01 1.4900e-01 9.5600e-01
CUB015 5.0000e-03 2.6500e-01 4.5000e-02 1.7200e-01 7.3200e-01 8.6000e-02
CUB017 7.8800e-01 2.6000e-02 9.2000e-01 1.6100e-01 2.0000e-03 1.4300e-01
CUB019 1.0800e-01 4.0200e-01 3.1600e-01 9.2400e-01 1.2900e-01 9.8700e-01
CUB026 8.0000e-02 1.5400e-01 3.2700e-01 8.3400e-01 1.6000e-02 9.0500e-01
CUB027 8.5400e-01 8.3000e-02 9.5400e-01 2.1800e-01 1.7000e-02 2.2200e-01
CUB028 8.8500e-01 9.6000e-02 8.3500e-01 1.8700e-01 2.9000e-02 1.8400e-01
CUB029 2.2200e-01 4.9000e-02 5.0700e-01 4.2700e-01 5.0000e-03 4.3700e-01
CUB032 2.3000e-02 9.5000e-01 1.4500e-01 5.8400e-01 3.9800e-01 4.1900e-01
CUB033 4.2000e-01 6.0000e-03 6.6200e-01 1.9600e-01 2.0000e-03 1.7400e-01
CUB036            2.0000e-02 9.2000e-01 1.1000e-01 6.0000e-03 9.7000e-02
CUB037 2.2803e-02            1.2800e-01 5.3800e-01 4.3400e-01 3.4000e-01
CUB038 9.1941e-01 1.3623e-01            2.8100e-01 4.7000e-02 2.7400e-01
CUB040 1.1646e-01 5.3109e-01 2.7507e-01            2.3100e-01 9.0200e-01
CUB042 3.8389e-03 4.2365e-01 5.2362e-02 2.3111e-01            9.4000e-02
CUB044 9.3585e-02 3.6256e-01 2.6144e-01 9.0113e-01 1.0777e-01           
CUB048 9.6647e-02 3.6465e-01 2.6474e-01 8.9688e-01 1.1043e-01 9.9421e-01
CUB049 1.6522e-02 6.1367e-01 9.9823e-02 3.5079e-01 9.3651e-01 2.1578e-01
CUB050 2.9899e-01 7.2443e-02 5.2920e-01 4.0108e-01 1.1014e-02 3.9969e-01
CUB052 1.0869e-02 8.0663e-01 8.3718e-02 4.0538e-01 6.2521e-01 2.5262e-01
CUB053 3.1358e-01 3.4048e-02 5.5475e-01 3.0139e-01 3.4438e-03 2.8798e-01
CUB056 8.1136e-03 4.1265e-01 7.8145e-02 2.6028e-01 9.2179e-01 1.3024e-01
NAU101 7.7134e-02 6.5356e-02 2.9288e-01 7.1414e-01 3.0272e-03 7.8675e-01
NAU105 9.4882e-03 3.4055e-01 9.2652e-02 2.6345e-01 8.9332e-01 1.2544e-01
NAU106 3.5211e-02 6.1891e-01 1.6904e-01 7.5881e-01 1.8756e-01 5.9850e-01
NAU107 3.9232e-01 3.2239e-02 6.3030e-01 2.9992e-01 3.3948e-03 2.7578e-01
NAU108 9.2323e-01 5.3199e-02 9.8522e-01 1.8614e-01 1.2652e-02 1.6140e-01
NAU109 3.7571e-02 7.6964e-01 1.6140e-01 6.9514e-01 3.2168e-01 5.4305e-01
NAU110 1.7056e-02 8.3196e-01 1.2449e-01 5.7441e-01 2.4132e-01 3.9186e-01
NAU114 7.6131e-01 1.5813e-04 7.4500e-01 1.8519e-02 4.1954e-06 8.2612e-03
NAU117 6.9790e-01 1.4556e-03 7.1041e-01 3.5981e-02 9.4376e-05 1.9519e-02
NAU119 1.5929e-01 2.3012e-01 3.6998e-01 7.3707e-01 5.3988e-02 7.9700e-01
NAU121 9.4845e-01 1.3605e-02 8.7567e-01 8.4468e-02 1.8886e-03 6.5136e-02
NAU123 5.8024e-02 3.0365e-01 2.3978e-01 9.7879e-01 4.5149e-02 8.4301e-01
NAU124 2.9257e-01 4.3804e-01 4.4613e-01 7.7039e-01 2.1848e-01 8.2059e-01
NAU129 2.6571e-01 1.3958e-01 4.8729e-01 5.3542e-01 2.9675e-02 5.5309e-01
NAU130 8.9538e-03 7.2802e-01 8.6990e-02 3.7266e-01 5.8437e-01 2.1047e-01
NAU132 7.3581e-01 4.6520e-02 7.0984e-01 1.1282e-01 1.2992e-02 9.6851e-02
NAU133 2.1467e-01 2.5012e-01 4.1025e-01 6.6733e-01 7.5463e-02 7.1358e-01
NAU136 7.6876e-02 3.5146e-01 2.5141e-01 9.5362e-01 8.6878e-02 9.3365e-01
NAU137 4.4628e-01 1.7037e-02 6.8597e-01 2.6581e-01 1.2821e-03 2.2912e-01
NAU139 1.2097e-02 6.3268e-01 8.4372e-02 3.4144e-01 8.8069e-01 2.0538e-01
NAU144 8.1251e-03 3.8630e-01 7.5114e-02 2.4539e-01 8.3700e-01 1.2288e-01
NAU146 5.3144e-02 8.9655e-01 1.9581e-01 6.5426e-01 4.4929e-01 5.0808e-01
NAU147 2.0231e-02 6.3159e-01 1.2123e-01 3.7825e-01 8.6947e-01 2.3181e-01
NAU148 1.2275e-01 1.8167e-01 3.3885e-01 7.5809e-01 2.9372e-02 8.2744e-01
NAU149 3.6159e-01 1.3948e-01 5.6106e-01 4.4971e-01 3.5621e-02 4.5782e-01
NAU150 8.1219e-03 7.3235e-01 8.6171e-02 3.7164e-01 5.2464e-01 2.0469e-01
NAU153 4.3181e-02 8.3864e-01 1.7500e-01 6.6723e-01 3.8342e-01 5.1701e-01
NAU154 2.6052e-02 6.7509e-01 1.5003e-01 6.8931e-01 1.8999e-01 5.1626e-01
NAU155 2.4641e-02 1.7038e-06 8.3277e-02 1.7236e-04 3.8003e-08 3.2515e-05
NAU156 4.5704e-01 4.1760e-02 6.7977e-01 3.1202e-01 5.4683e-03 2.8509e-01
NAU157 6.0693e-02 3.0638e-01 2.3419e-01 9.7251e-01 5.6474e-02 9.0286e-01
NAU159 4.9466e-01 1.4592e-01 6.7050e-01 4.0907e-01 4.3537e-02 4.0695e-01
NAU160 9.3635e-02 4.4075e-01 2.7197e-01 9.9866e-01 1.4055e-01 8.9073e-01
NAU164 1.2515e-01 2.7694e-01 3.3786e-01 8.6467e-01 6.0386e-02 9.4997e-01
NCS203 2.2372e-02 7.9597e-01 1.3736e-01 4.5167e-01 6.0252e-01 2.8733e-01
NCS204 7.5663e-02 8.6094e-01 1.9757e-01 7.2900e-01 5.1069e-01 6.1090e-01
NCS212 7.4330e-01 2.3235e-02 8.9592e-01 1.6261e-01 3.1978e-03 1.3525e-01
NCS213 3.5511e-01 1.0973e-02 6.1675e-01 2.6383e-01 5.5708e-04 2.2970e-01
NCS214 9.0758e-01 2.2199e-02 8.5581e-01 1.1023e-01 3.9107e-03 8.5737e-02
NCS233 9.6952e-02 5.5707e-01 2.7552e-01 9.1566e-01 2.1277e-01 7.9771e-01
NCS237 6.0750e-02 7.3311e-01 2.1884e-01 7.4815e-01 3.0122e-01 6.0287e-01
NCS248 2.4502e-01 9.3137e-02 4.8111e-01 5.0045e-01 1.4165e-02 5.1079e-01
NCS253 8.4174e-02 2.7685e-01 2.6960e-01 8.8275e-01 5.6994e-02 9.8403e-01
NCS255 6.3128e-01 8.0443e-03 8.2869e-01 1.3186e-01 5.8898e-04 1.0310e-01
NCS263 7.2510e-01 1.9870e-03 9.0513e-01 9.4778e-02 8.0956e-05 6.2993e-02
           CUB048     CUB049     CUB050     CUB052     CUB053     CUB056
CUB000 8.7600e-01 4.0500e-01 4.0400e-01 4.7600e-01 3.4200e-01 3.0700e-01
CUB003 3.0500e-01 2.7000e-02 7.8600e-01 2.2000e-02 8.8000e-01 2.0000e-02
CUB004 2.2000e-01 6.9100e-01 1.6000e-02 9.1800e-01 9.0000e-03 4.1900e-01
CUB007 6.5000e-01 5.6700e-01 2.9100e-01 6.9200e-01 2.0200e-01 4.8400e-01
CUB008 6.0000e-03 1.9800e-01 1.0000e-03 5.0000e-02 1.0000e-03 1.2300e-01
CUB009 1.2600e-01 9.0200e-01 1.1000e-02 6.2500e-01 5.0000e-03 9.8900e-01
CUB010 2.1500e-01 6.7800e-01 2.4000e-02 9.5800e-01 6.0000e-03 4.2000e-01
CUB011 4.4900e-01 5.1700e-01 8.8000e-02 6.8400e-01 4.0000e-02 3.2600e-01
CUB012 9.5800e-01 2.8500e-01 4.1300e-01 3.3400e-01 3.3400e-01 2.1100e-01
CUB015 6.8000e-02 7.5700e-01 6.0000e-03 4.4700e-01 5.0000e-03 8.2300e-01
CUB017 1.6400e-01 1.2000e-02 4.7500e-01 1.5000e-02 4.8100e-01 1.4000e-02
CUB019 9.8700e-01 2.6500e-01 4.5600e-01 2.9000e-01 3.2700e-01 1.5300e-01
CUB026 9.2200e-01 1.0700e-01 3.7700e-01 1.1100e-01 2.6800e-01 2.2000e-02
CUB027 2.2100e-01 6.1000e-02 5.1700e-01 4.3000e-02 5.5400e-01 3.3000e-02
CUB028 1.9000e-01 6.5000e-02 4.1100e-01 5.0000e-02 4.1100e-01 5.5000e-02
CUB029 4.4800e-01 3.0000e-02 8.8500e-01 2.3000e-02 7.3900e-01 7.0000e-03
CUB032 4.2100e-01 5.8900e-01 8.3000e-02 7.8900e-01 5.5000e-02 3.9000e-01
CUB033 1.8700e-01 9.0000e-03 6.9700e-01 4.0000e-03 7.9200e-01 3.0000e-03
CUB036 9.6000e-02 1.2000e-02 3.1600e-01 1.0000e-02 3.2300e-01 6.0000e-03
CUB037 3.8300e-01 6.3000e-01 5.4000e-02 7.8700e-01 3.5000e-02 4.3100e-01
CUB038 2.7700e-01 9.9000e-02 5.2100e-01 7.5000e-02 5.6800e-01 7.0000e-02
CUB040 8.8800e-01 3.3300e-01 4.1200e-01 3.8700e-01 2.9100e-01 2.4700e-01
CUB042 1.0200e-01 9.3000e-01 9.0000e-03 6.1500e-01 2.0000e-03 9.3700e-01
CUB044 9.9700e-01 2.2400e-01 4.1000e-01 2.3700e-01 3.0600e-01 1.3200e-01
CUB048            2.1200e-01 4.4000e-01 2.6200e-01 2.8000e-01 1.2000e-01
CUB049 2.1804e-01            3.8000e-02 7.4600e-01 2.2000e-02 9.0000e-01
CUB050 4.0800e-01 4.6200e-02            3.4000e-02 8.9100e-01 1.2000e-02
CUB052 2.5449e-01 7.6518e-01 4.2200e-02            1.8000e-02 6.1700e-01
CUB053 2.9609e-01 2.1715e-02 8.7721e-01 1.8350e-02            6.0000e-03
CUB056 1.3339e-01 8.8840e-01 1.8074e-02 5.9981e-01 6.3958e-03           
NAU101 7.9702e-01 4.6428e-02 3.9973e-01 5.0321e-02 2.5372e-01 3.9999e-03
NAU105 1.2940e-01 8.7289e-01 1.6102e-02 5.6542e-01 5.1811e-03 9.8607e-01
NAU106 5.9727e-01 3.5848e-01 1.4695e-01 4.6476e-01 8.0711e-02 1.9980e-01
NAU107 2.8402e-01 2.4014e-02 8.0531e-01 1.9098e-02 9.1144e-01 6.3158e-03
NAU108 1.6528e-01 3.8980e-02 4.1500e-01 2.8701e-02 4.3732e-01 2.2910e-02
NAU109 5.4223e-01 4.7989e-01 1.4789e-01 6.0759e-01 8.5505e-02 3.3406e-01
NAU110 3.9370e-01 4.5993e-01 6.3861e-02 6.3369e-01 2.7399e-02 2.3600e-01
NAU114 9.1009e-03 2.5190e-04 5.9556e-02 8.1143e-05 5.6055e-02 1.6919e-05
NAU117 2.0924e-02 1.6812e-03 9.0908e-02 6.8229e-04 8.5335e-02 3.0939e-04
NAU119 8.0440e-01 1.4479e-01 5.7006e-01 1.5701e-01 4.4183e-01 7.0757e-02
NAU121 6.7573e-02 9.6158e-03 2.3986e-01 5.9454e-03 2.5079e-01 4.3630e-03
NAU123 8.3874e-01 1.7925e-01 2.3543e-01 2.2243e-01 1.3702e-01 5.1660e-02
NAU124 8.2524e-01 3.1294e-01 7.2922e-01 3.3189e-01 6.3700e-01 2.5603e-01
NAU129 5.6118e-01 9.0675e-02 8.4530e-01 8.9039e-02 7.2185e-01 4.3219e-02
NAU130 2.1369e-01 7.6628e-01 2.7039e-02 9.6253e-01 9.7930e-03 5.4222e-01
NAU132 9.8704e-02 3.3123e-02 2.5064e-01 2.3148e-02 2.5275e-01 2.4063e-02
NAU133 7.2038e-01 1.5838e-01 7.0230e-01 1.6757e-01 5.8412e-01 9.8784e-02
NAU136 9.2828e-01 2.0647e-01 3.2807e-01 2.4720e-01 2.1993e-01 1.0411e-01
NAU137 2.3762e-01 1.6126e-02 7.1484e-01 1.1436e-02 8.0950e-01 2.5454e-03
NAU139 2.0749e-01 9.6008e-01 3.8620e-02 7.9579e-01 1.7254e-02 8.3491e-01
NAU144 1.2578e-01 8.2958e-01 1.8239e-02 5.5174e-01 6.6762e-03 9.1623e-01
NAU146 5.0836e-01 6.0262e-01 1.5786e-01 7.4305e-01 9.4635e-02 4.5441e-01
NAU147 2.3482e-01 9.5552e-01 4.8526e-02 8.0432e-01 2.2097e-02 8.2151e-01
NAU148 8.3547e-01 1.1377e-01 4.8737e-01 1.2516e-01 3.5275e-01 3.9007e-02
NAU149 4.6462e-01 8.9405e-02 9.8729e-01 8.5206e-02 9.1027e-01 5.2526e-02
NAU150 2.0823e-01 7.3445e-01 2.3585e-02 9.8561e-01 7.9872e-03 4.7872e-01
NAU153 5.1684e-01 5.4207e-01 1.4785e-01 6.7887e-01 8.6271e-02 3.9199e-01
NAU154 5.1629e-01 3.8013e-01 1.0637e-01 5.0769e-01 5.2735e-02 1.9620e-01
NAU155 3.7154e-05 3.3586e-06 2.4076e-04 4.3734e-07 1.1538e-04 3.3119e-07
NAU156 2.9307e-01 3.2255e-02 7.7053e-01 2.5553e-02 8.6225e-01 9.8550e-03
NAU157 8.9756e-01 1.7461e-01 2.7558e-01 2.1401e-01 1.7116e-01 6.7753e-02
NAU159 4.1288e-01 9.9142e-02 8.5446e-01 9.0890e-02 9.3351e-01 6.3935e-02
NAU160 8.8630e-01 2.7517e-01 3.4073e-01 3.2529e-01 2.3649e-01 1.6236e-01
NAU164 9.5627e-01 1.7833e-01 4.3153e-01 2.0123e-01 3.0843e-01 7.4600e-02
NCS203 2.9060e-01 7.7131e-01 5.5818e-02 9.9875e-01 2.4732e-02 5.6925e-01
NCS204 6.0906e-01 6.1847e-01 2.4793e-01 7.2921e-01 1.7449e-01 5.2497e-01
NCS212 1.3992e-01 1.7039e-02 4.3779e-01 1.1821e-02 4.7723e-01 6.6144e-03
NCS213 2.3881e-01 1.0759e-02 7.8472e-01 7.6147e-03 9.0351e-01 1.1261e-03
NCS214 8.8627e-02 1.7055e-02 2.6277e-01 1.0787e-02 2.6960e-01 8.3743e-03
NCS233 7.9469e-01 3.6404e-01 3.0788e-01 4.3173e-01 2.1181e-01 2.3508e-01
NCS237 6.0224e-01 4.7305e-01 1.8914e-01 5.8520e-01 1.1512e-01 3.1402e-01
NCS248 5.1988e-01 6.1892e-02 8.4655e-01 5.9011e-02 7.1215e-01 2.1851e-02
NCS253 9.9044e-01 1.6159e-01 3.6779e-01 1.9004e-01 2.5028e-01 7.1024e-02
NCS255 1.0793e-01 6.4347e-03 4.2576e-01 4.0614e-03 4.7676e-01 1.4000e-03
NCS263 6.7131e-02 2.4797e-03 3.0412e-01 1.2380e-03 3.3361e-01 2.2204e-04
           NAU101     NAU105     NAU106     NAU107     NAU108     NAU109
CUB000 6.9900e-01 3.2200e-01 8.1700e-01 3.0200e-01 2.0400e-01 7.8000e-01
CUB003 2.9500e-01 1.2000e-02 1.2400e-01 9.5400e-01 5.6800e-01 9.2000e-02
CUB004 9.0000e-03 3.1700e-01 4.3900e-01 9.0000e-03 2.6000e-02 6.0500e-01
CUB007 4.7700e-01 5.2700e-01 9.3500e-01 1.9700e-01 1.5500e-01 9.7300e-01
CUB008 1.0000e-03 7.3000e-02 1.0000e-02 1.0000e-03 6.0000e-03 2.8000e-02
CUB009 6.0000e-03 9.7100e-01 2.3300e-01 7.0000e-03 1.4000e-02 3.5400e-01
CUB010 4.0000e-03 2.6200e-01 3.8900e-01 7.0000e-03 1.7000e-02 6.0000e-01
CUB011 7.5000e-02 2.3500e-01 7.3400e-01 3.3000e-02 5.9000e-02 8.8000e-01
CUB012 7.6600e-01 2.1600e-01 6.8700e-01 3.3200e-01 2.0400e-01 6.4400e-01
CUB015 1.0000e-03 7.9700e-01 1.0100e-01 2.0000e-03 1.6000e-02 2.3100e-01
CUB017 1.3400e-01 1.6000e-02 6.0000e-02 5.7900e-01 9.0200e-01 4.5000e-02
CUB019 8.1100e-01 1.7600e-01 6.6200e-01 3.2600e-01 2.0000e-01 6.0700e-01
CUB026 8.1900e-01 8.0000e-03 4.1700e-01 2.1200e-01 1.6900e-01 3.9400e-01
CUB027 2.5100e-01 3.7000e-02 1.1600e-01 6.3000e-01 9.3900e-01 1.0400e-01
CUB028 2.0900e-01 7.7000e-02 1.2000e-01 5.0000e-01 8.3500e-01 1.1400e-01
CUB029 3.9300e-01 3.0000e-03 1.2300e-01 6.6900e-01 3.5400e-01 1.2000e-01
CUB032 8.8000e-02 3.3500e-01 7.1500e-01 3.5000e-02 7.4000e-02 8.4000e-01
CUB033 5.6000e-02 1.0000e-03 1.9000e-02 8.9300e-01 5.3700e-01 3.8000e-02
CUB036 7.4000e-02 7.0000e-03 3.5000e-02 3.9800e-01 9.3000e-01 4.2000e-02
CUB037 5.8000e-02 3.2200e-01 6.2600e-01 3.2000e-02 3.8000e-02 7.6800e-01
CUB038 2.8500e-01 8.8000e-02 1.8400e-01 6.6300e-01 9.9000e-01 1.7000e-01
CUB040 7.2700e-01 2.5900e-01 7.6300e-01 3.1300e-01 1.7000e-01 6.9000e-01
CUB042 2.0000e-03 8.8100e-01 1.8600e-01 2.0000e-03 8.0000e-03 2.9700e-01
CUB044 8.0300e-01 1.4100e-01 5.9900e-01 2.9400e-01 1.6200e-01 5.5200e-01
CUB048 7.9900e-01 1.1200e-01 6.1500e-01 2.8500e-01 1.7000e-01 5.7400e-01
CUB049 4.9000e-02 8.8000e-01 3.5200e-01 2.3000e-02 3.4000e-02 4.8400e-01
CUB050 4.1800e-01 1.0000e-02 1.4900e-01 7.9900e-01 4.3400e-01 1.5200e-01
CUB052 5.1000e-02 5.7900e-01 4.7800e-01 1.5000e-02 2.7000e-02 6.1900e-01
CUB053 2.3900e-01 7.0000e-03 7.6000e-02 9.0900e-01 4.5800e-01 9.7000e-02
CUB056 5.0000e-03 9.8900e-01 1.8400e-01 7.0000e-03 2.3000e-02 3.4100e-01
NAU101            1.0000e-03 2.4800e-01 2.1400e-01 1.4600e-01 2.4300e-01
NAU105 2.5017e-04            1.6100e-01 7.0000e-03 2.5000e-02 3.3100e-01
NAU106 2.4914e-01 1.6029e-01            7.2000e-02 6.7000e-02 9.0000e-01
NAU107 2.0326e-01 4.4214e-03 7.5680e-02            5.2800e-01 8.1000e-02
NAU108 1.5057e-01 2.6654e-02 7.5761e-02 5.1818e-01            7.4000e-02
NAU109 2.6028e-01 3.1036e-01 8.8787e-01 8.5657e-02 7.7433e-02           
NAU110 4.8616e-02 1.4556e-01 7.1193e-01 2.3831e-02 4.3485e-02 8.7486e-01
NAU114 4.3352e-04 6.5665e-06 5.0855e-04 8.2657e-02 6.9294e-01 1.1246e-03
NAU117 3.8265e-03 2.3902e-04 2.9702e-03 1.2208e-01 6.5389e-01 4.7800e-03
NAU119 9.4244e-01 6.1275e-02 4.1422e-01 4.1036e-01 2.4911e-01 3.9043e-01
NAU121 5.1477e-02 5.2012e-03 2.1852e-02 3.2587e-01 8.7238e-01 2.3648e-02
NAU123 4.0602e-01 1.9133e-02 6.5435e-01 1.1635e-01 1.1623e-01 5.9608e-01
NAU124 9.2948e-01 2.7333e-01 5.7535e-01 6.2239e-01 3.8179e-01 5.3567e-01
NAU129 5.9944e-01 3.9821e-02 2.5268e-01 6.6911e-01 3.7316e-01 2.4600e-01
NAU130 8.9058e-03 4.3815e-01 3.7102e-01 8.8346e-03 2.5576e-02 5.4285e-01
NAU132 1.0845e-01 3.1188e-02 5.6943e-02 3.2621e-01 7.0011e-01 5.5160e-02
NAU133 8.2724e-01 1.0077e-01 3.9850e-01 5.5305e-01 3.0968e-01 3.7070e-01
NAU136 6.6199e-01 8.7036e-02 6.2607e-01 2.0492e-01 1.4066e-01 5.6871e-01
NAU137 1.0501e-01 1.0618e-03 4.7759e-02 9.0223e-01 5.7538e-01 6.2570e-02
NAU139 4.1350e-02 8.1624e-01 3.5892e-01 1.9007e-02 3.0504e-02 4.8459e-01
NAU144 5.7490e-03 9.1485e-01 1.8984e-01 6.9493e-03 2.2607e-02 3.1236e-01
NAU146 2.2975e-01 4.2521e-01 7.9081e-01 9.5892e-02 1.0106e-01 9.0163e-01
NAU147 3.0931e-02 7.8877e-01 3.6480e-01 2.2747e-02 4.6956e-02 5.0225e-01
NAU148 9.9109e-01 2.4743e-02 3.8639e-01 3.1633e-01 2.0701e-01 3.7010e-01
NAU149 5.0375e-01 5.5715e-02 2.2577e-01 8.5115e-01 4.7147e-01 2.1515e-01
NAU150 3.8150e-03 3.2534e-01 3.5832e-01 6.7415e-03 2.4007e-02 5.4255e-01
NAU153 2.3533e-01 3.6433e-01 8.2984e-01 8.6848e-02 8.6137e-02 9.4295e-01
NAU154 1.4381e-01 1.3865e-01 9.0170e-01 4.7758e-02 6.0368e-02 9.6636e-01
NAU155 1.1979e-06 3.0667e-07 2.6015e-06 3.3461e-04 3.4608e-02 6.8308e-06
NAU156 2.1127e-01 7.4138e-03 8.8304e-02 9.4619e-01 5.7916e-01 9.9267e-02
NAU157 5.6528e-01 4.4333e-02 6.1226e-01 1.5293e-01 1.1906e-01 5.5560e-01
NAU159 4.3983e-01 7.0039e-02 2.1670e-01 9.9738e-01 6.0058e-01 2.0807e-01
NAU160 6.3657e-01 1.4547e-01 7.1077e-01 2.2575e-01 1.6176e-01 6.4849e-01
NAU164 8.1595e-01 5.1327e-02 5.2028e-01 2.8108e-01 2.0756e-01 4.8977e-01
NCS203 2.5647e-02 4.7538e-01 4.6095e-01 2.3139e-02 5.2301e-02 6.2050e-01
NCS204 4.3467e-01 5.2970e-01 8.9434e-01 1.8608e-01 1.2778e-01 9.7660e-01
NCS212 9.9819e-02 6.6936e-03 4.2274e-02 5.6431e-01 8.5109e-01 4.6822e-02
NCS213 9.3312e-02 3.0406e-04 3.8422e-02 9.9555e-01 4.8751e-01 5.2736e-02
NCS214 6.6021e-02 9.7420e-03 3.2976e-02 3.4265e-01 8.4562e-01 3.6056e-02
NCS233 5.3124e-01 2.1314e-01 8.3819e-01 2.0537e-01 1.6479e-01 7.6585e-01
NCS237 2.8586e-01 2.7502e-01 9.3598e-01 1.1195e-01 1.1419e-01 9.6074e-01
NCS248 5.2103e-01 1.6745e-02 1.9599e-01 6.4990e-01 3.5502e-01 1.9866e-01
NCS253 7.5888e-01 5.5006e-02 5.3094e-01 2.2898e-01 1.5254e-01 4.8709e-01
NCS255 5.1307e-02 1.0511e-03 1.9785e-02 5.6962e-01 7.5941e-01 2.4970e-02
NCS263 9.5593e-03 7.4805e-05 6.6459e-03 4.1078e-01 8.5080e-01 1.1383e-02
           NAU110     NAU114     NAU117     NAU119     NAU121     NAU123
CUB000 6.3200e-01 2.0000e-02 3.3000e-02 7.1500e-01 8.9000e-02 9.7200e-01
CUB003 5.0000e-02 1.5200e-01 1.9300e-01 4.5800e-01 3.8100e-01 1.7600e-01
CUB004 6.1500e-01 1.0000e-03 1.0000e-03 1.1800e-01 6.0000e-03 1.2100e-01
CUB007 8.9100e-01 1.6000e-02 1.9000e-02 5.3900e-01 6.3000e-02 7.1400e-01
CUB008 3.0000e-03 1.0000e-03 1.0000e-03 5.0000e-03 1.0000e-03 1.0000e-03
CUB009 2.8200e-01 1.0000e-03 1.0000e-03 6.8000e-02 2.0000e-03 6.6000e-02
CUB010 5.4400e-01 1.0000e-03 1.0000e-03 9.6000e-02 5.0000e-03 6.9000e-02
CUB011 9.8500e-01 1.0000e-03 2.0000e-03 2.9400e-01 1.3000e-02 3.8200e-01
CUB012 5.0800e-01 1.6000e-02 2.3000e-02 7.9700e-01 7.8000e-02 9.3000e-01
CUB015 1.1400e-01 1.0000e-03 1.0000e-03 3.9000e-02 3.0000e-03 1.6000e-02
CUB017 2.8000e-02 4.9500e-01 4.8900e-01 2.5000e-01 7.4900e-01 9.0000e-02
CUB019 4.5400e-01 3.0000e-03 2.7000e-02 8.2200e-01 8.8000e-02 8.7700e-01
CUB026 1.5300e-01 3.0000e-03 1.0000e-02 8.7200e-01 5.9000e-02 6.5600e-01
CUB027 8.2000e-02 6.2200e-01 6.1700e-01 3.5500e-01 8.2400e-01 1.7500e-01
CUB028 8.0000e-02 9.8100e-01 9.1700e-01 2.8900e-01 9.2100e-01 1.7100e-01
CUB029 3.3000e-02 2.0000e-02 3.3000e-02 6.3400e-01 1.8100e-01 1.9600e-01
CUB032 9.0100e-01 1.0000e-03 4.0000e-03 2.7300e-01 1.7000e-02 3.6700e-01
CUB033 2.0000e-03 3.9000e-02 9.9000e-02 2.9800e-01 3.3800e-01 3.4000e-02
CUB036 1.4000e-02 7.5600e-01 7.1800e-01 1.7000e-01 9.4600e-01 4.3000e-02
CUB037 8.4200e-01 1.0000e-03 1.0000e-03 2.2900e-01 1.1000e-02 2.8800e-01
CUB038 1.4900e-01 7.6000e-01 7.2300e-01 3.8300e-01 8.8300e-01 2.3500e-01
CUB040 5.7800e-01 1.3000e-02 3.1000e-02 7.3800e-01 8.0000e-02 9.8400e-01
CUB042 2.4300e-01 1.0000e-03 1.0000e-03 4.3000e-02 3.0000e-03 4.7000e-02
CUB044 3.9600e-01 1.0000e-02 2.2000e-02 8.0100e-01 6.9000e-02 8.4700e-01
CUB048 4.0600e-01 8.0000e-03 1.5000e-02 8.1800e-01 7.7000e-02 8.3400e-01
CUB049 4.5800e-01 1.0000e-03 1.0000e-03 1.3800e-01 3.0000e-03 1.7300e-01
CUB050 6.2000e-02 5.9000e-02 1.0000e-01 6.2200e-01 2.6200e-01 2.3800e-01
CUB052 6.2900e-01 1.0000e-03 1.0000e-03 1.3600e-01 6.0000e-03 2.1600e-01
CUB053 2.3000e-02 5.8000e-02 8.8000e-02 4.5100e-01 2.7400e-01 1.3000e-01
CUB056 2.4900e-01 1.0000e-03 1.0000e-03 7.0000e-02 5.0000e-03 4.5000e-02
NAU101 4.5000e-02 1.0000e-03 3.0000e-03 9.4700e-01 3.9000e-02 4.1300e-01
NAU105 1.5600e-01 1.0000e-03 1.0000e-03 6.6000e-02 6.0000e-03 1.4000e-02
NAU106 7.4600e-01 3.0000e-03 2.0000e-03 4.1900e-01 2.0000e-02 6.6700e-01
NAU107 2.7000e-02 7.7000e-02 1.2600e-01 4.3900e-01 3.6200e-01 1.1700e-01
NAU108 4.6000e-02 7.2100e-01 6.8000e-01 2.5900e-01 8.9100e-01 1.1800e-01
NAU109 8.6600e-01 3.0000e-03 5.0000e-03 3.9100e-01 1.5000e-02 5.9100e-01
NAU110            1.0000e-03 1.0000e-03 2.6000e-01 6.0000e-03 3.2600e-01
NAU114 4.4681e-05            8.2200e-01 1.6000e-02 8.0700e-01 1.0000e-03
NAU117 6.2868e-04 8.2700e-01            3.7000e-02 7.3800e-01 4.0000e-03
NAU119 2.3244e-01 1.6294e-02 3.6214e-02            1.2800e-01 6.3900e-01
NAU121 9.7480e-03 8.1405e-01 7.3329e-01 1.1890e-01            3.1000e-02
NAU123 3.2163e-01 5.1025e-04 3.8752e-03 6.0536e-01 3.8051e-02           
NAU124 4.5405e-01 1.2726e-01 1.6100e-01 9.6678e-01 2.4108e-01 7.3160e-01
NAU129 1.3184e-01 5.1784e-02 8.3855e-02 7.3451e-01 2.1168e-01 3.7927e-01
NAU130 5.0581e-01 1.3241e-05 2.6067e-04 1.1264e-01 4.8049e-03 1.1111e-01
NAU132 3.8409e-02 8.4844e-01 9.4996e-01 1.6402e-01 7.5821e-01 9.1077e-02
NAU133 2.5514e-01 4.7381e-02 7.4549e-02 8.9948e-01 1.6701e-01 5.6939e-01
NAU136 3.8087e-01 3.2776e-03 1.0938e-02 7.1938e-01 5.2199e-02 9.0113e-01
NAU137 1.0002e-02 8.5626e-02 1.3387e-01 3.3968e-01 3.7742e-01 6.2508e-02
NAU139 4.7281e-01 1.3747e-04 1.0154e-03 1.3315e-01 6.7666e-03 1.7287e-01
NAU144 2.2574e-01 2.5251e-05 3.7917e-04 6.9627e-02 4.3784e-03 5.6020e-02
NAU146 9.9117e-01 2.0862e-03 8.4469e-03 3.7562e-01 3.5254e-02 5.2704e-01
NAU147 4.5895e-01 1.8591e-04 1.6399e-03 1.4875e-01 1.2054e-02 1.5851e-01
NAU148 1.7745e-01 5.3853e-03 1.7659e-02 9.4841e-01 8.8181e-02 5.8815e-01
NAU149 1.3323e-01 1.2514e-01 1.5805e-01 6.2266e-01 3.0063e-01 3.3990e-01
NAU150 4.8791e-01 6.2673e-06 1.7390e-04 1.0339e-01 4.3071e-03 8.5883e-02
NAU153 9.4966e-01 1.3994e-03 5.9620e-03 3.7494e-01 2.7791e-02 5.5017e-01
NAU154 7.9195e-01 1.7512e-04 1.5004e-03 3.3595e-01 1.5601e-02 5.2245e-01
NAU155 3.2855e-07 3.3755e-03 2.3835e-02 1.0102e-04 2.0791e-02 3.1871e-06
NAU156 3.1404e-02 1.2562e-01 1.7031e-01 4.1243e-01 3.8995e-01 1.3027e-01
NAU157 3.3058e-01 1.1418e-03 5.5833e-03 6.7022e-01 3.9869e-02 9.1972e-01
NAU159 1.3728e-01 2.3981e-01 2.6965e-01 5.5229e-01 4.3147e-01 3.1584e-01
NAU160 4.7864e-01 6.0789e-03 1.7474e-02 6.9915e-01 6.5717e-02 9.7123e-01
NAU164 2.8206e-01 6.1678e-03 2.0273e-02 8.4050e-01 9.0896e-02 7.5159e-01
NCS203 5.9965e-01 1.1027e-04 1.3116e-03 1.7594e-01 1.3413e-02 1.8194e-01
NCS204 9.4060e-01 1.1622e-02 2.4707e-02 4.9691e-01 5.2549e-02 6.9582e-01
NCS212 1.7123e-02 4.1220e-01 4.1221e-01 2.1909e-01 6.7580e-01 6.8018e-02
NCS213 5.8390e-03 3.8996e-02 7.6263e-02 3.5001e-01 2.8894e-01 4.9685e-02
NCS214 1.6108e-02 8.9554e-01 8.1132e-01 1.4449e-01 9.5018e-01 5.2502e-02
NCS233 6.0964e-01 6.6448e-03 1.9550e-02 6.2560e-01 6.8826e-02 9.0205e-01
NCS237 8.2618e-01 2.0171e-03 8.6333e-03 4.4457e-01 4.0782e-02 6.4202e-01
NCS248 8.2458e-02 3.2367e-02 6.1133e-02 6.9635e-01 1.9211e-01 3.0180e-01
NCS253 2.9303e-01 3.2908e-03 1.1250e-02 7.9065e-01 5.7622e-02 7.9103e-01
NCS255 4.9639e-03 2.4179e-01 2.6467e-01 1.7591e-01 5.5536e-01 3.1471e-02
NCS263 7.9053e-04 2.7074e-01 2.9699e-01 1.0601e-01 6.4871e-01 7.3870e-03
           NAU124     NAU129     NAU130     NAU132     NAU133     NAU136
CUB000 7.4000e-01 5.1900e-01 4.4300e-01 1.0700e-01 6.4300e-01 9.1100e-01
CUB003 6.0000e-01 6.9600e-01 2.1000e-02 3.0800e-01 5.7800e-01 2.3200e-01
CUB004 3.4400e-01 5.5000e-02 8.6800e-01 1.3000e-02 1.4000e-01 1.7800e-01
CUB007 6.0300e-01 3.9000e-01 6.5300e-01 7.1000e-02 4.9300e-01 6.8800e-01
CUB008 5.4000e-02 2.0000e-03 1.7000e-02 2.0000e-03 1.1000e-02 4.0000e-03
CUB009 2.4100e-01 4.3000e-02 5.9900e-01 1.6000e-02 9.2000e-02 8.8000e-02
CUB010 3.2900e-01 3.9000e-02 8.8400e-01 1.6000e-02 1.3000e-01 1.5900e-01
CUB011 5.1400e-01 1.7600e-01 6.0000e-01 5.7000e-02 3.2500e-01 4.5000e-01
CUB012 8.0100e-01 5.7200e-01 3.3100e-01 1.0000e-01 7.0600e-01 9.9400e-01
CUB015 2.1800e-01 1.8000e-02 3.6500e-01 1.2000e-02 5.5000e-02 5.0000e-02
CUB017 3.7700e-01 3.6800e-01 1.4000e-02 5.7800e-01 3.4100e-01 9.3000e-02
CUB019 8.1500e-01 5.9100e-01 2.5300e-01 1.2000e-01 7.2400e-01 9.4600e-01
CUB026 8.8600e-01 5.7700e-01 5.5000e-02 1.1600e-01 7.6200e-01 8.2000e-01
CUB027 4.2000e-01 4.8200e-01 4.3000e-02 6.9800e-01 4.0700e-01 1.8500e-01
CUB028 3.5300e-01 3.8600e-01 5.2000e-02 9.0500e-01 3.1600e-01 1.7100e-01
CUB029 7.7100e-01 9.3200e-01 1.2000e-02 2.0400e-01 7.9200e-01 3.1100e-01
CUB032 4.7800e-01 1.5300e-01 6.9200e-01 4.9000e-02 2.7800e-01 4.0000e-01
CUB033 5.5000e-01 5.7100e-01 3.0000e-03 3.2900e-01 4.4100e-01 9.6000e-02
CUB036 3.3200e-01 2.7300e-01 7.0000e-03 7.2800e-01 2.2700e-01 6.9000e-02
CUB037 4.6100e-01 1.3700e-01 7.2100e-01 4.9000e-02 2.4400e-01 3.2100e-01
CUB038 4.7800e-01 4.9600e-01 7.0000e-02 7.2000e-01 4.1200e-01 2.4200e-01
CUB040 7.6600e-01 5.6000e-01 3.7700e-01 1.1000e-01 6.8700e-01 9.5800e-01
CUB042 2.2000e-01 2.4000e-02 6.0500e-01 6.0000e-03 6.8000e-02 7.5000e-02
CUB044 8.4800e-01 5.7600e-01 1.9400e-01 7.6000e-02 7.3800e-01 9.3500e-01
CUB048 8.4300e-01 5.5200e-01 2.2900e-01 1.0700e-01 7.2600e-01 9.3000e-01
CUB049 3.3900e-01 8.6000e-02 7.7800e-01 2.9000e-02 1.5300e-01 1.8600e-01
CUB050 7.2700e-01 8.5600e-01 1.9000e-02 2.4900e-01 7.1600e-01 2.9900e-01
CUB052 3.2300e-01 7.6000e-02 9.6900e-01 2.3000e-02 1.4800e-01 2.2400e-01
CUB053 6.5900e-01 7.1900e-01 1.2000e-02 2.6300e-01 6.2200e-01 2.4000e-01
CUB056 2.6800e-01 3.2000e-02 5.4000e-01 2.0000e-02 1.0300e-01 9.4000e-02
NAU101 9.4800e-01 6.0400e-01 4.0000e-03 1.0100e-01 8.0800e-01 6.8100e-01
NAU105 2.6600e-01 3.2000e-02 4.7300e-01 2.1000e-02 1.0200e-01 7.8000e-02
NAU106 5.8000e-01 2.7700e-01 3.7000e-01 6.5000e-02 4.0900e-01 6.3300e-01
NAU107 6.6800e-01 6.8100e-01 1.1000e-02 3.3800e-01 5.7300e-01 2.1300e-01
NAU108 4.1600e-01 3.5700e-01 2.3000e-02 7.1500e-01 3.1600e-01 1.3700e-01
NAU109 5.8400e-01 2.6300e-01 5.4500e-01 5.4000e-02 3.8000e-01 5.6100e-01
NAU110 4.7500e-01 1.3900e-01 5.0900e-01 3.8000e-02 2.4800e-01 3.8900e-01
NAU114 1.2800e-01 5.0000e-02 2.0000e-03 8.5300e-01 5.2000e-02 2.0000e-03
NAU117 1.7800e-01 8.4000e-02 1.0000e-03 9.6000e-01 8.1000e-02 9.0000e-03
NAU119 9.6300e-01 7.4700e-01 1.0200e-01 1.6800e-01 9.1300e-01 7.3700e-01
NAU121 2.4600e-01 2.0900e-01 6.0000e-03 7.8000e-01 1.9800e-01 4.7000e-02
NAU123 7.2200e-01 3.6300e-01 9.2000e-02 7.7000e-02 5.8800e-01 9.0400e-01
NAU124            8.6600e-01 3.3300e-01 2.2900e-01 9.6900e-01 7.8700e-01
NAU129 8.4699e-01            6.1000e-02 2.2500e-01 8.7200e-01 4.8500e-01
NAU130 3.2431e-01 6.3735e-02            2.3000e-02 1.4400e-01 1.7600e-01
NAU132 2.2659e-01 2.3678e-01 2.5118e-02            1.8700e-01 7.2000e-02
NAU133 9.5829e-01 8.5325e-01 1.4330e-01 1.8592e-01            6.4500e-01
NAU136 7.7969e-01 4.7949e-01 1.8297e-01 9.4272e-02 6.5075e-01           
NAU137 5.8773e-01 5.8993e-01 3.2479e-03 3.7799e-01 4.9439e-01 1.5364e-01
NAU139 2.9706e-01 7.9581e-02 8.0312e-01 2.5304e-02 1.4497e-01 1.9755e-01
NAU144 2.4348e-01 4.2822e-02 4.9728e-01 2.3152e-02 9.4179e-02 1.0056e-01
NAU146 5.3383e-01 2.5193e-01 6.8522e-01 7.9092e-02 3.6896e-01 5.2122e-01
NAU147 3.4640e-01 9.5611e-02 8.0075e-01 4.3901e-02 1.7448e-01 2.1112e-01
NAU148 9.3347e-01 6.6287e-01 6.9387e-02 1.4313e-01 8.4789e-01 7.3709e-01
NAU149 7.4059e-01 8.5657e-01 7.2200e-02 2.8346e-01 7.2663e-01 4.0509e-01
NAU150 3.2508e-01 5.7952e-02 9.6597e-01 2.4627e-02 1.3880e-01 1.7140e-01
NAU153 5.2913e-01 2.4265e-01 6.1599e-01 6.4694e-02 3.6306e-01 5.3539e-01
NAU154 5.2813e-01 1.9739e-01 3.9381e-01 4.8622e-02 3.3815e-01 5.2848e-01
NAU155 3.6385e-03 3.6136e-04 1.4324e-07 1.7451e-01 3.7799e-04 1.3795e-05
NAU156 6.1895e-01 6.5043e-01 1.3027e-02 3.7999e-01 5.4643e-01 2.1710e-01
NAU157 7.5735e-01 4.2668e-01 1.3360e-01 8.4478e-02 6.1133e-01 9.7094e-01
NAU159 6.6972e-01 7.5100e-01 8.1530e-02 3.8162e-01 6.4084e-01 3.6579e-01
NAU160 7.6477e-01 4.8308e-01 2.6228e-01 1.1138e-01 6.3914e-01 9.4737e-01
NAU164 8.6902e-01 5.9160e-01 1.2698e-01 1.5166e-01 7.6496e-01 8.7539e-01
NCS203 3.9915e-01 1.1093e-01 9.6012e-01 5.0165e-02 2.0956e-01 2.6022e-01
NCS204 5.7109e-01 3.5229e-01 7.0289e-01 7.6767e-02 4.5056e-01 6.4897e-01
NCS212 3.9717e-01 3.7409e-01 7.8954e-03 5.4804e-01 3.0665e-01 1.0363e-01
NCS213 6.0855e-01 6.3400e-01 1.5298e-03 3.0941e-01 5.2078e-01 1.4677e-01
NCS214 2.7669e-01 2.3856e-01 8.7988e-03 8.2176e-01 1.9591e-01 7.0181e-02
NCS233 7.1740e-01 4.3824e-01 3.6387e-01 1.2017e-01 5.8260e-01 8.4153e-01
NCS237 5.9745e-01 2.9691e-01 5.0542e-01 8.9619e-02 4.3219e-01 6.2385e-01
NCS248 8.3197e-01 9.8601e-01 3.3792e-02 2.2831e-01 8.3091e-01 4.2443e-01
NCS253 8.2914e-01 5.2978e-01 1.2851e-01 1.0220e-01 7.1064e-01 9.0822e-01
NCS255 3.8694e-01 3.4758e-01 1.7348e-03 4.6034e-01 2.8148e-01 6.7537e-02
NCS263 3.3671e-01 2.4664e-01 2.2807e-04 5.3224e-01 2.1014e-01 3.2258e-02
           NAU137     NAU139     NAU144     NAU146     NAU147     NAU148
CUB000 2.8700e-01 3.8000e-01 2.8200e-01 7.2400e-01 4.3500e-01 7.1300e-01
CUB003 9.5400e-01 2.9000e-02 1.3000e-02 1.2600e-01 3.6000e-02 3.5300e-01
CUB004 4.0000e-03 6.8700e-01 3.6800e-01 7.3000e-01 6.7400e-01 7.4000e-02
CUB007 1.8800e-01 5.8200e-01 4.7600e-01 9.1900e-01 6.2300e-01 5.4000e-01
CUB008 1.0000e-03 1.3600e-01 1.8100e-01 5.4000e-02 1.2500e-01 2.0000e-03
CUB009 6.0000e-03 8.5300e-01 8.9600e-01 4.8800e-01 8.4000e-01 4.0000e-02
CUB010 2.0000e-03 7.1100e-01 3.8000e-01 7.0200e-01 7.0500e-01 4.9000e-02
CUB011 1.9000e-02 5.4400e-01 3.0600e-01 1.0000e+00 5.4000e-01 2.1900e-01
CUB012 2.7800e-01 2.8800e-01 1.8900e-01 6.5200e-01 3.3200e-01 8.1500e-01
CUB015 2.0000e-03 7.0100e-01 9.2700e-01 3.3400e-01 6.8900e-01 1.1000e-02
CUB017 6.3500e-01 2.7000e-02 8.0000e-03 5.8000e-02 2.7000e-02 1.8600e-01
CUB019 2.9600e-01 2.4700e-01 1.4500e-01 5.6100e-01 2.7900e-01 8.4900e-01
CUB026 1.5000e-01 9.2000e-02 2.2000e-02 3.6500e-01 9.2000e-02 8.6900e-01
CUB027 6.7500e-01 5.8000e-02 4.4000e-02 1.4400e-01 8.6000e-02 2.9500e-01
CUB028 5.4600e-01 5.8000e-02 5.7000e-02 1.5700e-01 9.1000e-02 2.3600e-01
CUB029 5.7200e-01 1.8000e-02 9.0000e-03 1.4600e-01 2.6000e-02 5.2300e-01
CUB032 1.9000e-02 6.0000e-01 3.9100e-01 9.4700e-01 6.3500e-01 2.2500e-01
CUB033 9.9700e-01 6.0000e-03 2.0000e-03 2.9000e-02 5.0000e-03 1.7600e-01
CUB036 4.6700e-01 9.0000e-03 3.0000e-03 5.9000e-02 1.7000e-02 1.1800e-01
CUB037 1.6000e-02 6.4700e-01 3.9600e-01 8.9500e-01 6.5400e-01 1.6700e-01
CUB038 6.9900e-01 7.1000e-02 6.4000e-02 1.8300e-01 1.2500e-01 3.5400e-01
CUB040 2.7700e-01 3.4900e-01 2.4700e-01 6.5500e-01 3.9700e-01 7.6200e-01
CUB042 2.0000e-03 8.6200e-01 8.4100e-01 4.4900e-01 8.6300e-01 2.3000e-02
CUB044 2.4000e-01 2.2700e-01 1.2400e-01 4.9100e-01 2.1500e-01 8.4500e-01
CUB048 2.5000e-01 2.2300e-01 1.1600e-01 5.4800e-01 2.5700e-01 8.3700e-01
CUB049 2.2000e-02 9.5600e-01 8.4600e-01 6.2800e-01 9.6300e-01 1.1800e-01
CUB050 7.4000e-01 3.5000e-02 1.4000e-02 1.6900e-01 5.3000e-02 4.8400e-01
CUB052 8.0000e-03 7.9600e-01 5.3000e-01 7.5400e-01 8.1600e-01 1.0500e-01
CUB053 8.3900e-01 1.4000e-02 8.0000e-03 8.5000e-02 2.3000e-02 3.4600e-01
CUB056 3.0000e-03 8.2800e-01 9.2200e-01 4.3400e-01 8.3700e-01 3.6000e-02
NAU101 1.1000e-01 4.2000e-02 5.0000e-03 2.4200e-01 2.2000e-02 9.9200e-01
NAU105 2.0000e-03 8.3200e-01 9.1700e-01 4.5300e-01 7.9900e-01 1.8000e-02
NAU106 4.2000e-02 3.6500e-01 1.9000e-01 8.1000e-01 3.7100e-01 4.0900e-01
NAU107 8.9800e-01 2.1000e-02 7.0000e-03 9.6000e-02 1.9000e-02 3.1000e-01
NAU108 5.8900e-01 2.8000e-02 2.1000e-02 9.8000e-02 4.8000e-02 2.1700e-01
NAU109 6.8000e-02 4.8200e-01 3.0800e-01 9.1400e-01 5.0000e-01 3.7400e-01
NAU110 7.0000e-03 4.9900e-01 2.3600e-01 9.9300e-01 4.4800e-01 1.9400e-01
NAU114 8.4000e-02 2.0000e-03 1.0000e-03 1.0000e-03 2.0000e-03 5.0000e-03
NAU117 1.5200e-01 1.0000e-03 1.0000e-03 9.0000e-03 3.0000e-03 1.1000e-02
NAU119 3.6600e-01 1.4800e-01 6.2000e-02 3.7100e-01 1.5000e-01 9.4800e-01
NAU121 4.0300e-01 8.0000e-03 4.0000e-03 3.4000e-02 1.7000e-02 8.9000e-02
NAU123 6.5000e-02 1.7800e-01 4.2000e-02 5.2900e-01 1.5400e-01 6.1400e-01
NAU124 6.0200e-01 2.9100e-01 2.3300e-01 5.5300e-01 3.5800e-01 9.4800e-01
NAU129 6.3400e-01 7.5000e-02 3.3000e-02 2.5600e-01 9.9000e-02 6.8100e-01
NAU130 5.0000e-03 7.9100e-01 5.1400e-01 6.9100e-01 8.1800e-01 6.4000e-02
NAU132 3.9700e-01 2.5000e-02 1.5000e-02 8.1000e-02 4.8000e-02 1.5500e-01
NAU133 5.1100e-01 1.4500e-01 7.8000e-02 3.7500e-01 1.7100e-01 8.5800e-01
NAU136 1.5100e-01 2.0200e-01 8.7000e-02 5.2500e-01 2.1600e-01 7.6300e-01
NAU137            1.2000e-02 2.0000e-03 7.1000e-02 8.0000e-03 2.4400e-01
NAU139 1.2356e-02            7.8800e-01 6.1100e-01 9.9500e-01 1.0700e-01
NAU144 3.2070e-03 7.7538e-01            4.4800e-01 7.7200e-01 3.3000e-02
NAU146 7.0987e-02 6.1219e-01 4.2873e-01            6.1000e-01 3.5200e-01
NAU147 1.2883e-02 9.9430e-01 7.6382e-01 6.2537e-01            9.6000e-02
NAU148 2.3413e-01 1.0421e-01 4.0632e-02 3.4641e-01 1.0705e-01           
NAU149 7.8183e-01 7.7559e-02 5.0522e-02 2.3058e-01 1.0151e-01 5.6150e-01
NAU150 1.9731e-03 7.7168e-01 4.4109e-01 6.8849e-01 7.6280e-01 5.7592e-02
NAU153 6.3312e-02 5.4956e-01 3.6811e-01 9.5702e-01 5.6453e-01 3.4922e-01
NAU154 2.5528e-02 3.8445e-01 1.8785e-01 8.5318e-01 3.8045e-01 2.9306e-01
NAU155 3.6862e-04 1.2370e-06 4.6631e-07 2.9764e-05 3.7543e-06 2.5269e-05
NAU156 9.6635e-01 2.5819e-02 1.0715e-02 1.1217e-01 3.1194e-02 3.2252e-01
NAU157 9.9980e-02 1.6699e-01 6.7922e-02 4.9912e-01 1.6847e-01 6.7712e-01
NAU159 9.3903e-01 8.5652e-02 6.1635e-02 2.3007e-01 1.1399e-01 4.9804e-01
NAU160 1.7806e-01 2.6628e-01 1.5569e-01 5.9917e-01 2.8506e-01 7.1143e-01
NAU164 2.0818e-01 1.6778e-01 7.6141e-02 4.5543e-01 1.7138e-01 8.6940e-01
NCS203 1.0685e-02 8.0143e-01 5.3083e-01 7.4914e-01 7.9928e-01 1.2202e-01
NCS204 1.6951e-01 6.2295e-01 4.9631e-01 9.4748e-01 6.5343e-01 4.9978e-01
NCS212 6.2947e-01 1.2728e-02 6.8275e-03 6.1069e-02 1.9059e-02 1.6417e-01
NCS213 8.7497e-01 8.1532e-03 1.5345e-03 5.8052e-02 7.7177e-03 2.3369e-01
NCS214 3.8979e-01 1.2392e-02 8.4830e-03 5.2181e-02 2.0677e-02 1.0983e-01
NCS233 1.6206e-01 3.5767e-01 2.2530e-01 7.0622e-01 3.7584e-01 6.2443e-01
NCS237 7.9199e-02 4.7539e-01 2.9905e-01 8.7170e-01 4.8505e-01 4.1671e-01
NCS248 5.5502e-01 5.3192e-02 2.2686e-02 2.0249e-01 6.0907e-02 6.0996e-01
NCS253 1.6903e-01 1.5228e-01 6.9899e-02 4.4797e-01 1.6170e-01 8.1880e-01
NCS255 6.4145e-01 4.5529e-03 1.5803e-03 3.2718e-02 6.2769e-03 1.1447e-01
NCS263 4.5230e-01 1.6333e-03 3.1421e-04 1.5564e-02 1.7982e-03 5.1667e-02
           NAU149     NAU150     NAU153     NAU154     NAU155     NAU156
CUB000 4.5600e-01 4.5800e-01 7.2100e-01 7.6300e-01 1.0000e-03 3.1900e-01
CUB003 8.3800e-01 2.1000e-02 1.1700e-01 7.6000e-02 1.0000e-03 9.8900e-01
CUB004 6.8000e-02 8.6800e-01 6.9200e-01 4.4500e-01 1.0000e-03 1.2000e-02
CUB007 3.0600e-01 6.9200e-01 9.3900e-01 9.9700e-01 2.0000e-03 2.1700e-01
CUB008 5.0000e-03 8.0000e-03 5.0000e-02 6.0000e-03 1.0000e-03 1.0000e-03
CUB009 5.4000e-02 5.7500e-01 4.2400e-01 2.3300e-01 1.0000e-03 6.0000e-03
CUB010 5.7000e-02 9.1400e-01 6.7500e-01 4.0100e-01 1.0000e-03 4.0000e-03
CUB011 1.8800e-01 5.7400e-01 9.5200e-01 8.4000e-01 1.0000e-03 4.6000e-02
CUB012 4.8300e-01 3.0100e-01 6.2600e-01 6.4300e-01 1.0000e-03 3.1200e-01
CUB015 2.9000e-02 3.1400e-01 2.9200e-01 7.9000e-02 1.0000e-03 3.0000e-03
CUB017 5.1300e-01 1.5000e-02 6.9000e-02 3.0000e-02 1.1000e-02 6.5000e-01
CUB019 4.9800e-01 2.7000e-01 5.8100e-01 5.5000e-01 1.0000e-03 3.2200e-01
CUB026 5.0100e-01 3.8000e-02 3.6900e-01 2.8000e-01 1.0000e-03 2.4700e-01
CUB027 5.5900e-01 6.0000e-02 1.2600e-01 1.0100e-01 4.3000e-02 6.9500e-01
CUB028 4.4600e-01 6.6000e-02 1.2300e-01 9.5000e-02 1.5400e-01 5.2600e-01
CUB029 9.0100e-01 9.0000e-03 1.3600e-01 7.9000e-02 1.0000e-03 6.6500e-01
CUB032 1.6500e-01 6.8400e-01 8.8400e-01 7.2900e-01 1.0000e-03 3.5000e-02
CUB033 7.5500e-01 1.0000e-03 3.0000e-02 1.4000e-02 1.0000e-03 9.6800e-01
CUB036 3.8600e-01 7.0000e-03 3.8000e-02 1.9000e-02 2.2000e-02 4.5100e-01
CUB037 1.3400e-01 7.4200e-01 8.4600e-01 6.7200e-01 1.0000e-03 3.0000e-02
CUB038 5.8700e-01 9.0000e-02 1.6100e-01 1.2900e-01 7.9000e-02 7.1200e-01
CUB040 4.6300e-01 3.8400e-01 6.9500e-01 6.8100e-01 1.0000e-03 3.0600e-01
CUB042 3.9000e-02 5.3700e-01 3.7600e-01 1.6600e-01 1.0000e-03 5.0000e-03
CUB044 4.6700e-01 2.1400e-01 5.1700e-01 5.1400e-01 1.0000e-03 2.6900e-01
CUB048 4.7600e-01 2.1200e-01 5.1900e-01 5.4100e-01 1.0000e-03 2.9700e-01
CUB049 8.1000e-02 7.3400e-01 5.5300e-01 3.7000e-01 1.0000e-03 2.7000e-02
CUB050 9.9400e-01 2.0000e-02 1.3300e-01 9.3000e-02 1.0000e-03 7.8100e-01
CUB052 7.8000e-02 9.8900e-01 6.6600e-01 4.9700e-01 1.0000e-03 2.2000e-02
CUB053 9.1300e-01 1.2000e-02 8.6000e-02 4.5000e-02 1.0000e-03 8.6700e-01
CUB056 4.5000e-02 4.8100e-01 4.0800e-01 1.6700e-01 1.0000e-03 6.0000e-03
NAU101 5.2800e-01 6.0000e-03 2.4600e-01 1.2500e-01 1.0000e-03 2.1400e-01
NAU105 5.4000e-02 3.2700e-01 3.7300e-01 1.3000e-01 1.0000e-03 5.0000e-03
NAU106 2.5300e-01 3.8100e-01 8.2500e-01 9.0700e-01 1.0000e-03 8.4000e-02
NAU107 8.6300e-01 5.0000e-03 8.8000e-02 4.2000e-02 1.0000e-03 9.5400e-01
NAU108 4.9200e-01 2.9000e-02 9.0000e-02 5.7000e-02 3.2000e-02 6.0200e-01
NAU109 2.3100e-01 5.6200e-01 9.2500e-01 9.6300e-01 1.0000e-03 8.9000e-02
NAU110 1.2700e-01 4.8800e-01 9.4800e-01 7.8500e-01 1.0000e-03 2.9000e-02
NAU114 1.2100e-01 1.0000e-03 2.0000e-03 1.0000e-03 2.0000e-03 1.2100e-01
NAU117 1.5900e-01 1.0000e-03 3.0000e-03 1.0000e-03 1.6000e-02 1.8200e-01
NAU119 6.5400e-01 1.0500e-01 3.9200e-01 3.3300e-01 1.0000e-03 4.4900e-01
NAU121 3.3200e-01 6.0000e-03 3.3000e-02 1.0000e-02 1.8000e-02 4.1800e-01
NAU123 3.4500e-01 9.0000e-02 5.4600e-01 5.2300e-01 1.0000e-03 1.1400e-01
NAU124 7.5200e-01 3.3900e-01 5.6600e-01 5.3300e-01 4.0000e-03 6.3700e-01
NAU129 8.5800e-01 5.4000e-02 2.3900e-01 2.1000e-01 1.0000e-03 6.8400e-01
NAU130 6.9000e-02 9.6100e-01 6.2100e-01 3.7200e-01 1.0000e-03 9.0000e-03
NAU132 3.1100e-01 2.1000e-02 6.1000e-02 4.7000e-02 1.7100e-01 3.8800e-01
NAU133 7.4600e-01 1.6200e-01 3.6100e-01 3.3200e-01 2.0000e-03 5.4700e-01
NAU136 4.0200e-01 1.6800e-01 5.0800e-01 5.1900e-01 1.0000e-03 2.2800e-01
NAU137 7.9500e-01 2.0000e-03 5.9000e-02 2.2000e-02 1.0000e-03 9.6900e-01
NAU139 9.3000e-02 7.7500e-01 5.6900e-01 3.5900e-01 1.0000e-03 2.7000e-02
NAU144 4.9000e-02 4.3900e-01 3.6900e-01 1.7700e-01 1.0000e-03 1.0000e-02
NAU146 2.3700e-01 7.2200e-01 9.6500e-01 8.7600e-01 1.0000e-03 1.1700e-01
NAU147 1.0900e-01 7.6600e-01 5.9900e-01 4.0300e-01 1.0000e-03 2.6000e-02
NAU148 5.4300e-01 6.0000e-02 3.5200e-01 2.7700e-01 1.0000e-03 3.3300e-01
NAU149            7.4000e-02 2.1300e-01 1.9500e-01 2.0000e-03 8.2500e-01
NAU150 6.8944e-02            6.1200e-01 3.5700e-01 1.0000e-03 1.0000e-02
NAU153 2.1765e-01 6.1737e-01            8.8500e-01 1.0000e-03 9.2000e-02
NAU154 1.8446e-01 3.7632e-01 9.0040e-01            1.0000e-03 4.8000e-02
NAU155 1.2585e-03 8.0532e-08 1.2980e-05 9.8750e-07            1.0000e-03
NAU156 8.2047e-01 1.0264e-02 1.0150e-01 5.8365e-02 9.1462e-04           
NAU157 3.6572e-01 1.1724e-01 5.1678e-01 4.9867e-01 4.2418e-06 1.6560e-01
NAU159 8.7955e-01 7.8681e-02 2.1428e-01 1.8157e-01 5.2347e-03 9.6494e-01
NAU160 4.1405e-01 2.5213e-01 6.1490e-01 6.2151e-01 4.4396e-05 2.3956e-01
NAU164 5.1284e-01 1.1052e-01 4.6316e-01 4.2066e-01 5.1070e-05 2.9246e-01
NCS203 1.2049e-01 9.8506e-01 6.8749e-01 4.8722e-01 2.2381e-06 3.1669e-02
NCS204 2.9371e-01 7.1040e-01 9.7951e-01 9.5098e-01 1.4892e-04 2.0322e-01
NCS212 5.1156e-01 6.7714e-03 5.1414e-02 2.9109e-02 4.8965e-03 6.3398e-01
NCS213 8.4217e-01 7.9237e-04 5.2212e-02 1.8247e-02 8.4654e-05 9.3328e-01
NCS214 3.2591e-01 7.9160e-03 4.1930e-02 2.4399e-02 4.3017e-02 4.0521e-01
NCS233 3.8443e-01 3.5434e-01 7.2766e-01 7.5442e-01 7.8472e-05 2.2188e-01
NCS237 2.7078e-01 4.9774e-01 9.0847e-01 9.8534e-01 2.5238e-05 1.2849e-01
NCS248 8.6011e-01 2.8315e-02 1.9433e-01 1.4093e-01 1.5302e-04 6.2911e-01
NCS253 4.4605e-01 1.1641e-01 4.5794e-01 4.3229e-01 1.2266e-05 2.3955e-01
NCS255 5.1558e-01 1.2693e-03 2.7070e-02 1.1148e-02 7.7205e-04 6.4881e-01
NCS263 4.1769e-01 1.1446e-04 1.2379e-02 2.7200e-03 6.3464e-04 4.9602e-01
           NAU157     NAU159     NAU160     NAU164     NCS203     NCS204
CUB000 9.2500e-01 4.0300e-01 9.4500e-01 8.2300e-01 5.2400e-01 7.5900e-01
CUB003 2.1700e-01 9.6800e-01 2.5600e-01 3.0900e-01 3.5000e-02 1.8900e-01
CUB004 1.6200e-01 6.8000e-02 2.8100e-01 1.2200e-01 9.0000e-01 7.8800e-01
CUB007 6.8100e-01 3.0900e-01 7.4300e-01 6.1300e-01 7.3400e-01 9.6700e-01
CUB008 2.0000e-03 1.0000e-02 7.0000e-03 4.0000e-03 3.9000e-02 1.3000e-01
CUB009 8.3000e-02 5.0000e-02 1.8500e-01 7.1000e-02 6.1300e-01 5.2600e-01
CUB010 1.2100e-01 6.8000e-02 2.4500e-01 9.6000e-02 9.6600e-01 7.4300e-01
CUB011 4.0700e-01 1.8500e-01 5.2900e-01 3.2700e-01 6.8100e-01 9.5000e-01
CUB012 9.6900e-01 4.2900e-01 9.5900e-01 9.2100e-01 3.7600e-01 6.8700e-01
CUB015 2.7000e-02 3.8000e-02 9.6000e-02 2.5000e-02 4.1900e-01 4.5100e-01
CUB017 1.0100e-01 6.4400e-01 1.3700e-01 1.7600e-01 2.4000e-02 1.1100e-01
CUB019 9.2000e-01 4.5900e-01 9.0900e-01 9.4300e-01 3.5200e-01 6.6600e-01
CUB026 7.5400e-01 4.3700e-01 7.5800e-01 9.4700e-01 9.7000e-02 5.4000e-01
CUB027 1.7900e-01 6.7100e-01 2.2200e-01 2.7300e-01 7.1000e-02 1.8300e-01
CUB028 1.9400e-01 5.4500e-01 1.9400e-01 2.6100e-01 9.2000e-02 1.4100e-01
CUB029 2.9800e-01 7.5900e-01 3.6000e-01 4.3300e-01 2.7000e-02 2.7900e-01
CUB032 3.5500e-01 1.8600e-01 4.8900e-01 3.3900e-01 7.5000e-01 8.9900e-01
CUB033 6.5000e-02 9.2700e-01 1.2000e-01 1.5500e-01 6.0000e-03 1.4200e-01
CUB036 6.0000e-02 5.3600e-01 1.0400e-01 1.2600e-01 2.1000e-02 6.9000e-02
CUB037 3.0100e-01 1.5600e-01 4.6500e-01 2.4500e-01 8.0800e-01 8.6800e-01
CUB038 2.4700e-01 7.0400e-01 2.7200e-01 3.4200e-01 1.3500e-01 1.9000e-01
CUB040 9.6700e-01 4.1500e-01 9.9900e-01 8.5700e-01 4.4800e-01 7.4500e-01
CUB042 6.5000e-02 4.5000e-02 1.5000e-01 5.1000e-02 5.7700e-01 5.3900e-01
CUB044 9.0400e-01 4.5000e-01 8.8000e-01 9.4700e-01 2.8600e-01 6.2600e-01
CUB048 8.9900e-01 4.3700e-01 8.8500e-01 9.6200e-01 2.9500e-01 6.3000e-01
CUB049 1.8600e-01 1.0200e-01 2.6800e-01 1.5000e-01 7.9000e-01 6.1100e-01
CUB050 2.8500e-01 8.8100e-01 3.5700e-01 4.4800e-01 5.3000e-02 2.5100e-01
CUB052 2.1300e-01 9.6000e-02 3.3200e-01 1.9000e-01 9.9900e-01 7.4000e-01
CUB053 1.8900e-01 9.4400e-01 2.5400e-01 2.8700e-01 2.6000e-02 1.9100e-01
CUB056 7.5000e-02 6.1000e-02 1.7200e-01 7.2000e-02 5.8900e-01 5.5600e-01
NAU101 5.8800e-01 4.5200e-01 6.4100e-01 8.3700e-01 1.6000e-02 4.2900e-01
NAU105 3.9000e-02 6.8000e-02 1.2200e-01 4.1000e-02 4.9400e-01 5.6900e-01
NAU106 6.6200e-01 2.3800e-01 7.1500e-01 5.4000e-01 4.8900e-01 8.9600e-01
NAU107 1.6700e-01 9.9800e-01 2.5100e-01 2.6200e-01 1.5000e-02 1.9700e-01
NAU108 1.3500e-01 6.0800e-01 1.6100e-01 1.9900e-01 5.0000e-02 1.4000e-01
NAU109 5.9600e-01 2.2000e-01 6.6200e-01 4.8200e-01 6.4900e-01 9.7400e-01
NAU110 3.5400e-01 1.3800e-01 4.8300e-01 2.8900e-01 6.2800e-01 9.3300e-01
NAU114 2.0000e-03 2.6100e-01 6.0000e-03 3.0000e-03 1.0000e-03 1.5000e-02
NAU117 4.0000e-03 2.8200e-01 1.3000e-02 1.1000e-02 1.0000e-03 1.6000e-02
NAU119 6.8600e-01 5.9400e-01 6.8500e-01 8.3900e-01 1.8900e-01 5.1800e-01
NAU121 4.2000e-02 4.6900e-01 7.0000e-02 8.1000e-02 7.0000e-03 6.2000e-02
NAU123 9.1800e-01 3.1700e-01 9.6900e-01 7.6300e-01 1.8700e-01 7.0600e-01
NAU124 7.5900e-01 6.6300e-01 8.0800e-01 8.8100e-01 3.9200e-01 6.1200e-01
NAU129 4.3800e-01 7.5700e-01 5.0500e-01 6.1800e-01 1.0800e-01 3.5400e-01
NAU130 1.4000e-01 8.3000e-02 2.6600e-01 1.2600e-01 9.5800e-01 7.0400e-01
NAU132 9.2000e-02 3.9400e-01 1.0000e-01 1.4000e-01 4.9000e-02 8.3000e-02
NAU133 6.4900e-01 6.6300e-01 6.7000e-01 7.6300e-01 2.1600e-01 4.4700e-01
NAU136 9.7300e-01 3.7900e-01 9.5400e-01 8.8400e-01 2.5800e-01 6.4000e-01
NAU137 1.1900e-01 9.4000e-01 1.9500e-01 2.0700e-01 7.0000e-03 1.8800e-01
NAU139 1.6800e-01 8.0000e-02 2.6300e-01 1.6000e-01 8.0100e-01 6.6400e-01
NAU144 7.2000e-02 6.3000e-02 1.5800e-01 6.3000e-02 5.2800e-01 5.0000e-01
NAU146 5.2500e-01 2.3500e-01 6.0600e-01 4.8600e-01 7.8200e-01 9.5000e-01
NAU147 1.6500e-01 1.2700e-01 2.9400e-01 1.7300e-01 7.9700e-01 6.7100e-01
NAU148 6.6500e-01 5.2700e-01 7.0600e-01 8.7700e-01 1.0600e-01 5.3900e-01
NAU149 4.0500e-01 8.8800e-01 4.5900e-01 5.1100e-01 1.1300e-01 3.3200e-01
NAU150 1.2500e-01 7.8000e-02 2.5100e-01 1.0000e-01 9.8500e-01 7.1800e-01
NAU153 5.2600e-01 2.3900e-01 6.4100e-01 4.7900e-01 6.9600e-01 9.7600e-01
NAU154 5.2800e-01 1.8500e-01 6.2800e-01 4.0700e-01 5.2700e-01 9.6200e-01
NAU155 1.0000e-03 6.0000e-03 1.0000e-03 1.0000e-03 1.0000e-03 1.0000e-03
NAU156 1.6000e-01 9.6400e-01 2.5000e-01 3.0300e-01 2.8000e-02 2.0700e-01
NAU157            3.4800e-01 9.7500e-01 8.2500e-01 2.3200e-01 6.7600e-01
NAU159 3.3204e-01            4.1100e-01 4.7300e-01 1.4600e-01 3.0900e-01
NAU160 9.6852e-01 3.7983e-01            8.2900e-01 3.5000e-01 7.1700e-01
NAU164 8.3160e-01 4.6598e-01 8.3830e-01            1.8500e-01 6.0800e-01
NCS203 2.0562e-01 1.3240e-01 3.4527e-01 1.9690e-01            7.7400e-01
NCS204 6.5057e-01 2.7833e-01 7.0984e-01 6.0094e-01 7.5703e-01           
NCS212 7.8304e-02 6.6516e-01 1.2271e-01 1.5870e-01 2.0515e-02 1.0309e-01
NCS213 9.0095e-02 9.9437e-01 1.6983e-01 2.0015e-01 5.8654e-03 1.5911e-01
NCS214 5.4743e-02 4.5134e-01 8.7213e-02 1.1454e-01 2.2243e-02 7.4752e-02
NCS233 8.5038e-01 3.6128e-01 9.0050e-01 7.4624e-01 4.4873e-01 8.0307e-01
NCS237 6.0767e-01 2.6467e-01 7.0105e-01 5.3769e-01 5.8722e-01 9.5006e-01
NCS248 3.6096e-01 7.4836e-01 4.3177e-01 5.3431e-01 6.7730e-02 3.2047e-01
NCS253 8.6836e-01 3.9863e-01 8.6317e-01 9.5907e-01 1.9719e-01 5.8708e-01
NCS255 4.3482e-02 6.8947e-01 8.3941e-02 1.0706e-01 6.0891e-03 7.7780e-02
NCS263 1.5212e-02 5.9408e-01 4.5479e-02 4.9486e-02 1.2136e-03 5.8160e-02
           NCS212     NCS213     NCS214     NCS233     NCS237     NCS248
CUB000 1.6500e-01 3.0300e-01 1.0400e-01 9.6700e-01 8.1500e-01 4.8800e-01
CUB003 6.4300e-01 9.6400e-01 3.7500e-01 2.4200e-01 1.4800e-01 6.6400e-01
CUB004 9.0000e-03 1.0000e-03 4.0000e-03 4.0000e-01 5.7300e-01 1.9000e-02
CUB007 1.1200e-01 1.9500e-01 8.1000e-02 8.4600e-01 9.9000e-01 3.4300e-01
CUB008 1.0000e-03 1.0000e-03 1.0000e-03 1.9000e-02 2.9000e-02 1.0000e-03
CUB009 4.0000e-03 2.0000e-03 4.0000e-03 2.5700e-01 3.2500e-01 2.5000e-02
CUB010 5.0000e-03 1.0000e-03 3.0000e-03 3.6500e-01 5.1500e-01 2.1000e-02
CUB011 2.2000e-02 1.1000e-02 2.2000e-02 6.5200e-01 8.4500e-01 1.2500e-01
CUB012 1.5400e-01 2.7700e-01 1.0300e-01 8.6700e-01 6.6400e-01 5.2300e-01
CUB015 3.0000e-03 1.0000e-03 4.0000e-03 1.5000e-01 2.1000e-01 1.0000e-02
CUB017 9.6200e-01 5.4600e-01 7.2100e-01 1.4200e-01 8.1000e-02 3.7700e-01
CUB019 1.5100e-01 2.9200e-01 1.0700e-01 8.2300e-01 6.5700e-01 5.5000e-01
CUB026 1.1200e-01 1.3300e-01 7.6000e-02 6.7700e-01 4.2000e-01 5.1700e-01
CUB027 9.5800e-01 6.2500e-01 7.7100e-01 2.2500e-01 1.6500e-01 4.4400e-01
CUB028 7.1600e-01 4.9000e-01 9.5400e-01 2.0600e-01 1.8100e-01 3.6900e-01
CUB029 3.0900e-01 6.0800e-01 1.9600e-01 2.8600e-01 1.7300e-01 9.4400e-01
CUB032 2.9000e-02 2.1000e-02 3.4000e-02 6.1000e-01 7.9800e-01 1.0000e-01
CUB033 5.9400e-01 8.7800e-01 3.4300e-01 1.2000e-01 4.3000e-02 5.3300e-01
CUB036 7.3100e-01 3.7800e-01 9.1500e-01 8.6000e-02 5.5000e-02 2.5500e-01
CUB037 1.9000e-02 1.4000e-02 1.4000e-02 5.7100e-01 7.3300e-01 7.9000e-02
CUB038 8.8600e-01 6.3600e-01 8.4700e-01 2.7800e-01 2.1500e-01 4.9600e-01
CUB040 1.5400e-01 2.6900e-01 1.1100e-01 9.1000e-01 7.3600e-01 5.1800e-01
CUB042 2.0000e-03 1.0000e-03 4.0000e-03 2.1400e-01 3.1300e-01 7.0000e-03
CUB044 1.2900e-01 2.5500e-01 7.9000e-02 8.0000e-01 6.0800e-01 5.2400e-01
CUB048 1.3200e-01 2.4300e-01 8.3000e-02 7.8700e-01 5.9500e-01 5.2800e-01
CUB049 1.8000e-02 5.0000e-03 8.0000e-03 3.7700e-01 4.5600e-01 5.6000e-02
CUB050 4.4600e-01 8.0500e-01 2.6800e-01 3.2900e-01 1.8700e-01 8.4900e-01
CUB052 4.0000e-03 6.0000e-03 6.0000e-03 4.2300e-01 5.8200e-01 6.0000e-02
CUB053 4.9700e-01 9.1800e-01 2.8000e-01 2.2900e-01 1.1600e-01 7.2300e-01
CUB056 1.0000e-02 4.0000e-03 7.0000e-03 2.2800e-01 3.2800e-01 1.1000e-02
NAU101 9.0000e-02 1.0100e-01 6.2000e-02 5.4700e-01 3.1100e-01 5.3100e-01
NAU105 8.0000e-03 1.0000e-03 1.0000e-02 2.0000e-01 3.0400e-01 2.0000e-02
NAU106 3.5000e-02 3.9000e-02 3.3000e-02 8.4400e-01 9.3100e-01 2.1700e-01
NAU107 5.6900e-01 9.9700e-01 3.6100e-01 1.9900e-01 9.6000e-02 6.6500e-01
NAU108 8.7400e-01 5.2900e-01 8.4000e-01 1.5600e-01 1.1700e-01 3.5500e-01
NAU109 4.3000e-02 5.7000e-02 2.2000e-02 7.6000e-01 9.6600e-01 2.1700e-01
NAU110 1.0000e-02 5.0000e-03 1.2000e-02 6.3400e-01 8.2900e-01 1.0300e-01
NAU114 4.1500e-01 3.9000e-02 8.9500e-01 1.0000e-03 2.0000e-03 2.9000e-02
NAU117 4.1800e-01 9.4000e-02 8.2500e-01 1.6000e-02 3.0000e-03 6.5000e-02
NAU119 2.2700e-01 3.8500e-01 1.4900e-01 6.4300e-01 4.8000e-01 7.2000e-01
NAU121 7.0600e-01 3.2100e-01 9.4700e-01 7.6000e-02 4.0000e-02 2.0300e-01
NAU123 5.0000e-02 4.7000e-02 4.8000e-02 9.1100e-01 6.3800e-01 2.9100e-01
NAU124 4.0200e-01 6.3200e-01 3.0400e-01 7.4400e-01 6.0900e-01 8.4600e-01
NAU129 3.8400e-01 6.4700e-01 2.4700e-01 4.6000e-01 3.1000e-01 9.9500e-01
NAU130 7.0000e-03 3.0000e-03 8.0000e-03 3.9700e-01 5.2600e-01 2.5000e-02
NAU132 5.5000e-01 3.3900e-01 8.3200e-01 1.0500e-01 8.9000e-02 2.2900e-01
NAU133 3.1700e-01 5.5100e-01 2.1200e-01 6.0100e-01 4.3600e-01 8.3000e-01
NAU136 9.7000e-02 1.3900e-01 6.1000e-02 8.4800e-01 6.6400e-01 4.4400e-01
NAU137 6.5100e-01 8.7900e-01 3.9800e-01 1.7300e-01 7.9000e-02 5.8400e-01
NAU139 1.0000e-02 8.0000e-03 9.0000e-03 3.8200e-01 4.8700e-01 4.8000e-02
NAU144 1.0000e-03 3.0000e-03 5.0000e-03 2.2300e-01 2.7500e-01 1.9000e-02
NAU146 5.4000e-02 6.0000e-02 5.3000e-02 7.1900e-01 8.7300e-01 2.1500e-01
NAU147 1.5000e-02 3.0000e-03 1.5000e-02 3.8100e-01 5.1700e-01 5.7000e-02
NAU148 1.5500e-01 2.3800e-01 9.3000e-02 6.6500e-01 4.3500e-01 6.1600e-01
NAU149 5.2100e-01 8.6800e-01 3.4500e-01 4.3400e-01 2.9700e-01 8.8700e-01
NAU150 7.0000e-03 1.0000e-03 8.0000e-03 3.7100e-01 5.0000e-01 2.5000e-02
NAU153 5.1000e-02 5.4000e-02 4.1000e-02 7.3300e-01 9.1600e-01 2.0800e-01
NAU154 2.3000e-02 2.1000e-02 2.7000e-02 7.7200e-01 9.8400e-01 1.1900e-01
NAU155 2.0000e-03 1.0000e-03 3.8000e-02 1.0000e-03 1.0000e-03 1.0000e-03
NAU156 6.3600e-01 9.3800e-01 4.3600e-01 2.2600e-01 1.2100e-01 6.4100e-01
NAU157 7.8000e-02 1.0200e-01 6.6000e-02 8.6000e-01 6.2500e-01 3.7500e-01
NAU159 6.7700e-01 9.9400e-01 5.0200e-01 4.0000e-01 2.6300e-01 7.3400e-01
NAU160 1.3200e-01 1.8100e-01 9.1000e-02 9.0600e-01 7.1500e-01 4.4200e-01
NAU164 1.3600e-01 2.0200e-01 1.0100e-01 7.5800e-01 5.3000e-01 5.3900e-01
NCS203 1.5000e-02 8.0000e-03 2.0000e-02 4.5200e-01 5.9000e-01 6.7000e-02
NCS204 9.7000e-02 1.9300e-01 6.5000e-02 8.1200e-01 9.5300e-01 3.3800e-01
NCS212            5.4100e-01 6.9000e-01 1.1900e-01 6.6000e-02 3.7400e-01
NCS213 5.2024e-01            3.4200e-01 1.4600e-01 6.6000e-02 6.2700e-01
NCS214 6.6243e-01 3.0387e-01            8.3000e-02 5.7000e-02 2.5500e-01
NCS233 1.2070e-01 1.4976e-01 9.2023e-02            8.1800e-01 4.0900e-01
NCS237 7.0268e-02 6.5644e-02 5.8497e-02 8.1230e-01            2.4000e-01
NCS248 3.4728e-01 6.0204e-01 2.1689e-01 3.8566e-01 2.4051e-01           
NCS253 1.1428e-01 1.6388e-01 7.5945e-02 7.6098e-01 5.4119e-01 4.7354e-01
NCS255 9.0661e-01 5.0934e-01 5.4720e-01 7.9934e-02 3.7700e-02 3.1184e-01
NCS263 9.6849e-01 3.1045e-01 6.2773e-01 4.3628e-02 1.6316e-02 1.9845e-01
           NCS253     NCS255 NCS263
CUB000 8.6100e-01 1.3800e-01  0.107
CUB003 2.6700e-01 6.7000e-01  0.560
CUB004 1.3000e-01 1.0000e-03  0.002
CUB007 6.1400e-01 8.5000e-02  0.059
CUB008 3.0000e-03 1.0000e-03  0.001
CUB009 9.0000e-02 1.0000e-03  0.001
CUB010 1.2300e-01 1.0000e-03  0.001
CUB011 3.6700e-01 8.0000e-03  0.002
CUB012 9.2700e-01 1.3600e-01  0.085
CUB015 2.5000e-02 2.0000e-03  0.001
CUB017 1.4900e-01 8.5200e-01  0.983
CUB019 9.7800e-01 1.3100e-01  0.077
CUB026 8.9300e-01 5.8000e-02  0.018
CUB027 2.1600e-01 8.7500e-01  0.948
CUB028 1.7600e-01 6.2800e-01  0.705
CUB029 3.8400e-01 3.1400e-01  0.158
CUB032 3.1700e-01 9.0000e-03  0.004
CUB033 1.1600e-01 6.2000e-01  0.394
CUB036 6.9000e-02 6.5900e-01  0.733
CUB037 2.8900e-01 3.0000e-03  0.001
CUB038 2.6800e-01 8.4500e-01  0.911
CUB040 8.8900e-01 1.2800e-01  0.075
CUB042 5.4000e-02 2.0000e-03  0.001
CUB044 9.8000e-01 1.0900e-01  0.056
CUB048 9.9200e-01 1.1900e-01  0.061
CUB049 1.5100e-01 4.0000e-03  0.002
CUB050 3.4000e-01 4.4200e-01  0.285
CUB052 1.8500e-01 3.0000e-03  0.002
CUB053 2.5900e-01 5.0400e-01  0.342
CUB056 6.6000e-02 1.0000e-03  0.001
NAU101 7.6100e-01 4.9000e-02  0.005
NAU105 5.1000e-02 1.0000e-03  0.001
NAU106 5.3300e-01 1.8000e-02  0.003
NAU107 2.3500e-01 5.8300e-01  0.421
NAU108 1.5000e-01 7.6200e-01  0.863
NAU109 5.0400e-01 2.6000e-02  0.005
NAU110 2.8800e-01 5.0000e-03  0.002
NAU114 3.0000e-03 2.2600e-01  0.277
NAU117 1.3000e-02 2.5300e-01  0.294
NAU119 8.0200e-01 1.9200e-01  0.106
NAU121 4.9000e-02 5.6200e-01  0.663
NAU123 8.1300e-01 2.7000e-02  0.004
NAU124 8.4400e-01 4.1900e-01  0.342
NAU129 5.4200e-01 3.5200e-01  0.261
NAU130 1.0700e-01 2.0000e-03  0.002
NAU132 8.7000e-02 4.8400e-01  0.542
NAU133 7.0700e-01 3.1200e-01  0.210
NAU136 9.1000e-01 6.5000e-02  0.018
NAU137 1.8300e-01 6.6300e-01  0.472
NAU139 1.4800e-01 5.0000e-03  0.001
NAU144 6.2000e-02 2.0000e-03  0.001
NAU146 4.6600e-01 3.9000e-02  0.014
NAU147 1.4500e-01 9.0000e-03  0.002
NAU148 8.3500e-01 1.0700e-01  0.034
NAU149 4.3800e-01 5.3300e-01  0.437
NAU150 1.2100e-01 2.0000e-03  0.001
NAU153 4.6300e-01 3.0000e-02  0.011
NAU154 4.2100e-01 7.0000e-03  0.003
NAU155 1.0000e-03 2.0000e-03  0.001
NAU156 2.3500e-01 6.6600e-01  0.505
NAU157 8.7100e-01 3.9000e-02  0.021
NAU159 4.4000e-01 6.9300e-01  0.617
NAU160 8.7900e-01 8.3000e-02  0.042
NAU164 9.6400e-01 9.5000e-02  0.037
NCS203 1.8800e-01 6.0000e-03  0.002
NCS204 6.2100e-01 6.4000e-02  0.045
NCS212 8.8000e-02 9.0100e-01  0.966
NCS213 1.6700e-01 5.2300e-01  0.350
NCS214 6.3000e-02 5.7000e-01  0.635
NCS233 7.7200e-01 8.1000e-02  0.044
NCS237 5.5600e-01 3.3000e-02  0.018
NCS248 5.2400e-01 3.2600e-01  0.185
NCS253            6.5000e-02  0.034
NCS255 7.5252e-02             0.828
NCS263 3.4392e-02 8.3786e-01       
