Analysis of Variance Table

Response: Distances
           Df  Sum Sq   Mean Sq F value    Pr(>F)    
Groups     74 0.65993 0.0089180  2.5216 1.162e-09 ***
Residuals 563 1.99114 0.0035367                      
---
Signif. codes:  0 ‘***’ 0.001 ‘**’ 0.01 ‘*’ 0.05 ‘.’ 0.1 ‘ ’ 1 

Permutation test for homogeneity of multivariate dispersions

No. of permutations: 999  

**** STRATA ****
Permutations are unstratified

**** SAMPLES ****
Permutation type: free 
Mirrored permutations for Samples?: No 

Response: Distances
           Df  Sum Sq   Mean Sq      F N.Perm Pr(>F)    
Groups     74 0.65993 0.0089180 2.5216    999  0.001 ***
Residuals 563 1.99114 0.0035367                         
---
Signif. codes:  0 ‘***’ 0.001 ‘**’ 0.01 ‘*’ 0.05 ‘.’ 0.1 ‘ ’ 1 

Pairwise comparisons:
(Observed p-value below diagonal, permuted p-value above diagonal)
           CUB000     CUB003     CUB004     CUB007     CUB008     CUB009
CUB000            4.4600e-01 3.5100e-01 6.5700e-01 2.0000e-03 3.6000e-02
CUB003 3.9813e-01            1.0100e-01 9.7000e-01 1.0000e-03 1.6000e-02
CUB004 3.5995e-01 1.0588e-01            3.9700e-01 1.0000e-03 2.8000e-02
CUB007 6.1638e-01 9.6652e-01 3.7959e-01            9.6000e-02 2.1300e-01
CUB008 1.7360e-03 1.9145e-03 3.4543e-04 8.7055e-02            1.5000e-02
CUB009 3.4087e-02 1.8234e-02 4.2604e-02 2.0549e-01 1.7628e-02           
CUB010 7.9462e-01 4.3579e-01 1.1649e-01 6.5597e-01 1.5826e-05 1.5655e-03
CUB011 6.0356e-03 6.6193e-03 1.1793e-03 1.4431e-01 4.8995e-01 3.5567e-02
CUB012 8.4034e-01 6.7988e-01 4.7761e-01 7.5619e-01 5.5062e-02 1.9020e-01
CUB015 3.7792e-01 1.2554e-01 8.9873e-01 3.9232e-01 5.6515e-03 1.4746e-01
CUB017 1.3644e-01 5.1128e-01 2.4019e-02 7.1867e-01 4.6921e-04 4.4268e-03
CUB019 4.0439e-01 1.3562e-01 9.2417e-01 3.9904e-01 8.6897e-03 1.6894e-01
CUB026 7.2332e-01 2.5581e-01 4.4387e-01 5.4111e-01 5.2145e-05 6.7935e-03
CUB027 2.7155e-02 1.4990e-01 3.3729e-03 3.8190e-01 8.4651e-05 7.7993e-04
CUB028 2.5356e-01 6.9930e-01 6.6126e-02 8.4189e-01 2.2272e-03 1.5398e-02
CUB029 1.6057e-01 5.9095e-02 4.2653e-01 3.1776e-01 2.4308e-04 9.3540e-02
CUB032 2.2820e-01 8.7213e-02 5.2544e-01 3.4726e-01 1.5772e-02 3.2475e-01
CUB033 8.5913e-01 5.3016e-01 3.3695e-01 6.8855e-01 5.6447e-03 5.6503e-02
CUB036 3.7412e-01 8.0937e-01 1.4283e-01 9.0386e-01 1.0095e-02 4.6650e-02
CUB037 2.2966e-02 1.3831e-02 2.4678e-02 1.7024e-01 5.0200e-01 3.6265e-01
CUB038 5.9258e-01 8.9426e-01 3.8327e-01 9.4166e-01 1.0925e-01 2.2850e-01
CUB040 1.3602e-01 4.8958e-02 3.0561e-01 2.6279e-01 8.3633e-02 6.8928e-01
CUB042 4.4810e-02 1.8426e-02 8.6917e-02 1.9663e-01 3.3129e-02 8.5646e-01
CUB044 8.3676e-01 3.9958e-01 1.0849e-01 6.3685e-01 4.7256e-06 7.5866e-04
CUB048 8.3600e-01 2.9523e-01 4.9009e-01 5.3654e-01 2.3939e-03 4.9707e-02
CUB049 8.0414e-01 3.4789e-01 6.7267e-01 5.6516e-01 2.3612e-02 1.6456e-01
CUB050 4.4810e-01 9.7700e-01 1.5892e-01 9.8371e-01 6.8789e-03 4.1147e-02
CUB052 7.4491e-02 2.8057e-02 1.7386e-01 2.3629e-01 3.7702e-03 4.0249e-01
CUB053 9.1779e-01 4.2230e-01 2.8604e-01 6.2886e-01 9.7553e-04 2.2786e-02
CUB056 1.9067e-02 1.3267e-02 1.4675e-02 1.7825e-01 2.6473e-01 3.4823e-01
NAU101 9.8851e-01 3.9967e-01 3.8986e-01 6.1392e-01 2.7226e-03 4.4303e-02
NAU105 4.4507e-01 1.8095e-01 9.0867e-01 4.5453e-01 1.7438e-02 2.2101e-01
NAU106 4.1240e-01 1.3337e-01 9.3544e-01 4.1664e-01 4.2225e-04 4.1609e-02
NAU107 5.3123e-01 9.4443e-01 2.1104e-01 9.3648e-01 1.1391e-02 5.9955e-02
NAU108 2.3111e-01 7.7049e-01 3.4422e-02 9.0078e-01 3.3037e-04 4.1223e-03
NAU109 3.9952e-01 1.5954e-01 6.8920e-01 3.5340e-01 2.5785e-01 6.8900e-01
NAU110 3.3239e-01 1.1375e-01 7.3202e-01 3.5955e-01 3.4822e-02 3.3800e-01
NAU114 6.7845e-01 2.2712e-01 5.6131e-01 5.0298e-01 4.8480e-04 2.6111e-02
NAU117 1.0487e-01 4.7380e-01 1.2035e-02 7.1263e-01 1.4848e-04 1.7052e-03
NAU119 2.6270e-01 9.8804e-02 6.0178e-01 3.6137e-01 1.6550e-02 3.0110e-01
NAU121 4.0787e-01 8.3494e-01 1.7194e-01 9.1694e-01 1.4778e-02 6.1448e-02
NAU123 1.5514e-01 6.4228e-02 3.5046e-01 3.2245e-01 4.0395e-03 2.7893e-01
NAU124 7.8717e-01 7.8538e-01 4.7944e-01 8.2134e-01 8.3163e-02 2.2776e-01
NAU129 6.0553e-01 8.4407e-01 2.4467e-01 8.7540e-01 1.1504e-02 6.5039e-02
NAU130 2.5074e-01 8.6135e-02 5.6094e-01 3.2058e-01 5.6731e-02 4.6727e-01
NAU132 3.3076e-02 4.0955e-01 4.2706e-04 6.9964e-01 1.7960e-07 8.8123e-06
NAU133 2.4401e-01 8.3280e-02 5.7163e-01 3.2590e-01 3.0088e-02 3.7785e-01
NAU136 5.2568e-01 1.6640e-01 6.5281e-01 4.5990e-01 3.1176e-05 7.9808e-03
NAU137 6.5198e-01 7.3362e-01 2.0707e-01 8.2182e-01 3.2612e-03 3.2169e-02
NAU139 3.1066e-01 1.0219e-01 8.7183e-01 3.8370e-01 1.5859e-04 3.5886e-02
NAU144 3.6882e-02 2.2491e-02 3.7101e-02 2.2410e-01 2.4222e-02 8.6707e-01
NAU146 7.4553e-01 8.0576e-01 4.1625e-01 8.4757e-01 5.4599e-02 1.7481e-01
NAU147 6.6718e-01 5.9656e-01 7.6604e-02 7.6316e-01 1.0630e-05 8.2453e-04
NAU148 1.4836e-02 1.0978e-02 9.9772e-03 1.6501e-01 4.0588e-01 2.4454e-01
NAU149 2.0361e-01 7.0665e-02 4.5243e-01 2.9408e-01 8.5546e-02 5.8918e-01
NAU150 8.5486e-02 3.5159e-02 1.8141e-01 2.5518e-01 1.0292e-02 5.1325e-01
NAU153 1.0201e-01 4.3807e-02 1.9903e-01 2.6202e-01 1.0180e-01 8.4880e-01
NAU154 8.0177e-01 2.8911e-01 5.0116e-01 5.4303e-01 1.5940e-03 4.1355e-02
NAU155 8.1094e-05 2.5751e-03 1.1788e-06 7.1332e-02 1.2077e-08 2.2846e-07
NAU156 1.2231e-01 5.2858e-01 1.4247e-02 7.5134e-01 1.5774e-04 1.8880e-03
NAU157 1.2499e-01 4.8561e-02 3.0591e-01 2.9613e-01 4.3597e-04 1.5271e-01
NAU159 7.5439e-01 4.8085e-01 5.9159e-02 6.9945e-01 3.0925e-07 8.8063e-05
NAU160 8.7411e-01 3.3307e-01 3.9445e-01 5.8825e-01 4.9863e-04 1.9458e-02
NAU164 8.6676e-01 4.3724e-01 7.0503e-01 6.1678e-01 6.4139e-02 2.5577e-01
NCS203 2.4915e-01 1.0610e-01 5.4207e-01 3.8312e-01 1.0574e-02 2.8068e-01
NCS204 6.9690e-01 2.8350e-01 8.1385e-01 5.0042e-01 4.1955e-02 2.3990e-01
NCS212 3.4151e-01 9.4235e-01 3.7284e-02 9.3763e-01 6.5390e-05 1.7785e-03
NCS213 4.6397e-01 9.1379e-01 1.2056e-01 9.2011e-01 1.7956e-03 1.8365e-02
NCS214 3.9787e-01 9.6467e-01 1.0323e-01 9.9158e-01 2.1593e-03 1.8416e-02
NCS233 8.6253e-01 5.2351e-01 2.6509e-01 7.0899e-01 1.1683e-03 2.2213e-02
NCS237 1.4256e-01 6.5174e-02 2.6631e-01 3.0518e-01 1.1922e-01 8.0651e-01
NCS248 4.0724e-01 8.4514e-01 4.5380e-02 8.8694e-01 5.3199e-05 1.7311e-03
NCS253 3.9501e-01 7.9275e-01 1.7350e-01 8.8443e-01 1.7547e-02 6.6902e-02
NCS255 6.3525e-02 4.7826e-01 2.6121e-03 7.3254e-01 4.7489e-06 1.3287e-04
NCS263 4.2255e-01 7.8751e-01 3.3505e-02 8.5890e-01 1.0885e-05 5.9583e-04
           CUB010     CUB011     CUB012     CUB015     CUB017     CUB019
CUB000 8.1600e-01 4.0000e-03 8.4900e-01 4.1400e-01 1.4100e-01 4.1400e-01
CUB003 4.5400e-01 5.0000e-03 7.0600e-01 1.3500e-01 5.3300e-01 1.6200e-01
CUB004 1.2700e-01 2.0000e-03 4.9700e-01 9.0600e-01 1.6000e-02 9.3300e-01
CUB007 6.8600e-01 1.5200e-01 7.8400e-01 4.3000e-01 7.4100e-01 4.2500e-01
CUB008 1.0000e-03 5.4000e-01 5.3000e-02 3.0000e-03 1.0000e-03 6.0000e-03
CUB009 3.0000e-03 3.9000e-02 1.8100e-01 1.5700e-01 3.0000e-03 1.7600e-01
CUB010            1.0000e-03 9.4100e-01 1.5800e-01 1.3200e-01 1.7500e-01
CUB011 7.6010e-05            1.1600e-01 1.6000e-02 2.0000e-03 2.9000e-02
CUB012 9.3418e-01 1.0404e-01            5.0800e-01 3.9000e-01 4.9100e-01
CUB015 1.5819e-01 1.6628e-02 4.8110e-01            2.4000e-02 9.8400e-01
CUB017 1.2538e-01 1.9505e-03 3.6563e-01 3.4627e-02            2.4000e-02
CUB019 1.8613e-01 2.4445e-02 4.9257e-01 9.8320e-01 3.8630e-02           
CUB026 4.0251e-01 1.4101e-04 7.0091e-01 4.7269e-01 7.6533e-02 5.1514e-01
CUB027 1.9216e-02 4.4402e-04 1.2865e-01 6.0444e-03 4.2709e-01 6.8993e-03
CUB028 2.5260e-01 7.2661e-03 5.0524e-01 8.4240e-02 8.3333e-01 9.1287e-02
CUB029 2.0846e-02 3.6334e-04 3.5703e-01 6.4043e-01 1.3917e-02 6.4558e-01
CUB032 6.6674e-02 3.9104e-02 3.8988e-01 6.7690e-01 2.5823e-02 6.7707e-01
CUB033 9.9498e-01 1.6609e-02 9.4135e-01 3.5272e-01 2.1388e-01 3.7262e-01
CUB036 3.9115e-01 2.5500e-02 5.9538e-01 1.6339e-01 7.7052e-01 1.7158e-01
CUB037 1.9337e-03 7.5718e-01 1.3943e-01 7.6200e-02 4.2811e-03 8.7986e-02
CUB038 6.2179e-01 1.7155e-01 7.1803e-01 3.9778e-01 8.1870e-01 4.0367e-01
CUB040 3.6373e-02 1.6956e-01 2.8064e-01 4.3867e-01 1.3691e-02 4.4545e-01
CUB042 3.6737e-03 8.1583e-02 1.9067e-01 2.0608e-01 4.1061e-03 2.2339e-01
CUB044 9.2895e-01 2.0493e-05 9.0577e-01 1.5521e-01 1.0905e-01 1.8589e-01
CUB048 6.0145e-01 8.2359e-03 7.3561e-01 4.8808e-01 8.9062e-02 5.1478e-01
CUB049 6.1705e-01 5.4626e-02 7.3320e-01 6.5416e-01 1.3834e-01 6.7339e-01
CUB050 4.8618e-01 1.8940e-02 6.9331e-01 1.7918e-01 5.7958e-01 1.8926e-01
CUB052 6.5846e-03 9.7327e-03 2.4697e-01 3.4798e-01 5.9847e-03 3.6542e-01
CUB053 8.8710e-01 3.7623e-03 8.8174e-01 3.0764e-01 1.3716e-01 3.3259e-01
CUB056 8.7170e-04 4.8275e-01 1.4620e-01 6.5021e-02 3.8890e-03 7.9158e-02
NAU101 7.8890e-01 8.9532e-03 8.3515e-01 4.0340e-01 1.4000e-01 4.2860e-01
NAU105 2.2376e-01 4.1792e-02 5.3838e-01 9.9573e-01 6.4410e-02 9.8152e-01
NAU106 1.5055e-01 1.3207e-03 5.1912e-01 8.5225e-01 3.4280e-02 8.7937e-01
NAU107 5.7947e-01 2.8620e-02 7.6615e-01 2.3252e-01 5.3528e-01 2.4419e-01
NAU108 2.1349e-01 1.3730e-03 5.5249e-01 5.3178e-02 7.2430e-01 6.1530e-02
NAU109 2.6500e-01 3.7595e-01 4.3080e-01 7.6218e-01 6.4534e-02 7.5630e-01
NAU110 1.5316e-01 7.9690e-02 4.3134e-01 8.3891e-01 3.4006e-02 8.2998e-01
NAU114 3.9136e-01 1.7553e-03 6.6168e-01 5.5573e-01 6.4194e-02 5.9008e-01
NAU117 8.1420e-02 6.9305e-04 3.6287e-01 2.1383e-02 9.4812e-01 2.5255e-02
NAU119 8.7695e-02 4.1095e-02 4.1243e-01 7.4159e-01 2.9756e-02 7.3820e-01
NAU121 4.3268e-01 3.4875e-02 6.1121e-01 1.9069e-01 7.5314e-01 1.9839e-01
NAU123 2.5452e-02 9.1737e-03 3.4860e-01 5.4105e-01 1.7780e-02 5.5162e-01
NAU124 8.6000e-01 1.4239e-01 9.3637e-01 4.8447e-01 4.7265e-01 4.9365e-01
NAU129 6.7103e-01 2.9047e-02 8.3780e-01 2.6570e-01 4.5104e-01 2.7905e-01
NAU130 1.0070e-01 1.2016e-01 3.7047e-01 6.8208e-01 2.5420e-02 6.7903e-01
NAU132 1.4945e-02 1.3480e-06 2.9350e-01 1.7842e-03 9.8935e-01 2.6933e-03
NAU133 8.7202e-02 7.1439e-02 3.7677e-01 7.0325e-01 2.3415e-02 6.9992e-01
NAU136 2.0935e-01 7.5610e-05 5.9041e-01 6.3248e-01 4.2043e-02 6.7299e-01
NAU137 7.3520e-01 9.9768e-03 9.0916e-01 2.3840e-01 3.5391e-01 2.5762e-01
NAU139 7.8963e-02 3.7189e-04 4.6416e-01 9.9539e-01 2.4963e-02 9.8412e-01
NAU144 1.7154e-03 4.0396e-02 2.0396e-01 1.3877e-01 6.2027e-03 1.6146e-01
NAU146 8.1574e-01 1.0194e-01 9.1468e-01 4.2852e-01 4.8152e-01 4.3987e-01
NAU147 7.8271e-01 3.2581e-05 9.7409e-01 1.3013e-01 2.3224e-01 1.5923e-01
NAU148 6.2435e-04 6.8977e-01 1.3035e-01 4.8817e-02 3.2728e-03 6.0681e-02
NAU149 7.5163e-02 1.6875e-01 3.3016e-01 5.7620e-01 2.0876e-02 5.7685e-01
NAU150 9.5215e-03 2.5333e-02 2.6287e-01 3.4788e-01 8.6485e-03 3.6519e-01
NAU153 2.0441e-02 1.9892e-01 2.6334e-01 3.3103e-01 1.3219e-02 3.4401e-01
NAU154 5.5153e-01 5.5209e-03 7.2566e-01 5.0271e-01 8.9993e-02 5.3235e-01
NAU155 1.3320e-05 1.6713e-07 6.3526e-03 6.8561e-06 1.9598e-02 9.9251e-06
NAU156 9.7793e-02 7.2722e-04 3.9766e-01 2.4928e-02 9.8138e-01 2.9444e-02
NAU157 1.3155e-02 6.3969e-04 3.2306e-01 5.2133e-01 1.1413e-02 5.3429e-01
NAU159 9.4431e-01 3.7609e-07 9.5820e-01 1.1754e-01 1.5613e-01 1.5056e-01
NAU160 6.1496e-01 1.7555e-03 7.7583e-01 4.2020e-01 1.1038e-01 4.5449e-01
NAU164 7.1936e-01 1.2027e-01 7.8347e-01 6.8892e-01 2.0968e-01 7.0371e-01
NCS203 7.0539e-02 2.4841e-02 4.2455e-01 7.0082e-01 3.4613e-02 7.0185e-01
NCS204 5.1414e-01 8.8494e-02 6.5339e-01 7.7681e-01 1.0698e-01 7.9291e-01
NCS212 3.4719e-01 3.1173e-04 7.1354e-01 6.0955e-02 4.3547e-01 7.3269e-02
NCS213 5.0555e-01 6.1085e-03 7.5946e-01 1.4669e-01 4.6197e-01 1.6034e-01
NCS214 4.1517e-01 7.0250e-03 6.9203e-01 1.2979e-01 5.8169e-01 1.4215e-01
NCS233 9.7461e-01 3.9074e-03 9.3557e-01 3.0300e-01 2.1496e-01 3.3094e-01
NCS237 3.6892e-02 2.1925e-01 3.1103e-01 4.0213e-01 2.2419e-02 4.1350e-01
NCS248 4.3116e-01 2.4931e-04 7.7835e-01 7.3341e-02 3.6686e-01 8.8297e-02
NCS253 4.1620e-01 3.9897e-02 5.8611e-01 1.9202e-01 8.0830e-01 1.9911e-01
NCS255 4.2465e-02 3.1969e-05 3.3547e-01 6.4031e-03 9.3880e-01 8.3909e-03
NCS263 4.4752e-01 4.9974e-05 8.1098e-01 6.2587e-02 3.2009e-01 7.8705e-02
           CUB026     CUB027     CUB028     CUB029     CUB032     CUB033
CUB000 7.5600e-01 2.3000e-02 2.7800e-01 1.7200e-01 2.3700e-01 8.5400e-01
CUB003 2.7000e-01 1.5400e-01 7.3900e-01 5.3000e-02 8.0000e-02 5.6200e-01
CUB004 4.6400e-01 2.0000e-03 5.3000e-02 4.6300e-01 5.6300e-01 3.6700e-01
CUB007 5.6500e-01 4.0300e-01 8.5400e-01 3.4600e-01 3.6700e-01 7.1300e-01
CUB008 1.0000e-03 1.0000e-03 1.0000e-03 1.0000e-03 1.1000e-02 6.0000e-03
CUB009 6.0000e-03 1.0000e-03 1.7000e-02 8.7000e-02 3.4300e-01 5.1000e-02
CUB010 4.1400e-01 1.5000e-02 2.6200e-01 2.4000e-02 6.2000e-02 9.9500e-01
CUB011 1.0000e-03 1.0000e-03 6.0000e-03 1.0000e-03 4.2000e-02 1.8000e-02
CUB012 7.1500e-01 1.1900e-01 5.5300e-01 3.6400e-01 4.1100e-01 9.4100e-01
CUB015 5.3000e-01 4.0000e-03 7.3000e-02 7.0000e-01 6.9700e-01 4.1500e-01
CUB017 5.9000e-02 4.5900e-01 8.6300e-01 1.4000e-02 1.8000e-02 2.1500e-01
CUB019 5.5500e-01 2.0000e-03 9.8000e-02 6.6900e-01 6.9900e-01 3.8400e-01
CUB026            1.0000e-02 1.5000e-01 9.1000e-02 2.2700e-01 6.3700e-01
CUB027 1.4632e-02            3.6000e-01 2.0000e-03 3.0000e-03 4.2000e-02
CUB028 1.6353e-01 3.5213e-01            3.6000e-02 4.7000e-02 3.7900e-01
CUB029 9.8348e-02 2.2598e-03 4.1371e-02            9.4300e-01 1.8400e-01
CUB032 2.3206e-01 5.2124e-03 6.4407e-02 9.4060e-01            2.5800e-01
CUB033 6.3060e-01 5.0465e-02 3.5228e-01 1.8520e-01 2.3747e-01           
CUB036 2.8065e-01 3.4515e-01 9.2490e-01 1.0149e-01 1.3246e-01 4.7000e-01
CUB037 8.9582e-03 9.5475e-04 1.3706e-02 5.2411e-02 1.6026e-01 3.7841e-02
CUB038 5.3148e-01 4.8951e-01 9.2623e-01 3.3171e-01 3.6129e-01 6.5553e-01
CUB040 1.4078e-01 2.5113e-03 3.7688e-02 5.8691e-01 7.0311e-01 1.4685e-01
CUB042 2.0895e-02 6.2499e-04 1.4654e-02 2.2587e-01 4.2786e-01 6.3635e-02
CUB044 4.0818e-01 1.5989e-02 2.2850e-01 1.3923e-02 5.9571e-02 9.6220e-01
CUB048 9.0272e-01 1.5105e-02 1.8281e-01 2.3192e-01 2.9858e-01 7.1504e-01
CUB049 9.9802e-01 3.4529e-02 2.4236e-01 4.2904e-01 4.7515e-01 7.1038e-01
CUB050 3.2249e-01 2.0744e-01 7.5145e-01 1.0327e-01 1.3608e-01 5.6413e-01
CUB052 3.6445e-02 8.6958e-04 2.0629e-02 4.5562e-01 6.7171e-01 9.7613e-02
CUB053 6.2856e-01 2.4342e-02 2.5934e-01 1.1938e-01 1.7836e-01 9.2404e-01
CUB056 3.4358e-03 8.4786e-04 1.2988e-02 2.5347e-02 1.4396e-01 3.5888e-02
NAU101 7.4812e-01 2.8571e-02 2.5695e-01 1.8697e-01 2.5193e-01 8.5236e-01
NAU105 5.3886e-01 1.5639e-02 1.3209e-01 6.9827e-01 7.2651e-01 4.1927e-01
NAU106 5.0898e-01 5.6358e-03 8.6196e-02 3.8999e-01 5.0144e-01 3.8439e-01
NAU107 3.9448e-01 1.9840e-01 6.9898e-01 1.4066e-01 1.7897e-01 6.4871e-01
NAU108 1.0754e-01 2.6838e-01 9.0966e-01 1.5357e-02 3.4966e-02 3.5885e-01
NAU109 5.0649e-01 1.6197e-02 1.2280e-01 9.2088e-01 9.5394e-01 3.6250e-01
NAU110 4.1858e-01 6.3803e-03 8.0036e-02 8.9202e-01 8.7386e-01 3.1139e-01
NAU114 9.2344e-01 1.1017e-02 1.4237e-01 2.0514e-01 3.0864e-01 5.8920e-01
NAU117 4.4173e-02 4.7583e-01 7.9038e-01 5.8385e-03 1.5145e-02 1.8598e-01
NAU119 2.8586e-01 6.0481e-03 7.2168e-02 9.7651e-01 9.3929e-01 2.6529e-01
NAU121 3.1901e-01 3.3655e-01 9.0576e-01 1.2659e-01 1.5700e-01 4.9916e-01
NAU123 1.0452e-01 3.4817e-03 4.8309e-02 7.5522e-01 8.8771e-01 1.8083e-01
NAU124 6.7500e-01 1.9826e-01 6.0869e-01 3.8070e-01 4.1003e-01 8.7532e-01
NAU129 4.4948e-01 1.5465e-01 6.1309e-01 1.5860e-01 2.0017e-01 7.2984e-01
NAU130 3.0493e-01 4.7657e-03 6.2615e-02 9.1191e-01 9.6579e-01 2.4342e-01
NAU132 3.3080e-03 3.2004e-01 7.9953e-01 6.4341e-05 8.1685e-04 9.8016e-02
NAU133 2.8647e-01 4.2290e-03 5.9606e-02 9.6148e-01 9.8935e-01 2.4070e-01
NAU136 6.9413e-01 6.7141e-03 1.0364e-01 1.5726e-01 3.1383e-01 4.7289e-01
NAU137 4.3267e-01 1.0872e-01 5.1555e-01 1.0672e-01 1.6012e-01 8.0139e-01
NAU139 3.2414e-01 4.0187e-03 6.7115e-02 4.7718e-01 5.9284e-01 3.0756e-01
NAU144 5.9949e-03 1.2789e-03 1.9833e-02 6.5985e-02 2.9496e-01 6.2484e-02
NAU146 6.1960e-01 2.0333e-01 6.2219e-01 3.1627e-01 3.5429e-01 8.4272e-01
NAU147 2.6964e-01 5.5959e-02 3.8864e-01 9.4809e-03 5.5778e-02 8.6821e-01
NAU148 2.4664e-03 7.2599e-04 1.1140e-02 1.6388e-02 1.0988e-01 2.9351e-02
NAU149 2.4129e-01 3.9422e-03 5.2824e-02 7.6937e-01 8.4655e-01 2.0292e-01
NAU150 4.6117e-02 1.4821e-03 2.7016e-02 4.3613e-01 6.4334e-01 1.1010e-01
NAU153 8.2057e-02 2.7771e-03 3.6056e-02 4.0763e-01 5.6285e-01 1.2192e-01
NAU154 9.3703e-01 1.6632e-02 1.8332e-01 2.1927e-01 2.9983e-01 6.9032e-01
NAU155 1.4932e-05 1.4442e-01 1.8817e-02 7.1243e-07 7.2164e-06 3.9392e-04
NAU156 5.1303e-02 4.2348e-01 8.5195e-01 6.6673e-03 1.7247e-02 2.1295e-01
NAU157 6.2142e-02 1.8718e-03 3.4961e-02 7.6225e-01 9.1428e-01 1.5298e-01
NAU159 2.6515e-01 3.0102e-02 2.9446e-01 2.2968e-03 3.9068e-02 9.6487e-01
NAU160 8.3046e-01 2.2701e-02 2.1508e-01 1.3608e-01 2.3250e-01 7.5246e-01
NAU164 9.7059e-01 6.7160e-02 3.2491e-01 5.0893e-01 5.4244e-01 7.7965e-01
NCS203 2.3120e-01 8.0417e-03 8.0685e-02 9.7211e-01 9.7517e-01 2.6423e-01
NCS204 8.7304e-01 2.4455e-02 1.9650e-01 5.5644e-01 5.8354e-01 6.1534e-01
NCS212 1.3405e-01 1.1450e-01 6.3242e-01 1.0674e-02 3.2298e-02 5.1885e-01
NCS213 2.8634e-01 1.4185e-01 6.4157e-01 6.2243e-02 9.8814e-02 6.1073e-01
NCS214 2.4370e-01 2.1083e-01 7.5785e-01 5.6194e-02 9.1355e-02 5.3336e-01
NCS233 5.7366e-01 5.6106e-02 3.5454e-01 1.0626e-01 1.8117e-01 9.8694e-01
NCS237 1.2518e-01 5.4977e-03 5.4409e-02 4.9665e-01 6.3578e-01 1.6287e-01
NCS248 1.6174e-01 9.0667e-02 5.5611e-01 1.1637e-02 3.7137e-02 5.9725e-01
NCS253 3.1543e-01 3.8451e-01 9.5334e-01 1.3152e-01 1.6128e-01 4.7969e-01
NCS255 1.4938e-02 3.1638e-01 8.5656e-01 7.5290e-04 3.5728e-03 1.4253e-01
NCS263 1.3749e-01 7.3432e-02 5.0605e-01 5.5032e-03 2.7540e-02 6.2996e-01
           CUB036     CUB037     CUB038     CUB040     CUB042     CUB044
CUB000 3.8800e-01 3.1000e-02 6.0000e-01 1.3700e-01 4.6000e-02 8.3900e-01
CUB003 8.2200e-01 8.0000e-03 9.0500e-01 4.9000e-02 1.4000e-02 4.1200e-01
CUB004 1.4300e-01 1.8000e-02 4.1900e-01 3.2900e-01 7.9000e-02 8.8000e-02
CUB007 8.9600e-01 1.8900e-01 9.5000e-01 2.8900e-01 2.1800e-01 6.4500e-01
CUB008 7.0000e-03 5.2800e-01 1.1300e-01 8.4000e-02 2.7000e-02 1.0000e-03
CUB009 4.4000e-02 3.8100e-01 2.6200e-01 7.2700e-01 8.6200e-01 2.0000e-03
CUB010 3.8300e-01 5.0000e-03 6.6100e-01 3.8000e-02 2.0000e-03 9.3100e-01
CUB011 1.9000e-02 7.7100e-01 1.7600e-01 1.8600e-01 7.8000e-02 1.0000e-03
CUB012 6.2300e-01 1.1400e-01 7.3600e-01 3.0000e-01 1.9800e-01 9.1900e-01
CUB015 1.7400e-01 8.3000e-02 4.6200e-01 4.4800e-01 2.3300e-01 1.4100e-01
CUB017 7.8500e-01 4.0000e-03 8.2300e-01 1.2000e-02 3.0000e-03 8.7000e-02
CUB019 1.6200e-01 8.7000e-02 4.3100e-01 4.5000e-01 2.4900e-01 1.8900e-01
CUB026 3.1500e-01 5.0000e-03 5.6000e-01 1.2000e-01 1.8000e-02 4.2000e-01
CUB027 3.6100e-01 1.0000e-03 5.2800e-01 3.0000e-03 2.0000e-03 8.0000e-03
CUB028 9.3000e-01 8.0000e-03 9.4100e-01 3.1000e-02 9.0000e-03 2.4000e-01
CUB029 9.1000e-02 4.5000e-02 3.6400e-01 6.1800e-01 2.1600e-01 9.0000e-03
CUB032 1.2300e-01 1.5100e-01 3.7300e-01 7.3700e-01 4.4700e-01 5.3000e-02
CUB033 5.2100e-01 3.7000e-02 6.8300e-01 1.5900e-01 6.2000e-02 9.5900e-01
CUB036            3.4000e-02 9.8100e-01 8.1000e-02 3.5000e-02 3.7300e-01
CUB037 3.8601e-02            1.9500e-01 3.7700e-01 3.5400e-01 1.0000e-03
CUB038 9.7871e-01 1.9669e-01            3.1500e-01 2.6100e-01 6.2600e-01
CUB040 8.4354e-02 3.4521e-01 2.8125e-01            8.0500e-01 2.6000e-02
CUB042 4.3983e-02 3.3454e-01 2.1756e-01 7.8781e-01            1.0000e-03
CUB044 3.6640e-01 1.2664e-03 6.0530e-01 3.3074e-02 2.4059e-03           
CUB048 2.9141e-01 2.9386e-02 5.1987e-01 1.7676e-01 6.4603e-02 6.3354e-01
CUB049 3.4553e-01 1.0495e-01 5.5289e-01 3.2658e-01 1.8497e-01 6.4246e-01
CUB050 8.4702e-01 3.1725e-02 9.1539e-01 8.3552e-02 4.0198e-02 4.5467e-01
CUB052 5.9039e-02 1.4663e-01 2.5467e-01 9.1813e-01 5.8338e-01 4.2174e-03
CUB053 3.8285e-01 1.5093e-02 5.9933e-01 1.0097e-01 2.9948e-02 9.3606e-01
CUB056 3.8916e-02 8.7025e-01 2.0478e-01 3.6303e-01 3.4038e-01 4.3554e-04
NAU101 3.7528e-01 2.9011e-02 5.9058e-01 1.5242e-01 5.5728e-02 8.2928e-01
NAU105 2.2414e-01 1.2956e-01 4.6035e-01 5.0944e-01 2.8285e-01 2.2154e-01
NAU106 1.7287e-01 2.7189e-02 4.1924e-01 3.0054e-01 8.5548e-02 1.4172e-01
NAU107 7.9443e-01 4.6548e-02 8.7770e-01 1.1548e-01 5.9478e-02 5.4666e-01
NAU108 9.9958e-01 4.7449e-03 9.7850e-01 2.0710e-02 4.6630e-03 1.8154e-01
NAU109 1.8462e-01 4.7059e-01 3.6250e-01 8.6307e-01 7.2924e-01 2.7377e-01
NAU110 1.4989e-01 1.7769e-01 3.6858e-01 6.2169e-01 4.0070e-01 1.5340e-01
NAU114 2.4897e-01 1.8420e-02 4.9443e-01 1.8205e-01 4.6579e-02 4.0382e-01
NAU117 7.4009e-01 2.2472e-03 8.0840e-01 8.6451e-03 1.7575e-03 6.6272e-02
NAU119 1.4365e-01 1.5243e-01 3.7388e-01 6.5780e-01 3.9279e-01 8.1026e-02
NAU121 9.8116e-01 4.9327e-02 9.9202e-01 1.0148e-01 5.7604e-02 4.0900e-01
NAU123 1.1015e-01 1.3034e-01 3.3916e-01 7.6266e-01 4.3276e-01 1.8643e-02
NAU124 6.8712e-01 1.7637e-01 7.7786e-01 3.0702e-01 2.2435e-01 8.3576e-01
NAU129 7.1530e-01 4.9178e-02 8.2356e-01 1.2958e-01 6.5997e-02 6.3531e-01
NAU130 1.2324e-01 2.4411e-01 3.3367e-01 7.6424e-01 5.4217e-01 9.8871e-02
NAU132 7.3406e-01 3.5699e-05 8.0941e-01 5.1247e-04 1.7338e-05 8.7725e-03
NAU133 1.2180e-01 1.8683e-01 3.3859e-01 7.0546e-01 4.6014e-01 8.3607e-02
NAU136 2.0249e-01 9.2320e-03 4.5702e-01 1.8129e-01 2.7817e-02 1.9895e-01
NAU137 6.3404e-01 2.6364e-02 7.7937e-01 1.0147e-01 3.7134e-02 6.8776e-01
NAU139 1.4538e-01 2.5871e-02 3.9032e-01 3.5334e-01 9.4111e-02 6.6522e-02
NAU144 5.6025e-02 4.3391e-01 2.4875e-01 6.3897e-01 7.5724e-01 7.8540e-04
NAU146 7.0737e-01 1.3645e-01 8.0595e-01 2.5887e-01 1.7368e-01 7.8840e-01
NAU147 5.3190e-01 2.3017e-03 7.2714e-01 3.7683e-02 2.8464e-03 6.9857e-01
NAU148 3.4259e-02 9.8774e-01 1.9183e-01 2.9440e-01 2.5021e-01 3.0738e-04
NAU149 1.0711e-01 3.1210e-01 3.0967e-01 8.7995e-01 6.6979e-01 7.2884e-02
NAU150 7.0840e-02 2.0378e-01 2.7471e-01 9.7608e-01 6.8053e-01 6.4709e-03
NAU153 8.2614e-02 4.2496e-01 2.8365e-01 8.6101e-01 9.5570e-01 1.6900e-02
NAU154 2.9486e-01 2.6610e-02 5.2918e-01 1.8027e-01 5.8919e-02 5.7855e-01
NAU155 2.7801e-02 9.9421e-07 1.2898e-01 3.3017e-06 1.6969e-07 7.9274e-06
NAU156 7.9309e-01 2.4604e-03 8.4405e-01 9.9319e-03 2.0003e-03 7.9892e-02
NAU157 8.9179e-02 7.3743e-02 3.1220e-01 6.9866e-01 3.2126e-01 8.1833e-03
NAU159 4.4146e-01 7.0846e-04 6.6736e-01 2.7067e-02 8.5633e-04 8.5454e-01
NAU160 3.3677e-01 1.6268e-02 5.7229e-01 1.4147e-01 3.3847e-02 6.4508e-01
NAU164 4.2223e-01 1.7881e-01 6.0263e-01 4.0198e-01 2.7102e-01 7.4400e-01
NCS203 1.5820e-01 1.4896e-01 3.9724e-01 6.8597e-01 3.9608e-01 6.0465e-02
NCS204 2.8824e-01 1.4804e-01 4.9268e-01 4.1262e-01 2.6302e-01 5.3538e-01
NCS212 7.6188e-01 2.3284e-03 8.7352e-01 1.8892e-02 2.6643e-03 2.9280e-01
NCS213 7.5531e-01 1.5270e-02 8.6046e-01 5.8769e-02 2.0000e-02 4.6242e-01
NCS214 8.5810e-01 1.6590e-02 9.2783e-01 5.6121e-02 1.9577e-02 3.7683e-01
NCS233 4.8295e-01 1.9504e-02 6.8121e-01 1.1467e-01 3.1854e-02 9.7546e-01
NCS237 1.1186e-01 4.3306e-01 3.2663e-01 9.1407e-01 9.0527e-01 3.1866e-02
NCS248 6.9214e-01 2.3652e-03 8.2938e-01 2.2006e-02 2.8578e-03 3.6808e-01
NCS253 9.7697e-01 5.4487e-02 9.6122e-01 1.0568e-01 6.2182e-02 3.9448e-01
NCS255 7.8397e-01 2.4287e-04 8.3774e-01 1.9226e-03 1.7215e-04 3.0564e-02
NCS263 6.4947e-01 1.2082e-03 8.0468e-01 1.7113e-02 1.3728e-03 3.7266e-01
           CUB048     CUB049     CUB050     CUB052     CUB053     CUB056
CUB000 8.5700e-01 8.2500e-01 4.7500e-01 7.0000e-02 9.2400e-01 1.5000e-02
CUB003 3.1300e-01 3.7500e-01 9.7800e-01 1.6000e-02 4.4900e-01 9.0000e-03
CUB004 5.3700e-01 6.7600e-01 1.6100e-01 1.6700e-01 2.9800e-01 7.0000e-03
CUB007 5.6200e-01 5.9900e-01 9.8400e-01 2.3800e-01 6.5500e-01 1.8500e-01
CUB008 4.0000e-03 1.1000e-02 8.0000e-03 2.0000e-03 1.0000e-03 2.7600e-01
CUB009 4.8000e-02 1.5900e-01 4.1000e-02 4.3200e-01 1.5000e-02 3.9600e-01
CUB010 6.3600e-01 6.5400e-01 5.2700e-01 6.0000e-03 9.0100e-01 1.0000e-03
CUB011 7.0000e-03 4.8000e-02 1.6000e-02 8.0000e-03 4.0000e-03 4.9600e-01
CUB012 7.4900e-01 7.4900e-01 7.1500e-01 2.3900e-01 8.8700e-01 1.3000e-01
CUB015 5.3600e-01 6.5300e-01 2.0600e-01 3.6900e-01 3.4800e-01 5.6000e-02
CUB017 8.5000e-02 1.2400e-01 5.9800e-01 6.0000e-03 1.4500e-01 1.0000e-03
CUB019 5.3800e-01 7.0100e-01 1.8800e-01 3.5900e-01 3.5000e-01 8.1000e-02
CUB026 9.0300e-01 9.9900e-01 3.6900e-01 2.5000e-02 6.5900e-01 4.0000e-03
CUB027 1.1000e-02 2.4000e-02 2.2900e-01 2.0000e-03 2.9000e-02 2.0000e-03
CUB028 1.8600e-01 2.4200e-01 7.6200e-01 1.5000e-02 2.7000e-01 1.3000e-02
CUB029 2.4700e-01 4.3700e-01 1.0900e-01 4.9800e-01 1.2200e-01 1.7000e-02
CUB032 2.8100e-01 4.8900e-01 1.3900e-01 7.1200e-01 1.7000e-01 1.3100e-01
CUB033 7.3100e-01 7.3700e-01 5.9700e-01 1.0700e-01 9.2400e-01 2.4000e-02
CUB036 3.0600e-01 3.8500e-01 8.5700e-01 5.2000e-02 4.1700e-01 2.3000e-02
CUB037 1.8000e-02 7.6000e-02 3.3000e-02 1.2700e-01 1.1000e-02 8.8100e-01
CUB038 5.5900e-01 6.0300e-01 9.1400e-01 2.8300e-01 6.2900e-01 2.0300e-01
CUB040 1.8300e-01 3.3300e-01 8.8000e-02 9.4400e-01 9.7000e-02 3.8600e-01
CUB042 7.2000e-02 1.9300e-01 3.7000e-02 6.2100e-01 2.5000e-02 3.6100e-01
CUB044 6.8200e-01 6.5400e-01 4.9500e-01 2.0000e-03 9.4300e-01 1.0000e-03
CUB048            9.4100e-01 3.5500e-01 1.1500e-01 7.5100e-01 1.8000e-02
CUB049 9.2979e-01            4.1700e-01 2.9500e-01 7.7500e-01 1.0300e-01
CUB050 3.4919e-01 3.9791e-01            5.2000e-02 4.7600e-01 2.2000e-02
CUB052 1.1020e-01 2.6661e-01 5.6791e-02            4.6000e-02 1.2400e-01
CUB053 7.4731e-01 7.3089e-01 4.6843e-01 5.1600e-02            7.0000e-03
CUB056 2.5663e-02 1.0396e-01 3.1769e-02 1.1736e-01 1.2478e-02           
NAU101 8.5233e-01 8.1778e-01 4.4854e-01 9.0855e-02 9.0822e-01 2.5253e-02
NAU105 5.4696e-01 6.9657e-01 2.4111e-01 4.2884e-01 3.7607e-01 1.1669e-01
NAU106 5.4706e-01 7.1966e-01 1.9156e-01 1.6334e-01 3.3547e-01 1.5769e-02
NAU107 4.2760e-01 4.7128e-01 9.3121e-01 8.1930e-02 5.5632e-01 4.6520e-02
NAU108 1.5911e-01 2.3032e-01 8.2181e-01 6.6249e-03 2.4303e-01 3.5982e-03
NAU109 4.5776e-01 5.7583e-01 2.0087e-01 8.8801e-01 3.4050e-01 5.0209e-01
NAU110 4.1706e-01 5.7397e-01 1.6193e-01 5.9246e-01 2.6975e-01 1.7874e-01
NAU114 8.4661e-01 9.5625e-01 2.8896e-01 8.4810e-02 5.8608e-01 1.1869e-02
NAU117 6.6292e-02 1.1936e-01 5.5096e-01 2.4063e-03 1.0553e-01 1.7005e-03
NAU119 3.3988e-01 5.1410e-01 1.4951e-01 6.1393e-01 2.0824e-01 1.3838e-01
NAU121 3.2324e-01 3.7174e-01 8.6878e-01 7.6574e-02 4.1730e-01 5.0880e-02
NAU123 2.1336e-01 3.9719e-01 1.0952e-01 7.3851e-01 1.1685e-01 9.6354e-02
NAU124 6.9458e-01 7.0087e-01 7.8849e-01 2.7819e-01 8.1804e-01 1.8534e-01
NAU129 4.9353e-01 5.2925e-01 8.4227e-01 9.2070e-02 6.3874e-01 4.8859e-02
NAU130 3.1695e-01 4.7544e-01 1.2949e-01 7.7218e-01 1.9780e-01 2.5186e-01
NAU132 1.6579e-02 4.8245e-02 5.0326e-01 2.0518e-05 3.5251e-02 1.2088e-05
NAU133 3.1515e-01 4.8178e-01 1.2783e-01 6.9248e-01 1.9105e-01 1.8470e-01
NAU136 6.9315e-01 8.4639e-01 2.2976e-01 5.3784e-02 4.3629e-01 3.2801e-03
NAU137 5.2344e-01 5.6195e-01 7.4833e-01 5.4603e-02 6.9925e-01 2.2850e-02
NAU139 4.2796e-01 6.2171e-01 1.5704e-01 1.8852e-01 2.4477e-01 1.1985e-02
NAU144 5.2211e-02 1.7013e-01 4.8961e-02 3.2923e-01 2.5212e-02 4.2413e-01
NAU146 6.4783e-01 6.6409e-01 8.0946e-01 2.2022e-01 7.7680e-01 1.4068e-01
NAU147 5.0398e-01 5.5712e-01 6.3498e-01 3.8368e-03 7.4142e-01 7.0010e-04
NAU148 1.9700e-02 8.7098e-02 2.7283e-02 7.8749e-02 9.5611e-03 8.2618e-01
NAU149 2.5741e-01 4.1135e-01 1.1020e-01 9.2028e-01 1.5752e-01 3.2834e-01
NAU150 1.2127e-01 2.7842e-01 6.7740e-02 9.1912e-01 6.0705e-02 1.7834e-01
NAU153 1.3276e-01 2.7660e-01 7.8363e-02 7.2475e-01 7.4607e-02 4.4612e-01
NAU154 9.6583e-01 9.5666e-01 3.4702e-01 1.0100e-01 7.1259e-01 2.1050e-02
NAU155 2.7880e-05 3.1330e-04 7.9391e-03 1.8550e-07 5.2841e-05 5.2952e-07
NAU156 7.8401e-02 1.3580e-01 6.0294e-01 2.7561e-03 1.2450e-01 1.8408e-03
NAU157 1.8218e-01 3.7020e-01 8.8696e-02 6.2766e-01 9.1162e-02 3.9742e-02
NAU159 5.6344e-01 6.0095e-01 5.3365e-01 1.0023e-03 8.4733e-01 9.5964e-05
NAU160 9.5438e-01 8.9551e-01 3.9342e-01 5.7609e-02 7.8437e-01 1.0300e-02
NAU164 9.7245e-01 9.7494e-01 4.7913e-01 3.5659e-01 8.0546e-01 1.8342e-01
NCS203 3.2301e-01 5.0444e-01 1.6127e-01 6.2964e-01 1.9809e-01 1.2193e-01
NCS204 8.1112e-01 9.0092e-01 3.3207e-01 3.6904e-01 6.2348e-01 1.5298e-01
NCS212 2.3595e-01 3.1188e-01 9.2648e-01 4.0241e-03 3.7518e-01 1.3971e-03
NCS213 3.5215e-01 4.0910e-01 9.0297e-01 2.9844e-02 4.9559e-01 1.3527e-02
NCS214 3.0025e-01 3.6511e-01 9.8972e-01 2.7955e-02 4.1981e-01 1.4604e-02
NCS233 7.0852e-01 7.1269e-01 5.6694e-01 4.9517e-02 9.3408e-01 1.4108e-02
NCS237 1.7954e-01 3.3318e-01 1.0760e-01 8.0421e-01 1.0855e-01 4.5035e-01
NCS248 2.8679e-01 3.6127e-01 8.4367e-01 4.3459e-03 4.5038e-01 1.3199e-03
NCS253 3.1425e-01 3.6287e-01 8.2900e-01 8.1370e-02 4.0158e-01 5.6441e-02
NCS255 3.5156e-02 7.6668e-02 5.6270e-01 2.4358e-04 6.6478e-02 1.3709e-04
NCS263 2.9363e-01 3.7224e-01 7.9510e-01 1.9820e-03 4.7355e-01 4.8917e-04
           NAU101     NAU105     NAU106     NAU107     NAU108     NAU109
CUB000 9.8800e-01 4.5700e-01 4.4400e-01 5.5400e-01 2.4100e-01 4.2300e-01
CUB003 4.3700e-01 1.8400e-01 1.2500e-01 9.4800e-01 7.9000e-01 1.4200e-01
CUB004 4.4200e-01 9.1900e-01 9.5300e-01 2.0500e-01 3.1000e-02 6.9500e-01
CUB007 6.5900e-01 4.9200e-01 4.4000e-01 9.4100e-01 9.2200e-01 3.7200e-01
CUB008 1.0000e-03 9.0000e-03 1.0000e-03 6.0000e-03 1.0000e-03 2.6400e-01
CUB009 4.0000e-02 2.1300e-01 2.8000e-02 3.9000e-02 5.0000e-03 7.2000e-01
CUB010 8.1300e-01 2.2400e-01 1.5800e-01 5.8900e-01 2.2900e-01 2.7700e-01
CUB011 9.0000e-03 3.7000e-02 3.0000e-03 1.7000e-02 2.0000e-03 4.0800e-01
CUB012 8.6500e-01 5.4400e-01 5.3900e-01 7.8700e-01 5.9000e-01 4.5300e-01
CUB015 4.4600e-01 9.9800e-01 8.6000e-01 2.3700e-01 6.2000e-02 7.6900e-01
CUB017 1.4300e-01 5.6000e-02 2.9000e-02 5.6100e-01 7.6200e-01 5.4000e-02
CUB019 4.4600e-01 9.7800e-01 9.0200e-01 2.3600e-01 5.8000e-02 7.9400e-01
CUB026 7.8900e-01 5.8500e-01 5.4800e-01 4.1700e-01 9.7000e-02 5.3700e-01
CUB027 1.9000e-02 1.0000e-02 3.0000e-03 2.0100e-01 2.9700e-01 7.0000e-03
CUB028 2.4500e-01 1.3500e-01 7.9000e-02 7.2900e-01 9.2700e-01 1.1900e-01
CUB029 1.8400e-01 7.3100e-01 4.2600e-01 1.3800e-01 1.3000e-02 9.3400e-01
CUB032 2.5000e-01 7.6000e-01 5.3300e-01 1.5700e-01 2.2000e-02 9.4800e-01
CUB033 8.6600e-01 4.3300e-01 4.1300e-01 6.4800e-01 3.8700e-01 3.6500e-01
CUB036 4.1200e-01 2.2100e-01 1.6900e-01 8.0600e-01 9.9900e-01 1.9800e-01
CUB037 1.9000e-02 1.2700e-01 2.1000e-02 3.4000e-02 5.0000e-03 5.0200e-01
CUB038 6.3400e-01 5.1500e-01 4.5500e-01 8.7800e-01 9.8600e-01 3.9000e-01
CUB040 1.5500e-01 5.2100e-01 3.2100e-01 9.7000e-02 2.1000e-02 8.8900e-01
CUB042 4.5000e-02 2.9400e-01 8.8000e-02 4.6000e-02 2.0000e-03 7.5800e-01
CUB044 8.5600e-01 1.9600e-01 1.1900e-01 5.4600e-01 1.8600e-01 2.6800e-01
CUB048 8.4400e-01 5.6800e-01 5.7600e-01 4.7500e-01 1.6200e-01 4.9000e-01
CUB049 8.2000e-01 7.2300e-01 7.3800e-01 4.8900e-01 2.6000e-01 5.9500e-01
CUB050 4.5900e-01 2.7200e-01 2.0800e-01 9.2600e-01 8.2800e-01 2.1400e-01
CUB052 8.1000e-02 4.4900e-01 1.8400e-01 6.8000e-02 4.0000e-03 9.0400e-01
CUB053 9.1700e-01 4.2700e-01 3.8800e-01 5.7100e-01 2.6800e-01 3.5200e-01
CUB056 2.1000e-02 1.0000e-01 1.0000e-02 3.7000e-02 2.0000e-03 5.1600e-01
NAU101            5.0300e-01 4.6800e-01 5.3500e-01 2.6100e-01 4.2600e-01
NAU105 4.6881e-01            8.7700e-01 3.1200e-01 9.4000e-02 8.2100e-01
NAU106 4.4238e-01 8.6944e-01            2.3900e-01 4.7000e-02 6.8300e-01
NAU107 5.3103e-01 2.9859e-01 2.4773e-01            7.8300e-01 2.4000e-01
NAU108 2.3838e-01 9.3459e-02 4.7838e-02 7.5885e-01            1.2700e-01
NAU109 4.1199e-01 7.9543e-01 6.7963e-01 2.5378e-01 1.2295e-01           
NAU110 3.5335e-01 8.6499e-01 7.0377e-01 2.1140e-01 5.6980e-02 8.7326e-01
NAU114 7.0214e-01 6.1091e-01 6.2563e-01 3.5951e-01 1.0023e-01 5.2493e-01
NAU117 1.1043e-01 4.5064e-02 1.8224e-02 5.0965e-01 6.6618e-01 6.5375e-02
NAU119 2.8672e-01 7.8246e-01 5.7448e-01 1.9506e-01 4.1726e-02 9.2007e-01
NAU121 4.0782e-01 2.5280e-01 2.0424e-01 8.1558e-01 9.7952e-01 1.9626e-01
NAU123 1.7892e-01 6.0896e-01 3.2931e-01 1.4668e-01 2.0377e-02 9.9257e-01
NAU124 7.8299e-01 5.4120e-01 5.1840e-01 8.5338e-01 6.6508e-01 4.3072e-01
NAU129 6.0435e-01 3.3289e-01 2.8400e-01 9.1601e-01 6.6242e-01 2.8560e-01
NAU130 2.7020e-01 7.2828e-01 5.4333e-01 1.7239e-01 4.2102e-02 9.7606e-01
NAU132 3.7857e-02 6.3057e-03 8.2947e-04 4.4835e-01 6.2309e-01 2.5938e-02
NAU133 2.6529e-01 7.4778e-01 5.4928e-01 1.7060e-01 3.6603e-02 9.4638e-01
NAU136 5.5708e-01 6.8068e-01 7.2786e-01 2.9278e-01 5.7332e-02 5.7586e-01
NAU137 6.5178e-01 3.0802e-01 2.4615e-01 8.2725e-01 5.3227e-01 3.0465e-01
NAU139 3.4213e-01 9.9090e-01 8.0880e-01 2.0675e-01 3.1553e-02 7.4580e-01
NAU144 4.7811e-02 2.1205e-01 3.6503e-02 6.9543e-02 5.5711e-03 6.7252e-01
NAU146 7.4237e-01 4.9115e-01 4.5700e-01 8.7398e-01 6.7016e-01 4.0767e-01
NAU147 6.6997e-01 1.9604e-01 1.0082e-01 7.2134e-01 3.4434e-01 2.8594e-01
NAU148 1.9888e-02 9.3273e-02 1.1009e-02 4.0367e-02 2.9985e-03 4.5295e-01
NAU149 2.2139e-01 6.3401e-01 4.4210e-01 1.4872e-01 3.4538e-02 9.4627e-01
NAU150 1.0256e-01 4.2846e-01 1.7309e-01 9.5254e-02 9.7489e-03 8.6607e-01
NAU153 1.1746e-01 4.0881e-01 1.9808e-01 1.0766e-01 1.7323e-02 7.8569e-01
NAU154 8.1982e-01 5.6182e-01 5.5965e-01 4.2298e-01 1.4958e-01 4.8477e-01
NAU155 1.0201e-04 5.9836e-05 3.4202e-06 8.5660e-03 6.4530e-03 2.5390e-04
NAU156 1.2842e-01 5.1016e-02 2.1285e-02 5.5676e-01 7.3097e-01 7.4032e-02
NAU157 1.4842e-01 5.9270e-01 2.8014e-01 1.2224e-01 1.2144e-02 9.8781e-01
NAU159 7.5296e-01 1.8232e-01 8.0154e-02 6.2307e-01 2.3191e-01 2.8482e-01
NAU160 8.9093e-01 4.8803e-01 4.5170e-01 4.7098e-01 1.6994e-01 4.5874e-01
NAU164 8.7692e-01 7.2747e-01 7.4508e-01 5.5030e-01 3.3037e-01 6.0807e-01
NCS203 2.7516e-01 7.4860e-01 5.1529e-01 2.0694e-01 4.3165e-02 9.4335e-01
NCS204 7.1134e-01 8.0351e-01 8.5525e-01 4.0215e-01 1.9035e-01 6.4493e-01
NCS212 3.4986e-01 1.0485e-01 5.1975e-02 9.8822e-01 6.7191e-01 1.5270e-01
NCS213 4.6667e-01 2.0749e-01 1.5033e-01 9.8123e-01 6.9099e-01 2.0693e-01
NCS214 4.0213e-01 1.8894e-01 1.3002e-01 9.2102e-01 8.1998e-01 1.9599e-01
NCS233 8.5651e-01 3.7548e-01 3.1121e-01 6.4807e-01 3.2759e-01 3.8163e-01
NCS237 1.6035e-01 4.7743e-01 2.6440e-01 1.4252e-01 2.9506e-02 8.2604e-01
NCS248 4.1505e-01 1.2185e-01 6.2346e-02 9.3209e-01 5.7451e-01 1.7598e-01
NCS253 3.9486e-01 2.5406e-01 2.0551e-01 7.8077e-01 9.7445e-01 1.9411e-01
NCS255 6.8943e-02 1.7132e-02 4.4926e-03 5.0678e-01 7.0722e-01 3.7621e-02
NCS263 4.3174e-01 1.0871e-01 4.7293e-02 8.8648e-01 5.0464e-01 1.8008e-01
           NAU110     NAU114     NAU117     NAU119     NAU121     NAU123
CUB000 3.5100e-01 6.9200e-01 8.3000e-02 2.8100e-01 4.5700e-01 1.8000e-01
CUB003 1.2900e-01 2.5700e-01 4.6700e-01 9.0000e-02 8.5200e-01 6.0000e-02
CUB004 7.7500e-01 6.1800e-01 9.0000e-03 6.4300e-01 1.7700e-01 3.8000e-01
CUB007 3.9200e-01 5.4400e-01 7.5900e-01 3.7500e-01 9.1700e-01 3.4600e-01
CUB008 2.3000e-02 1.0000e-03 1.0000e-03 1.3000e-02 1.3000e-02 4.0000e-03
CUB009 3.6400e-01 2.8000e-02 1.0000e-03 3.2100e-01 5.8000e-02 3.2700e-01
CUB010 1.6400e-01 4.1000e-01 7.4000e-02 8.5000e-02 4.5700e-01 2.0000e-02
CUB011 7.3000e-02 2.0000e-03 1.0000e-03 3.1000e-02 3.6000e-02 8.0000e-03
CUB012 4.2600e-01 6.8800e-01 3.5700e-01 4.5000e-01 6.2300e-01 3.8000e-01
CUB015 8.4900e-01 5.8900e-01 1.7000e-02 7.7100e-01 2.1000e-01 5.8200e-01
CUB017 2.9000e-02 6.1000e-02 9.4900e-01 2.2000e-02 7.7600e-01 1.0000e-02
CUB019 8.3800e-01 6.4000e-01 2.1000e-02 7.4900e-01 2.1300e-01 5.6200e-01
CUB026 4.7100e-01 9.2500e-01 3.4000e-02 3.0400e-01 3.5200e-01 1.1400e-01
CUB027 3.0000e-03 1.0000e-02 5.0500e-01 3.0000e-03 3.6300e-01 1.0000e-03
CUB028 7.8000e-02 1.4300e-01 8.0700e-01 6.7000e-02 9.2300e-01 4.5000e-02
CUB029 8.8700e-01 2.0000e-01 2.0000e-03 9.8300e-01 1.2500e-01 7.9200e-01
CUB032 8.9000e-01 3.2200e-01 1.0000e-02 9.3300e-01 1.6700e-01 9.0400e-01
CUB033 3.4200e-01 6.3000e-01 1.8000e-01 2.9200e-01 4.9700e-01 1.9900e-01
CUB036 1.3600e-01 2.7700e-01 7.6200e-01 1.4600e-01 9.8000e-01 1.0600e-01
CUB037 1.8000e-01 1.6000e-02 3.0000e-03 1.4200e-01 4.4000e-02 1.3700e-01
CUB038 3.8100e-01 5.2800e-01 8.4500e-01 4.0900e-01 9.9200e-01 3.7400e-01
CUB040 6.6100e-01 1.8100e-01 5.0000e-03 7.1100e-01 9.6000e-02 7.6800e-01
CUB042 4.2200e-01 4.7000e-02 2.0000e-03 4.3100e-01 4.6000e-02 4.7700e-01
CUB044 1.4700e-01 4.3100e-01 5.0000e-02 7.2000e-02 4.2800e-01 1.3000e-02
CUB048 4.6300e-01 8.5200e-01 4.6000e-02 3.5500e-01 3.5400e-01 2.4400e-01
CUB049 6.0200e-01 9.6500e-01 1.0200e-01 5.6800e-01 3.9100e-01 4.4100e-01
CUB050 1.7500e-01 3.2300e-01 5.5800e-01 1.5300e-01 8.6600e-01 1.2600e-01
CUB052 6.3400e-01 8.1000e-02 4.0000e-03 6.5100e-01 6.8000e-02 7.6000e-01
CUB053 2.9700e-01 6.1000e-01 1.0200e-01 2.1300e-01 4.4400e-01 1.0200e-01
CUB056 1.6500e-01 9.0000e-03 2.0000e-03 1.2600e-01 3.8000e-02 9.5000e-02
NAU101 3.7900e-01 7.2100e-01 9.7000e-02 3.1900e-01 4.4200e-01 1.8500e-01
NAU105 8.8700e-01 6.5400e-01 4.4000e-02 7.9800e-01 2.5200e-01 6.2400e-01
NAU106 7.2700e-01 6.5800e-01 1.5000e-02 6.1800e-01 1.9500e-01 3.6200e-01
NAU107 2.1100e-01 3.6900e-01 5.5100e-01 1.8000e-01 8.5600e-01 1.4300e-01
NAU108 5.6000e-02 1.1700e-01 6.8000e-01 3.9000e-02 9.7600e-01 1.8000e-02
NAU109 8.9200e-01 5.1700e-01 4.1000e-02 9.3500e-01 1.9100e-01 9.8900e-01
NAU110            5.0700e-01 1.8000e-02 9.4300e-01 1.6700e-01 7.9800e-01
NAU114 4.7458e-01            3.6000e-02 3.8100e-01 2.9400e-01 1.8800e-01
NAU117 2.4365e-02 3.9753e-02            6.0000e-03 7.3400e-01 6.0000e-03
NAU119 9.2844e-01 3.6204e-01 1.8173e-02            1.8500e-01 8.2400e-01
NAU121 1.7233e-01 2.8375e-01 7.2777e-01 1.6874e-01            1.3700e-01
NAU123 7.7369e-01 1.8861e-01 8.6518e-03 8.2336e-01 1.3453e-01           
NAU124 4.3936e-01 6.3730e-01 4.7511e-01 4.2930e-01 6.9941e-01 3.7573e-01
NAU129 2.4060e-01 4.1344e-01 4.2572e-01 2.1871e-01 7.3784e-01 1.6280e-01
NAU130 8.5334e-01 3.5439e-01 1.7950e-02 9.1391e-01 1.4330e-01 9.4669e-01
NAU132 3.2508e-03 4.3260e-03 9.1579e-01 1.2179e-03 7.2186e-01 1.7873e-04
NAU133 8.8655e-01 3.4682e-01 1.5125e-02 9.5337e-01 1.4351e-01 8.8774e-01
NAU136 5.3098e-01 8.1944e-01 2.1234e-02 3.8196e-01 2.3792e-01 1.4991e-01
NAU137 2.2331e-01 4.0594e-01 3.1083e-01 1.8165e-01 6.6281e-01 1.1306e-01
NAU139 8.1001e-01 4.6228e-01 1.1816e-02 6.7621e-01 1.7543e-01 3.8700e-01
NAU144 3.2340e-01 2.5566e-02 2.5228e-03 2.7707e-01 7.2416e-02 2.3113e-01
NAU146 3.9067e-01 5.8233e-01 4.7265e-01 3.7442e-01 7.2362e-01 3.1564e-01
NAU147 1.4547e-01 2.9577e-01 1.6372e-01 7.5069e-02 5.7159e-01 1.6072e-02
NAU148 1.4400e-01 8.6334e-03 1.4380e-03 1.0666e-01 4.5050e-02 6.8166e-02
NAU149 7.4779e-01 2.8392e-01 1.4789e-02 7.9868e-01 1.2527e-01 9.2052e-01
NAU150 5.7737e-01 9.5860e-02 3.8836e-03 5.9248e-01 8.9678e-02 6.9381e-01
NAU153 5.1348e-01 1.2090e-01 7.7604e-03 5.2595e-01 1.0029e-01 5.9225e-01
NAU154 4.3379e-01 8.7851e-01 6.3555e-02 3.4447e-01 3.2850e-01 2.0343e-01
NAU155 1.3938e-05 1.1219e-05 2.1341e-02 9.6490e-06 2.9548e-02 2.6012e-06
NAU156 2.8273e-02 4.6762e-02 9.2734e-01 2.0748e-02 7.7911e-01 9.7470e-03
NAU157 7.8168e-01 1.4791e-01 4.6710e-03 8.3906e-01 1.1239e-01 9.4184e-01
NAU159 1.3625e-01 3.1140e-01 9.5349e-02 5.7585e-02 4.8521e-01 6.0649e-03
NAU160 3.7465e-01 7.8045e-01 7.4839e-02 2.7542e-01 3.7350e-01 1.3503e-01
NAU164 6.1777e-01 9.3351e-01 1.9763e-01 5.7471e-01 4.4319e-01 4.8036e-01
NCS203 8.9714e-01 3.2246e-01 2.0091e-02 9.6317e-01 1.8554e-01 8.5390e-01
NCS204 6.7962e-01 9.1601e-01 9.5707e-02 6.2346e-01 3.1063e-01 5.0853e-01
NCS212 6.6826e-02 1.3334e-01 3.6556e-01 4.0913e-02 7.9363e-01 1.4712e-02
NCS213 1.3832e-01 2.6238e-01 4.1750e-01 1.1309e-01 7.8216e-01 6.8757e-02
NCS214 1.2572e-01 2.2329e-01 5.3591e-01 1.0393e-01 8.8151e-01 6.4131e-02
NCS233 2.8311e-01 5.4714e-01 1.6813e-01 2.1176e-01 5.1757e-01 1.1184e-01
NCS237 5.7993e-01 1.7048e-01 1.4359e-02 5.9834e-01 1.3200e-01 6.7235e-01
NCS248 7.9967e-02 1.6321e-01 2.9738e-01 4.7496e-02 7.2648e-01 1.6031e-02
NCS253 1.7378e-01 2.8001e-01 7.8226e-01 1.7246e-01 9.5843e-01 1.4007e-01
NCS255 8.5374e-03 1.4810e-02 8.6974e-01 4.7491e-03 7.6840e-01 1.3787e-03
NCS263 7.3267e-02 1.5010e-01 2.4506e-01 3.7191e-02 6.8678e-01 8.8847e-03
           NAU124     NAU129     NAU130     NAU132     NAU133     NAU136
CUB000 8.1300e-01 6.3200e-01 2.8700e-01 3.7000e-02 2.8700e-01 5.2100e-01
CUB003 8.1000e-01 8.6000e-01 8.8000e-02 4.4100e-01 7.5000e-02 1.5000e-01
CUB004 5.5200e-01 2.3300e-01 5.8000e-01 1.0000e-03 6.0500e-01 6.8700e-01
CUB007 8.1600e-01 8.8700e-01 3.6100e-01 7.2000e-01 3.4900e-01 4.7200e-01
CUB008 8.8000e-02 5.0000e-03 5.9000e-02 1.0000e-03 2.6000e-02 1.0000e-03
CUB009 2.6200e-01 5.5000e-02 5.0500e-01 1.0000e-03 3.7700e-01 7.0000e-03
CUB010 8.7800e-01 7.1800e-01 1.0000e-01 1.7000e-02 8.6000e-02 2.1300e-01
CUB011 1.5600e-01 3.2000e-02 1.2000e-01 1.0000e-03 8.2000e-02 1.0000e-03
CUB012 9.3100e-01 8.6900e-01 3.6300e-01 3.1000e-01 3.7400e-01 6.2700e-01
CUB015 5.0700e-01 2.8200e-01 7.0600e-01 3.0000e-03 7.0200e-01 6.6600e-01
CUB017 5.3500e-01 4.8900e-01 2.5000e-02 9.8900e-01 2.3000e-02 3.4000e-02
CUB019 5.4800e-01 2.7500e-01 6.8400e-01 3.0000e-03 6.9800e-01 6.9500e-01
CUB026 6.9900e-01 4.9300e-01 3.2200e-01 4.0000e-03 3.1900e-01 7.0100e-01
CUB027 2.2200e-01 1.5200e-01 5.0000e-03 3.5000e-01 6.0000e-03 3.0000e-03
CUB028 6.5100e-01 6.3500e-01 5.5000e-02 8.2200e-01 5.0000e-02 9.1000e-02
CUB029 4.1700e-01 1.5900e-01 9.1000e-01 1.0000e-03 9.6900e-01 1.4500e-01
CUB032 4.5700e-01 1.9700e-01 9.5800e-01 1.0000e-03 9.9400e-01 3.1400e-01
CUB033 8.9100e-01 7.5900e-01 2.2600e-01 1.0300e-01 2.5800e-01 4.9900e-01
CUB036 7.1000e-01 7.5500e-01 1.1700e-01 7.4800e-01 1.1300e-01 2.1200e-01
CUB037 1.8400e-01 3.5000e-02 2.6200e-01 1.0000e-03 1.8800e-01 4.0000e-03
CUB038 8.1800e-01 8.2400e-01 3.9300e-01 8.3700e-01 3.5800e-01 4.7500e-01
CUB040 3.2900e-01 1.4000e-01 7.8000e-01 2.0000e-03 7.2000e-01 1.9600e-01
CUB042 2.5300e-01 5.2000e-02 5.7800e-01 1.0000e-03 4.6500e-01 2.2000e-02
CUB044 8.3500e-01 6.6400e-01 7.6000e-02 3.0000e-03 6.5000e-02 1.8100e-01
CUB048 7.2400e-01 5.3000e-01 3.3100e-01 1.4000e-02 3.2300e-01 6.9000e-01
CUB049 7.2300e-01 5.5100e-01 5.0300e-01 4.6000e-02 5.0100e-01 8.6300e-01
CUB050 7.9500e-01 8.4900e-01 1.1900e-01 5.5300e-01 1.2500e-01 2.3200e-01
CUB052 2.9500e-01 7.8000e-02 7.5900e-01 1.0000e-03 7.3700e-01 4.6000e-02
CUB053 8.4000e-01 6.7600e-01 1.9800e-01 3.5000e-02 2.0000e-01 4.6000e-01
CUB056 1.8900e-01 4.0000e-02 2.3800e-01 1.0000e-03 1.8200e-01 1.0000e-03
NAU101 7.9900e-01 6.4600e-01 2.9900e-01 3.3000e-02 2.6300e-01 5.9000e-01
NAU105 5.6900e-01 3.7800e-01 7.6500e-01 7.0000e-03 7.7800e-01 7.1800e-01
NAU106 5.6800e-01 2.8400e-01 6.1300e-01 2.0000e-03 5.9300e-01 7.6900e-01
NAU107 8.8000e-01 9.1000e-01 1.6500e-01 4.5800e-01 1.8300e-01 2.8600e-01
NAU108 6.9900e-01 6.9500e-01 2.8000e-02 6.5700e-01 3.6000e-02 4.8000e-02
NAU109 4.5100e-01 2.7500e-01 9.8800e-01 2.4000e-02 9.4600e-01 5.7300e-01
NAU110 4.7800e-01 2.6600e-01 8.7000e-01 6.0000e-03 8.8600e-01 5.6800e-01
NAU114 6.8500e-01 4.3100e-01 3.6100e-01 5.0000e-03 3.8500e-01 8.2400e-01
NAU117 4.9600e-01 4.4900e-01 1.8000e-02 9.2900e-01 6.0000e-03 1.7000e-02
NAU119 4.6600e-01 2.1700e-01 9.0700e-01 4.0000e-03 9.5500e-01 4.0000e-01
NAU121 7.1600e-01 7.4200e-01 1.4700e-01 7.3900e-01 1.4100e-01 2.2700e-01
NAU123 4.3400e-01 1.7300e-01 9.4400e-01 2.0000e-03 9.1300e-01 1.5000e-01
NAU124            9.3400e-01 4.3700e-01 4.5900e-01 4.4100e-01 6.1100e-01
NAU129 9.2064e-01            1.8200e-01 3.7100e-01 2.1600e-01 3.5700e-01
NAU130 3.8607e-01 1.9546e-01            3.0000e-03 9.6400e-01 4.0400e-01
NAU132 4.2238e-01 3.4786e-01 1.9984e-03            3.0000e-03 1.0000e-03
NAU133 3.9307e-01 1.9352e-01 9.5719e-01 1.2345e-03            3.9600e-01
NAU136 5.7880e-01 3.3705e-01 3.8774e-01 8.0004e-04 3.7612e-01           
NAU137 9.8719e-01 9.1205e-01 1.7414e-01 1.9682e-01 1.6582e-01 3.0041e-01
NAU139 4.7258e-01 2.3614e-01 6.3111e-01 2.8128e-04 6.4534e-01 5.0225e-01
NAU144 2.4374e-01 7.4420e-02 4.4197e-01 1.4948e-05 3.5326e-01 6.4019e-03
NAU146 9.7986e-01 9.4252e-01 3.3832e-01 4.0651e-01 3.4126e-01 5.1627e-01
NAU147 9.5080e-01 8.0972e-01 1.0026e-01 3.9894e-02 8.1434e-02 1.2252e-01
NAU148 1.6881e-01 4.2088e-02 2.0512e-01 9.7398e-06 1.4545e-01 2.2347e-03
NAU149 3.5003e-01 1.6805e-01 8.8968e-01 1.5124e-03 8.4123e-01 3.0464e-01
NAU150 2.9506e-01 1.0581e-01 7.4225e-01 5.1797e-05 6.6542e-01 6.4396e-02
NAU153 2.9563e-01 1.1830e-01 6.4424e-01 3.1205e-04 5.7778e-01 1.0332e-01
NAU154 6.9047e-01 4.8472e-01 3.2950e-01 1.2797e-02 3.2435e-01 7.1421e-01
NAU155 1.8275e-02 5.0552e-03 9.7326e-06 2.0038e-03 5.9818e-06 3.1007e-06
NAU156 5.1180e-01 4.6894e-01 2.0770e-02 9.8536e-01 1.7517e-02 2.4906e-02
NAU157 3.5073e-01 1.3704e-01 9.7491e-01 4.3048e-05 9.1189e-01 9.6528e-02
NAU159 8.8805e-01 7.1047e-01 8.8246e-02 1.1060e-02 6.8088e-02 9.5679e-02
NAU160 7.3711e-01 5.3509e-01 2.7920e-01 1.3105e-02 2.6607e-01 5.8946e-01
NAU164 7.4875e-01 6.0712e-01 5.3282e-01 1.1229e-01 5.4137e-01 8.4635e-01
NCS203 4.4513e-01 2.2864e-01 9.4587e-01 1.0099e-03 9.8780e-01 3.1346e-01
NCS204 6.2788e-01 4.5516e-01 5.7313e-01 3.8508e-02 5.8702e-01 9.8662e-01
NCS212 8.2391e-01 8.8031e-01 4.6250e-02 2.3610e-01 3.8577e-02 6.4636e-02
NCS213 8.5681e-01 9.2334e-01 1.0536e-01 3.2382e-01 9.9416e-02 1.8549e-01
NCS214 7.9066e-01 8.2996e-01 9.7511e-02 4.6081e-01 9.1209e-02 1.5694e-01
NCS233 8.7670e-01 7.2410e-01 2.1508e-01 6.0972e-02 2.0185e-01 3.9148e-01
NCS237 3.4213e-01 1.5549e-01 7.0672e-01 8.7964e-04 6.4629e-01 1.5429e-01
NCS248 8.8266e-01 9.6177e-01 5.5038e-02 1.6168e-01 4.5838e-02 7.8106e-02
NCS253 6.7151e-01 7.0669e-01 1.4593e-01 7.8793e-01 1.4653e-01 2.3762e-01
NCS255 4.6084e-01 4.0692e-01 5.5978e-03 9.2305e-01 4.1616e-03 5.2143e-03
NCS263 9.1348e-01 9.9353e-01 4.8751e-02 1.0356e-01 3.8432e-02 5.7764e-02
           NAU137     NAU139     NAU144     NAU146     NAU147     NAU148
CUB000 6.7900e-01 3.2800e-01 2.6000e-02 7.6500e-01 6.7100e-01 7.0000e-03
CUB003 7.5800e-01 1.0100e-01 1.3000e-02 8.1900e-01 6.3200e-01 5.0000e-03
CUB004 2.0300e-01 8.8900e-01 2.3000e-02 4.4300e-01 5.0000e-02 5.0000e-03
CUB007 8.2800e-01 4.1700e-01 2.1700e-01 8.5100e-01 7.7400e-01 1.6000e-01
CUB008 2.0000e-03 1.0000e-03 1.0000e-02 5.1000e-02 1.0000e-03 3.9800e-01
CUB009 3.8000e-02 3.2000e-02 8.7700e-01 1.7500e-01 2.0000e-03 2.4700e-01
CUB010 7.6800e-01 7.2000e-02 3.0000e-03 8.3400e-01 7.7500e-01 3.0000e-03
CUB011 1.2000e-02 1.0000e-03 3.8000e-02 9.0000e-02 1.0000e-03 7.4000e-01
CUB012 9.0800e-01 4.6700e-01 1.9100e-01 9.1400e-01 9.7500e-01 1.2300e-01
CUB015 2.6400e-01 9.9500e-01 1.3400e-01 4.5200e-01 1.2000e-01 3.0000e-02
CUB017 3.8400e-01 2.2000e-02 5.0000e-03 5.1600e-01 2.5000e-01 3.0000e-03
CUB019 2.7100e-01 9.8600e-01 1.4500e-01 4.5200e-01 1.5900e-01 6.0000e-02
CUB026 4.4300e-01 3.4400e-01 5.0000e-03 6.4800e-01 2.9700e-01 2.0000e-03
CUB027 1.0700e-01 4.0000e-03 1.0000e-03 1.9000e-01 4.3000e-02 1.0000e-03
CUB028 5.4900e-01 5.7000e-02 1.1000e-02 6.6200e-01 4.2100e-01 7.0000e-03
CUB029 1.0500e-01 4.8300e-01 4.4000e-02 3.1700e-01 1.0000e-02 1.0000e-02
CUB032 1.6700e-01 5.8900e-01 2.9300e-01 3.6400e-01 4.2000e-02 9.5000e-02
CUB033 8.2200e-01 3.2900e-01 3.8000e-02 8.6200e-01 8.6100e-01 2.0000e-02
CUB036 6.7800e-01 1.6200e-01 4.4000e-02 7.1200e-01 5.6700e-01 3.0000e-02
CUB037 2.0000e-02 1.9000e-02 4.4400e-01 1.1500e-01 1.0000e-03 9.8800e-01
CUB038 7.8600e-01 4.1500e-01 2.4900e-01 8.1000e-01 7.5000e-01 1.8900e-01
CUB040 1.0000e-01 3.8200e-01 6.4400e-01 2.5400e-01 2.8000e-02 3.1800e-01
CUB042 2.9000e-02 7.8000e-02 7.6400e-01 1.8600e-01 3.0000e-03 2.6300e-01
CUB044 6.9300e-01 5.7000e-02 1.0000e-03 8.0000e-01 7.2000e-01 1.0000e-03
CUB048 5.5400e-01 4.8200e-01 3.0000e-02 6.6400e-01 5.1200e-01 1.2000e-02
CUB049 5.9700e-01 6.5600e-01 1.7200e-01 6.7900e-01 5.7000e-01 6.7000e-02
CUB050 7.7200e-01 1.7300e-01 3.5000e-02 8.1100e-01 6.7700e-01 2.4000e-02
CUB052 4.6000e-02 2.1900e-01 3.3600e-01 2.3000e-01 7.0000e-03 6.2000e-02
CUB053 7.3300e-01 2.3900e-01 1.7000e-02 7.9200e-01 7.7700e-01 8.0000e-03
CUB056 2.2000e-02 7.0000e-03 4.3200e-01 1.2600e-01 1.0000e-03 8.4100e-01
NAU101 6.7200e-01 3.7600e-01 3.1000e-02 7.5700e-01 6.8200e-01 9.0000e-03
NAU105 3.4400e-01 9.9000e-01 2.1500e-01 5.1200e-01 1.6900e-01 7.3000e-02
NAU106 2.4700e-01 8.1800e-01 2.5000e-02 4.7100e-01 9.9000e-02 1.2000e-02
NAU107 8.4900e-01 2.1000e-01 4.2000e-02 8.6500e-01 7.6600e-01 3.6000e-02
NAU108 5.8300e-01 2.7000e-02 3.0000e-03 7.0000e-01 3.9400e-01 1.0000e-03
NAU109 3.3400e-01 7.8500e-01 6.8500e-01 4.4800e-01 2.9600e-01 4.8300e-01
NAU110 2.2200e-01 8.3800e-01 3.1800e-01 4.0500e-01 1.5100e-01 1.3600e-01
NAU114 4.1400e-01 5.0400e-01 2.3000e-02 6.1100e-01 2.8300e-01 4.0000e-03
NAU117 3.4800e-01 1.0000e-02 1.0000e-03 5.0900e-01 1.5900e-01 2.0000e-03
NAU119 1.8400e-01 7.1600e-01 2.7900e-01 3.8400e-01 5.5000e-02 1.0100e-01
NAU121 7.0800e-01 1.7400e-01 5.7000e-02 7.3500e-01 6.0100e-01 2.8000e-02
NAU123 1.2100e-01 4.4400e-01 2.3600e-01 3.1100e-01 1.5000e-02 6.0000e-02
NAU124 9.8800e-01 5.0700e-01 2.6200e-01 9.8100e-01 9.4400e-01 1.5600e-01
NAU129 9.2700e-01 2.3900e-01 5.7000e-02 9.4200e-01 8.3400e-01 3.5000e-02
NAU130 1.6400e-01 6.7500e-01 4.3300e-01 3.4100e-01 8.5000e-02 1.9200e-01
NAU132 2.2800e-01 1.0000e-03 1.0000e-03 4.2200e-01 3.8000e-02 1.0000e-03
NAU133 1.5700e-01 6.5600e-01 3.3600e-01 3.5000e-01 6.6000e-02 1.4900e-01
NAU136 3.2700e-01 5.1600e-01 4.0000e-03 5.4000e-01 1.0500e-01 1.0000e-03
NAU137            1.9900e-01 2.7000e-02 9.8900e-01 8.7900e-01 1.5000e-02
NAU139 1.8734e-01            1.5000e-02 4.1300e-01 2.9000e-02 3.0000e-03
NAU144 3.7189e-02 2.7972e-02            1.6800e-01 2.0000e-03 3.0800e-01
NAU146 9.8890e-01 4.0824e-01 1.9005e-01            9.2700e-01 1.0900e-01
NAU147 8.8715e-01 4.3985e-02 8.6256e-04 9.1875e-01            2.0000e-03
NAU148 1.8984e-02 8.0347e-03 3.0468e-01 1.2677e-01 5.4258e-04           
NAU149 1.4604e-01 5.1483e-01 5.5494e-01 3.0395e-01 7.8364e-02 2.7099e-01
NAU150 6.5828e-02 1.9677e-01 4.3695e-01 2.3810e-01 6.3875e-03 1.2660e-01
NAU153 8.3898e-02 2.2622e-01 7.8079e-01 2.4607e-01 2.0503e-02 3.6178e-01
NAU154 5.0146e-01 4.2872e-01 4.2754e-02 6.4195e-01 4.5141e-01 1.6012e-02
NAU155 1.6478e-03 1.6825e-06 6.2898e-07 1.5882e-02 1.5123e-04 4.6303e-07
NAU156 3.4779e-01 1.3707e-02 2.7511e-03 5.1009e-01 1.8846e-01 1.5506e-03
NAU157 8.7262e-02 3.3019e-01 1.0928e-01 2.8745e-01 5.8816e-03 2.5650e-02
NAU159 7.6609e-01 2.3783e-02 7.0040e-05 8.4693e-01 7.8820e-01 7.2900e-05
NAU160 5.4991e-01 3.1754e-01 1.9940e-02 6.8943e-01 4.8416e-01 7.7570e-03
NAU164 6.5063e-01 6.6781e-01 2.6439e-01 7.2112e-01 6.6890e-01 1.6126e-01
NCS203 1.8061e-01 6.0529e-01 2.4951e-01 3.8845e-01 5.4302e-02 9.2412e-02
NCS204 4.8596e-01 7.5998e-01 2.4385e-01 5.9230e-01 4.7833e-01 1.2967e-01
NCS212 7.4078e-01 2.9241e-02 2.3117e-03 8.3827e-01 5.1414e-01 1.1051e-03
NCS213 8.1400e-01 1.1195e-01 2.2354e-02 8.7563e-01 6.6729e-01 1.1208e-02
NCS214 7.2047e-01 9.7582e-02 2.2777e-02 8.0482e-01 5.6861e-01 1.2340e-02
NCS233 7.7963e-01 2.2115e-01 2.4488e-02 8.4203e-01 8.2298e-01 1.1224e-02
NCS237 1.1788e-01 3.0000e-01 7.4832e-01 2.9290e-01 3.7501e-02 3.7318e-01
NCS248 8.3082e-01 3.4063e-02 2.1853e-03 9.0145e-01 6.1173e-01 1.0333e-03
NCS253 6.3776e-01 1.7839e-01 7.8701e-02 6.9732e-01 5.5262e-01 5.0356e-02
NCS255 2.6581e-01 2.2180e-03 2.1301e-04 4.5299e-01 9.9687e-02 1.1008e-04
NCS263 8.7629e-01 2.1462e-02 7.2947e-04 9.3469e-01 6.3775e-01 3.7782e-04
           NAU149     NAU150     NAU153     NAU154     NAU155     NAU156
CUB000 2.2600e-01 8.0000e-02 1.0100e-01 8.2100e-01 1.0000e-03 1.0700e-01
CUB003 6.3000e-02 3.5000e-02 3.6000e-02 3.0100e-01 3.0000e-03 5.5500e-01
CUB004 4.8400e-01 1.8600e-01 2.2200e-01 5.2100e-01 1.0000e-03 4.0000e-03
CUB007 3.1900e-01 2.6400e-01 2.7500e-01 5.7300e-01 7.0000e-02 7.7700e-01
CUB008 7.7000e-02 6.0000e-03 9.8000e-02 1.0000e-03 1.0000e-03 1.0000e-03
CUB009 6.3900e-01 5.3600e-01 8.8600e-01 3.3000e-02 1.0000e-03 2.0000e-03
CUB010 7.1000e-02 8.0000e-03 1.3000e-02 5.8300e-01 1.0000e-03 8.3000e-02
CUB011 1.8600e-01 2.2000e-02 2.2100e-01 2.0000e-03 1.0000e-03 1.0000e-03
CUB012 3.6100e-01 2.4700e-01 2.8000e-01 7.4600e-01 1.0000e-02 3.9100e-01
CUB015 6.2000e-01 3.9200e-01 3.6200e-01 5.3600e-01 1.0000e-03 2.0000e-02
CUB017 1.3000e-02 1.0000e-02 9.0000e-03 9.0000e-02 1.5000e-02 9.8700e-01
CUB019 6.0800e-01 4.0400e-01 3.8000e-01 5.6300e-01 1.0000e-03 1.9000e-02
CUB026 2.6800e-01 3.4000e-02 7.1000e-02 9.4100e-01 1.0000e-03 4.5000e-02
CUB027 3.0000e-03 1.0000e-03 3.0000e-03 1.8000e-02 1.6000e-01 4.7100e-01
CUB028 4.5000e-02 2.3000e-02 2.4000e-02 1.7100e-01 1.7000e-02 8.6900e-01
CUB029 7.7500e-01 4.5600e-01 4.2300e-01 2.3400e-01 1.0000e-03 4.0000e-03
CUB032 8.6000e-01 6.8900e-01 5.9800e-01 2.9800e-01 1.0000e-03 9.0000e-03
CUB033 2.0900e-01 1.2000e-01 1.2800e-01 7.0200e-01 2.0000e-03 2.2000e-01
CUB036 9.0000e-02 7.4000e-02 8.2000e-02 2.8800e-01 2.2000e-02 8.0400e-01
CUB037 2.9000e-01 2.2100e-01 4.4200e-01 2.2000e-02 1.0000e-03 1.0000e-03
CUB038 3.3800e-01 2.8600e-01 3.0500e-01 5.5700e-01 1.3800e-01 8.4400e-01
CUB040 8.9100e-01 9.8300e-01 8.8200e-01 1.6500e-01 1.0000e-03 7.0000e-03
CUB042 7.0400e-01 7.1800e-01 9.6300e-01 5.3000e-02 1.0000e-03 1.0000e-03
CUB044 6.0000e-02 2.0000e-03 1.0000e-02 6.2200e-01 1.0000e-03 6.6000e-02
CUB048 2.4600e-01 1.2800e-01 1.2800e-01 9.7200e-01 1.0000e-03 8.6000e-02
CUB049 4.5400e-01 2.8500e-01 2.8200e-01 9.4900e-01 1.0000e-03 1.3600e-01
CUB050 9.2000e-02 7.3000e-02 7.4000e-02 3.7900e-01 8.0000e-03 6.3500e-01
CUB052 9.2800e-01 9.1600e-01 7.2600e-01 9.7000e-02 1.0000e-03 1.0000e-03
CUB053 1.4300e-01 4.7000e-02 7.2000e-02 7.3400e-01 1.0000e-03 1.1300e-01
CUB056 3.4600e-01 1.7300e-01 4.7500e-01 2.1000e-02 1.0000e-03 1.0000e-03
NAU101 2.2400e-01 9.7000e-02 1.1100e-01 8.3700e-01 1.0000e-03 1.2000e-01
NAU105 6.6200e-01 4.5300e-01 4.4000e-01 5.5200e-01 1.0000e-03 3.6000e-02
NAU106 4.8400e-01 1.9700e-01 2.2200e-01 6.0200e-01 1.0000e-03 1.5000e-02
NAU107 1.3500e-01 9.9000e-02 9.3000e-02 4.5600e-01 2.0000e-03 5.9800e-01
NAU108 4.6000e-02 5.0000e-03 1.2000e-02 1.4800e-01 6.0000e-03 7.5700e-01
NAU109 9.5800e-01 8.9900e-01 8.0900e-01 4.9700e-01 2.0000e-03 5.5000e-02
NAU110 7.6100e-01 6.2200e-01 5.4200e-01 4.7800e-01 1.0000e-03 2.1000e-02
NAU114 2.7900e-01 7.6000e-02 1.1000e-01 8.9900e-01 1.0000e-03 3.1000e-02
NAU117 1.2000e-02 3.0000e-03 5.0000e-03 4.9000e-02 1.1000e-02 9.3700e-01
NAU119 8.2900e-01 6.2800e-01 5.7300e-01 3.6100e-01 1.0000e-03 2.0000e-02
NAU121 1.1600e-01 8.4000e-02 1.0000e-01 3.5400e-01 2.0000e-02 8.0800e-01
NAU123 9.2000e-01 7.3800e-01 6.4000e-01 2.2200e-01 1.0000e-03 8.0000e-03
NAU124 3.6400e-01 3.2800e-01 3.1200e-01 7.0600e-01 1.7000e-02 5.4900e-01
NAU129 1.7300e-01 1.0200e-01 1.1400e-01 5.2200e-01 5.0000e-03 4.9900e-01
NAU130 8.9500e-01 7.8300e-01 6.4000e-01 3.5500e-01 1.0000e-03 1.3000e-02
NAU132 1.0000e-03 1.0000e-03 1.0000e-03 9.0000e-03 2.0000e-03 9.8400e-01
NAU133 8.5600e-01 6.9000e-01 6.1700e-01 3.1200e-01 1.0000e-03 1.0000e-02
NAU136 2.9300e-01 6.3000e-02 9.2000e-02 7.1500e-01 1.0000e-03 1.9000e-02
NAU137 1.4100e-01 6.6000e-02 8.5000e-02 5.2800e-01 1.0000e-03 3.8000e-01
NAU139 5.5700e-01 2.0900e-01 2.3200e-01 4.5700e-01 1.0000e-03 1.0000e-02
NAU144 5.8600e-01 4.5700e-01 7.9200e-01 3.0000e-02 1.0000e-03 1.0000e-03
NAU146 3.1600e-01 2.3000e-01 2.4700e-01 6.7900e-01 1.0000e-02 5.4800e-01
NAU147 7.1000e-02 6.0000e-03 1.5000e-02 4.6200e-01 1.0000e-03 2.0000e-01
NAU148 2.8600e-01 1.3200e-01 3.7500e-01 8.0000e-03 1.0000e-03 2.0000e-03
NAU149            8.9100e-01 7.5000e-01 2.8000e-01 1.0000e-03 7.0000e-03
NAU150 8.7920e-01            8.2500e-01 1.0800e-01 1.0000e-03 3.0000e-03
NAU153 7.5531e-01 7.9785e-01            1.2200e-01 1.0000e-03 3.0000e-03
NAU154 2.6781e-01 1.1253e-01 1.3055e-01            1.0000e-03 5.6000e-02
NAU155 8.1159e-06 6.3291e-07 4.0219e-06 3.1432e-05            1.1000e-02
NAU156 1.7070e-02 4.3969e-03 8.7276e-03 7.4503e-02 1.6150e-02           
NAU157 8.7813e-01 5.8606e-01 5.0725e-01 1.6840e-01 5.6768e-07 5.3049e-03
NAU159 6.6184e-02 2.0346e-03 1.1634e-02 4.9955e-01 2.8018e-05 1.1194e-01
NAU160 2.2496e-01 6.8421e-02 9.5287e-02 9.1678e-01 4.6593e-05 8.6856e-02
NAU164 4.7561e-01 3.6840e-01 3.6062e-01 9.9467e-01 1.7607e-03 2.1936e-01
NCS203 8.3001e-01 6.0559e-01 5.4342e-01 3.2008e-01 1.5194e-05 2.2527e-02
NCS204 5.0135e-01 3.7592e-01 3.5630e-01 8.3856e-01 2.0604e-04 1.0966e-01
NCS212 3.6319e-02 6.1853e-03 1.3182e-02 2.1210e-01 6.7013e-04 4.1661e-01
NCS213 8.7103e-02 3.7687e-02 5.0061e-02 3.3847e-01 2.3473e-03 4.6605e-01
NCS214 8.1859e-02 3.5886e-02 4.9155e-02 2.8998e-01 5.9872e-03 5.8889e-01
NCS233 1.7686e-01 6.0295e-02 8.4242e-02 6.7317e-01 3.3729e-04 1.9136e-01
NCS237 8.1164e-01 8.6814e-01 9.5679e-01 1.7858e-01 1.5261e-05 1.5991e-02
NCS248 4.3008e-02 6.6627e-03 1.4661e-02 2.5700e-01 4.0243e-04 3.4138e-01
NCS253 1.2846e-01 9.4995e-02 1.0573e-01 3.2135e-01 4.1981e-02 8.3261e-01
NCS255 4.3204e-03 4.7428e-04 1.4448e-03 3.0818e-02 3.3913e-03 9.5865e-01
NCS263 3.7427e-02 3.3543e-03 9.9642e-03 2.5580e-01 2.0236e-04 2.8399e-01
           NAU157     NAU159     NAU160     NAU164     NCS203     NCS204
CUB000 1.2200e-01 7.5100e-01 8.7600e-01 8.7200e-01 2.4300e-01 7.3100e-01
CUB003 4.5000e-02 5.1300e-01 3.3800e-01 4.5900e-01 8.3000e-02 2.8600e-01
CUB004 3.2000e-01 4.9000e-02 4.2200e-01 7.3200e-01 5.4400e-01 8.4300e-01
CUB007 3.1300e-01 7.0500e-01 6.1500e-01 6.5100e-01 3.8400e-01 5.2700e-01
CUB008 1.0000e-03 1.0000e-03 1.0000e-03 6.5000e-02 6.0000e-03 3.9000e-02
CUB009 1.7100e-01 1.0000e-03 1.5000e-02 2.7800e-01 3.1800e-01 2.4500e-01
CUB010 1.4000e-02 9.4000e-01 6.6000e-01 7.3200e-01 6.2000e-02 5.4100e-01
CUB011 1.0000e-03 1.0000e-03 3.0000e-03 1.3400e-01 2.1000e-02 9.0000e-02
CUB012 3.2500e-01 9.5800e-01 7.9800e-01 7.9800e-01 4.4100e-01 6.5900e-01
CUB015 5.6500e-01 1.0900e-01 4.6400e-01 7.2500e-01 7.4200e-01 7.9400e-01
CUB017 8.0000e-03 1.4800e-01 1.1000e-01 2.1300e-01 2.5000e-02 1.0200e-01
CUB019 5.8000e-01 1.3800e-01 4.8200e-01 7.2400e-01 7.2000e-01 7.9500e-01
CUB026 6.2000e-02 2.5200e-01 8.5000e-01 9.8200e-01 2.4700e-01 8.9400e-01
CUB027 6.0000e-03 2.2000e-02 1.6000e-02 6.3000e-02 8.0000e-03 2.5000e-02
CUB028 2.9000e-02 3.0600e-01 2.3600e-01 3.6000e-01 8.2000e-02 2.0700e-01
CUB029 7.4800e-01 5.0000e-03 1.2800e-01 5.3000e-01 9.7000e-01 5.6800e-01
CUB032 9.1400e-01 3.2000e-02 2.4300e-01 5.7500e-01 9.7700e-01 6.0100e-01
CUB033 1.3600e-01 9.7900e-01 7.7800e-01 7.8800e-01 2.8400e-01 6.3800e-01
CUB036 9.1000e-02 4.5300e-01 3.6600e-01 4.5900e-01 1.5300e-01 3.0600e-01
CUB037 6.8000e-02 1.0000e-03 1.1000e-02 1.9300e-01 1.4300e-01 1.4000e-01
CUB038 3.1200e-01 6.9100e-01 6.0100e-01 6.3900e-01 4.2100e-01 5.1500e-01
CUB040 7.2900e-01 1.6000e-02 1.4700e-01 4.2800e-01 7.0000e-01 4.1500e-01
CUB042 3.4100e-01 1.0000e-03 3.7000e-02 2.9500e-01 4.1100e-01 2.6200e-01
CUB044 6.0000e-03 8.6900e-01 6.7900e-01 7.7400e-01 4.9000e-02 5.3200e-01
CUB048 1.7900e-01 5.8600e-01 9.5400e-01 9.6900e-01 3.4500e-01 8.1600e-01
CUB049 3.9000e-01 6.0900e-01 9.1800e-01 9.7500e-01 5.4700e-01 9.0400e-01
CUB050 7.1000e-02 5.8200e-01 4.4100e-01 5.1900e-01 1.5700e-01 3.5000e-01
CUB052 6.6900e-01 1.0000e-03 4.6000e-02 3.8500e-01 6.7800e-01 3.8000e-01
CUB053 8.0000e-02 8.5300e-01 8.0000e-01 8.3500e-01 1.7700e-01 6.4000e-01
CUB056 2.8000e-02 1.0000e-03 5.0000e-03 1.7500e-01 8.8000e-02 1.4400e-01
NAU101 1.4100e-01 7.8100e-01 9.1600e-01 8.9300e-01 2.8500e-01 7.5500e-01
NAU105 6.1800e-01 1.7900e-01 5.2700e-01 7.6200e-01 7.7600e-01 8.0600e-01
NAU106 2.9000e-01 7.0000e-02 4.8400e-01 7.7400e-01 5.3200e-01 8.4500e-01
NAU107 1.0700e-01 6.3800e-01 5.0400e-01 5.8000e-01 1.8100e-01 3.9100e-01
NAU108 7.0000e-03 2.4400e-01 1.8200e-01 3.5100e-01 3.9000e-02 1.9000e-01
NAU109 9.9100e-01 2.9100e-01 4.8400e-01 6.2600e-01 9.5200e-01 6.4700e-01
NAU110 7.7700e-01 1.3400e-01 4.2700e-01 6.3700e-01 9.0500e-01 7.1700e-01
NAU114 1.5100e-01 3.2700e-01 8.0100e-01 9.3100e-01 3.3600e-01 9.2600e-01
NAU117 3.0000e-03 7.0000e-02 6.2000e-02 2.0600e-01 1.1000e-02 8.4000e-02
NAU119 8.5600e-01 4.6000e-02 2.8900e-01 6.0600e-01 9.6600e-01 6.5500e-01
NAU121 9.0000e-02 5.3200e-01 4.0500e-01 4.6000e-01 1.8300e-01 3.1900e-01
NAU123 9.4900e-01 4.0000e-03 1.4400e-01 5.1000e-01 8.6500e-01 5.2800e-01
NAU124 3.9200e-01 8.9700e-01 7.6700e-01 8.0200e-01 4.8000e-01 6.3700e-01
NAU129 1.3700e-01 7.4100e-01 5.7300e-01 6.1700e-01 2.4200e-01 4.9000e-01
NAU130 9.7000e-01 6.0000e-02 2.8200e-01 5.6900e-01 9.5700e-01 6.0000e-01
NAU132 1.0000e-03 1.0000e-02 7.0000e-03 1.1200e-01 1.0000e-03 4.1000e-02
NAU133 9.0700e-01 5.5000e-02 2.8400e-01 5.6000e-01 9.9000e-01 5.8600e-01
NAU136 7.9000e-02 7.7000e-02 6.2600e-01 8.6000e-01 3.1000e-01 9.9000e-01
NAU137 8.2000e-02 7.5400e-01 5.8800e-01 6.5700e-01 1.7300e-01 4.9200e-01
NAU139 3.5600e-01 1.7000e-02 3.4600e-01 7.1100e-01 6.4400e-01 7.7800e-01
NAU144 9.0000e-02 1.0000e-03 1.2000e-02 2.6000e-01 2.2500e-01 2.3600e-01
NAU146 2.9900e-01 8.4800e-01 7.0600e-01 7.2100e-01 4.0600e-01 6.3800e-01
NAU147 4.0000e-03 7.7400e-01 4.9500e-01 6.9200e-01 3.0000e-02 4.9200e-01
NAU148 1.7000e-02 1.0000e-03 6.0000e-03 1.5200e-01 8.7000e-02 1.1300e-01
NAU149 9.0100e-01 5.9000e-02 2.1500e-01 5.2900e-01 8.4100e-01 5.2300e-01
NAU150 6.1500e-01 1.0000e-03 6.4000e-02 4.1600e-01 6.3600e-01 3.6200e-01
NAU153 5.4700e-01 1.0000e-02 8.9000e-02 3.9000e-01 5.5000e-01 3.7600e-01
NAU154 1.6100e-01 5.2800e-01 9.2300e-01 9.9100e-01 3.1600e-01 8.7400e-01
NAU155 1.0000e-03 1.0000e-03 1.0000e-03 2.0000e-03 1.0000e-03 1.0000e-03
NAU156 4.0000e-03 1.0200e-01 9.0000e-02 2.2000e-01 1.0000e-02 9.5000e-02
NAU157            1.0000e-03 9.2000e-02 4.9600e-01 8.7900e-01 5.0000e-01
NAU159 1.1471e-03            5.6000e-01 7.3600e-01 2.8000e-02 5.1800e-01
NAU160 9.8653e-02 5.3949e-01            9.6000e-01 2.4700e-01 8.1000e-01
NAU164 4.5745e-01 7.1243e-01 9.4534e-01            6.0500e-01 9.0100e-01
NCS203 8.7412e-01 3.3602e-02 2.4409e-01 5.7234e-01            6.0200e-01
NCS204 4.9027e-01 5.0965e-01 7.8254e-01 8.9064e-01 6.1315e-01           
NCS212 7.7087e-03 3.5101e-01 2.3489e-01 4.2753e-01 3.7499e-02 2.5869e-01
NCS213 5.0619e-02 5.4134e-01 3.8059e-01 5.0548e-01 1.1657e-01 3.4337e-01
NCS214 4.6423e-02 4.4939e-01 3.2622e-01 4.6168e-01 1.0851e-01 3.0790e-01
NCS233 8.1566e-02 9.3501e-01 7.3215e-01 7.9024e-01 1.9569e-01 6.2189e-01
NCS237 5.9698e-01 2.3914e-02 1.3785e-01 4.1526e-01 6.1814e-01 4.1424e-01
NCS248 8.2221e-03 4.3213e-01 2.8262e-01 4.7936e-01 4.1954e-02 3.0149e-01
NCS253 1.1767e-01 4.6992e-01 3.6578e-01 4.3172e-01 1.9049e-01 3.0324e-01
NCS255 5.4350e-04 4.4449e-02 3.5418e-02 1.4894e-01 4.7690e-03 5.9897e-02
NCS263 3.6076e-03 4.2726e-01 2.7569e-01 4.9675e-01 2.9316e-02 3.1146e-01
           NCS212     NCS213     NCS214     NCS233     NCS237     NCS248
CUB000 3.5300e-01 4.9500e-01 4.3100e-01 8.7500e-01 1.5900e-01 4.3200e-01
CUB003 9.4000e-01 9.2400e-01 9.6200e-01 5.7500e-01 6.5000e-02 8.4600e-01
CUB004 2.3000e-02 1.1100e-01 9.2000e-02 2.9100e-01 2.8000e-01 2.9000e-02
CUB007 9.3900e-01 9.4000e-01 9.9500e-01 7.3300e-01 3.2200e-01 9.0500e-01
CUB008 1.0000e-03 3.0000e-03 2.0000e-03 1.0000e-03 1.3300e-01 1.0000e-03
CUB009 3.0000e-03 1.4000e-02 2.1000e-02 1.9000e-02 8.2500e-01 4.0000e-03
CUB010 3.6900e-01 5.5700e-01 4.4400e-01 9.7600e-01 3.5000e-02 4.5600e-01
CUB011 2.0000e-03 4.0000e-03 7.0000e-03 4.0000e-03 2.3200e-01 1.0000e-03
CUB012 7.0800e-01 7.8800e-01 7.2500e-01 9.3500e-01 3.3100e-01 7.9200e-01
CUB015 6.9000e-02 1.4300e-01 1.2500e-01 3.4400e-01 4.4400e-01 5.2000e-02
CUB017 4.5700e-01 4.8700e-01 6.0800e-01 2.3100e-01 1.6000e-02 3.7500e-01
CUB019 5.8000e-02 1.8000e-01 1.3900e-01 3.7200e-01 4.2300e-01 7.9000e-02
CUB026 1.2900e-01 3.1100e-01 2.4400e-01 5.7700e-01 1.0500e-01 1.6600e-01
CUB027 9.8000e-02 1.3400e-01 2.1900e-01 6.3000e-02 4.0000e-03 9.0000e-02
CUB028 6.7200e-01 6.8600e-01 7.7500e-01 3.8200e-01 4.8000e-02 5.9500e-01
CUB029 1.2000e-02 6.0000e-02 4.5000e-02 1.2000e-01 5.3300e-01 1.0000e-02
CUB032 2.9000e-02 8.6000e-02 7.1000e-02 1.9000e-01 6.4200e-01 2.9000e-02
CUB033 5.2500e-01 6.5500e-01 5.5500e-01 9.9100e-01 1.6100e-01 6.2100e-01
CUB036 7.8500e-01 7.7200e-01 8.7900e-01 5.0400e-01 1.1700e-01 6.8700e-01
CUB037 3.0000e-03 1.1000e-02 1.6000e-02 2.1000e-02 4.5300e-01 3.0000e-03
CUB038 9.0200e-01 8.8100e-01 9.4200e-01 6.9800e-01 3.6100e-01 8.4200e-01
CUB040 1.5000e-02 4.9000e-02 5.0000e-02 1.1800e-01 9.2500e-01 1.2000e-02
CUB042 2.0000e-03 1.6000e-02 1.3000e-02 3.4000e-02 8.9600e-01 1.0000e-03
CUB044 2.9100e-01 4.9700e-01 3.9300e-01 9.7600e-01 1.7000e-02 3.7500e-01
CUB048 2.4600e-01 3.8000e-01 3.1800e-01 7.4800e-01 1.8500e-01 2.8500e-01
CUB049 3.2200e-01 4.5400e-01 3.7000e-01 7.2000e-01 3.4300e-01 3.7000e-01
CUB050 9.2800e-01 9.0900e-01 9.9200e-01 5.9000e-01 1.0400e-01 8.6900e-01
CUB052 2.0000e-03 2.2000e-02 1.7000e-02 4.6000e-02 8.1900e-01 7.0000e-03
CUB053 3.6700e-01 5.3000e-01 4.2600e-01 9.5700e-01 9.2000e-02 4.6800e-01
CUB056 2.0000e-03 1.3000e-02 1.0000e-02 1.9000e-02 4.5700e-01 1.0000e-03
NAU101 3.5000e-01 4.9800e-01 4.4000e-01 8.7700e-01 1.7300e-01 4.2500e-01
NAU105 9.3000e-02 2.3300e-01 1.8100e-01 4.0000e-01 5.0200e-01 9.8000e-02
NAU106 4.5000e-02 1.5600e-01 1.3400e-01 3.1500e-01 2.6500e-01 5.1000e-02
NAU107 9.8700e-01 9.8800e-01 9.1200e-01 6.8800e-01 1.3600e-01 9.2900e-01
NAU108 7.2500e-01 7.2700e-01 8.4300e-01 3.5500e-01 2.5000e-02 6.1800e-01
NAU109 1.5600e-01 2.1500e-01 1.9000e-01 3.9500e-01 8.3100e-01 1.6700e-01
NAU110 5.9000e-02 1.4100e-01 1.1000e-01 2.8600e-01 5.9700e-01 5.7000e-02
NAU114 1.1800e-01 2.8600e-01 2.3900e-01 5.9000e-01 1.8000e-01 1.6900e-01
NAU117 3.9200e-01 4.4300e-01 5.4500e-01 1.6500e-01 1.0000e-02 3.1200e-01
NAU119 3.7000e-02 1.0900e-01 8.9000e-02 2.4700e-01 6.3100e-01 3.8000e-02
NAU121 8.0900e-01 7.9600e-01 8.8700e-01 5.4000e-01 1.2400e-01 7.1800e-01
NAU123 1.5000e-02 6.9000e-02 6.7000e-02 1.0500e-01 7.2600e-01 1.3000e-02
NAU124 8.3400e-01 8.8800e-01 8.0100e-01 9.0700e-01 3.6000e-01 8.9000e-01
NAU129 8.9300e-01 9.2500e-01 8.5100e-01 7.1000e-01 1.5700e-01 9.4800e-01
NAU130 3.9000e-02 1.0100e-01 8.5000e-02 2.3100e-01 7.3200e-01 4.5000e-02
NAU132 2.4000e-01 3.7500e-01 4.9600e-01 5.9000e-02 3.0000e-03 1.6300e-01
NAU133 4.2000e-02 1.0400e-01 8.3000e-02 1.9800e-01 6.7100e-01 4.3000e-02
NAU136 4.9000e-02 1.6400e-01 1.6000e-01 4.1300e-01 1.6000e-01 6.5000e-02
NAU137 7.6400e-01 8.2900e-01 7.3400e-01 7.9100e-01 1.0800e-01 8.5400e-01
NAU139 3.1000e-02 1.1300e-01 9.1000e-02 2.3800e-01 3.1900e-01 2.7000e-02
NAU144 3.0000e-03 1.7000e-02 1.8000e-02 1.8000e-02 7.7500e-01 1.0000e-03
NAU146 8.4500e-01 8.7500e-01 8.1400e-01 8.7800e-01 3.0600e-01 9.3000e-01
NAU147 5.3000e-01 6.8700e-01 5.8500e-01 8.3700e-01 3.4000e-02 6.2400e-01
NAU148 3.0000e-03 6.0000e-03 7.0000e-03 1.0000e-02 3.9700e-01 1.0000e-03
NAU149 3.4000e-02 7.0000e-02 7.8000e-02 1.8900e-01 8.3300e-01 2.7000e-02
NAU150 9.0000e-03 3.0000e-02 3.6000e-02 6.0000e-02 8.9000e-01 3.0000e-03
NAU153 1.2000e-02 3.4000e-02 4.7000e-02 9.0000e-02 9.7000e-01 7.0000e-03
NAU154 2.1500e-01 3.4600e-01 3.0900e-01 6.9600e-01 1.8400e-01 2.7700e-01
NAU155 1.0000e-03 2.0000e-03 8.0000e-03 1.0000e-03 1.0000e-03 1.0000e-03
NAU156 4.3600e-01 5.0200e-01 6.0000e-01 1.9900e-01 1.2000e-02 3.6700e-01
NAU157 6.0000e-03 5.3000e-02 4.1000e-02 8.4000e-02 6.2100e-01 8.0000e-03
NAU159 3.4300e-01 5.4700e-01 4.4600e-01 9.2700e-01 1.2000e-02 4.3000e-01
NAU160 2.4400e-01 4.1700e-01 3.2600e-01 7.5900e-01 1.2800e-01 2.8500e-01
NAU164 4.5400e-01 5.5400e-01 4.9700e-01 8.0700e-01 4.3100e-01 4.7100e-01
NCS203 2.2000e-02 9.0000e-02 9.5000e-02 2.0200e-01 6.0800e-01 3.3000e-02
NCS204 2.5600e-01 3.9200e-01 3.0800e-01 6.2600e-01 4.1900e-01 2.8000e-01
NCS212            9.7000e-01 9.1700e-01 4.6000e-01 2.1000e-02 8.7200e-01
NCS213 9.5948e-01            9.0700e-01 6.1500e-01 6.1000e-02 9.4200e-01
NCS214 9.0479e-01 8.8621e-01            5.5700e-01 6.0000e-02 8.1800e-01
NCS233 4.6389e-01 5.9035e-01 5.1434e-01            1.2400e-01 5.6100e-01
NCS237 2.3979e-02 7.4328e-02 7.2933e-02 1.2143e-01            1.8000e-02
NCS248 8.7382e-01 9.4133e-01 8.1147e-01 5.3979e-01 2.6595e-02           
NCS253 7.5609e-01 7.4699e-01 8.4383e-01 5.0225e-01 1.3786e-01 6.9336e-01
NCS255 3.3456e-01 3.9907e-01 5.3733e-01 1.1145e-01 3.3174e-03 2.5234e-01
NCS263 7.9180e-01 8.8281e-01 7.5247e-01 5.6006e-01 1.9463e-02 9.2362e-01
           NCS253     NCS255 NCS263
CUB000 4.1800e-01 6.7000e-02  0.449
CUB003 8.1200e-01 5.1000e-01  0.798
CUB004 1.7300e-01 2.0000e-03  0.017
CUB007 8.8700e-01 7.8300e-01  0.869
CUB008 1.2000e-02 1.0000e-03  0.001
CUB009 7.8000e-02 1.0000e-03  0.001
CUB010 4.4700e-01 4.3000e-02  0.473
CUB011 4.0000e-02 1.0000e-03  0.001
CUB012 6.0900e-01 3.5700e-01  0.843
CUB015 2.1000e-01 6.0000e-03  0.052
CUB017 8.3200e-01 9.4400e-01  0.328
CUB019 2.3000e-01 9.0000e-03  0.078
CUB026 3.3100e-01 1.1000e-02  0.120
CUB027 4.0700e-01 3.3800e-01  0.049
CUB028 9.5600e-01 8.6700e-01  0.537
CUB029 1.2200e-01 1.0000e-03  0.006
CUB032 1.5200e-01 2.0000e-03  0.015
CUB033 4.9300e-01 1.4800e-01  0.672
CUB036 9.8500e-01 8.2400e-01  0.670
CUB037 5.2000e-02 1.0000e-03  0.002
CUB038 9.7100e-01 8.4800e-01  0.828
CUB040 1.0200e-01 2.0000e-03  0.015
CUB042 5.3000e-02 1.0000e-03  0.003
CUB044 4.2100e-01 2.8000e-02  0.374
CUB048 3.4000e-01 3.0000e-02  0.290
CUB049 3.9100e-01 6.9000e-02  0.410
CUB050 8.6200e-01 5.8800e-01  0.819
CUB052 7.9000e-02 1.0000e-03  0.001
CUB053 4.2900e-01 5.0000e-02  0.489
CUB056 4.9000e-02 1.0000e-03  0.001
NAU101 4.1100e-01 6.4000e-02  0.481
NAU105 2.8900e-01 1.8000e-02  0.107
NAU106 2.2400e-01 5.0000e-03  0.042
NAU107 7.7600e-01 4.8600e-01  0.892
NAU108 9.7100e-01 7.6200e-01  0.553
NAU109 2.0200e-01 2.2000e-02  0.173
NAU110 1.7300e-01 7.0000e-03  0.067
NAU114 3.0800e-01 8.0000e-03  0.140
NAU117 8.0600e-01 8.7200e-01  0.251
NAU119 1.7800e-01 1.0000e-03  0.029
NAU121 9.5400e-01 7.7400e-01  0.701
NAU123 1.3200e-01 1.0000e-03  0.008
NAU124 6.8700e-01 4.9300e-01  0.930
NAU129 7.3300e-01 4.1500e-01  0.995
NAU130 1.5000e-01 5.0000e-03  0.042
NAU132 8.1300e-01 9.4000e-01  0.104
NAU133 1.5500e-01 4.0000e-03  0.032
NAU136 2.6600e-01 3.0000e-03  0.053
NAU137 6.4500e-01 2.7400e-01  0.895
NAU139 1.9900e-01 1.0000e-03  0.017
NAU144 5.6000e-02 1.0000e-03  0.001
NAU146 7.2600e-01 4.6600e-01  0.943
NAU147 5.9500e-01 9.8000e-02  0.649
NAU148 2.6000e-02 1.0000e-03  0.001
NAU149 1.2200e-01 3.0000e-03  0.024
NAU150 1.0200e-01 1.0000e-03  0.002
NAU153 8.7000e-02 2.0000e-03  0.004
NAU154 3.4000e-01 2.8000e-02  0.266
NAU155 3.5000e-02 2.0000e-03  0.001
NAU156 8.4200e-01 9.6700e-01  0.284
NAU157 1.2000e-01 1.0000e-03  0.003
NAU159 4.9000e-01 3.4000e-02  0.458
NAU160 3.8500e-01 3.0000e-02  0.302
NAU164 4.5100e-01 1.7400e-01  0.537
NCS203 2.0000e-01 2.0000e-03  0.028
NCS204 3.0900e-01 5.1000e-02  0.323
NCS212 7.5700e-01 3.2700e-01  0.805
NCS213 7.6500e-01 4.1800e-01  0.899
NCS214 8.5100e-01 5.7000e-01  0.783
NCS233 5.5100e-01 1.2500e-01  0.568
NCS237 1.4400e-01 4.0000e-03  0.014
NCS248 6.7800e-01 2.5200e-01  0.921
NCS253            8.4400e-01  0.688
NCS255 8.3070e-01             0.192
NCS263 6.5622e-01 1.9013e-01       
